#
# Linsky & Wood 1996 Alpha Centauri B
# Hubble Space Telescope HRS UV spectra
# Extracted from the HST Archive (MAST), dataset z2mp010dt
#
# lam - wavelength in Angstroms, range: ~1212.3 to 1218.8A
# flam - flux in relative F-lambda (erg/s/cm^2/A)
#
lam               flam
1.21232690E+03    -8.33057705E-03
1.21233008E+03    -2.11162347E-04
1.21233337E+03     9.16951057E-03
1.21233667E+03     2.30237888E-03
1.21233997E+03    -4.58336202E-03
1.21234326E+03    -5.21014817E-03
1.21234656E+03     1.04528887E-03
1.21234985E+03    -8.36042978E-04
1.21235315E+03    -3.33252293E-03
1.21235645E+03    -1.24853337E-03
1.21235974E+03     1.02808315E-03
1.21236304E+03    -4.37662145E-03
1.21236633E+03    -1.46301021E-03
1.21236951E+03    -2.70785671E-03
1.21237280E+03    -1.45716453E-03
1.21237610E+03    -3.33127216E-03
1.21237939E+03    -7.07290461E-03
1.21238269E+03    -2.70537823E-03
1.21238599E+03    -3.94838070E-03
1.21238928E+03    -8.40549532E-04
1.21239258E+03    -8.40430264E-04
1.21239587E+03     1.65542227E-03
1.21239917E+03    -5.19703981E-03
1.21240247E+03    -3.31786578E-03
1.21240564E+03    -2.70534400E-03
1.21240894E+03    -4.57099872E-03
1.21241223E+03    -2.70708906E-03
1.21241553E+03    -4.57083946E-03
1.21241882E+03    -2.70931283E-03
1.21242212E+03    -3.94816417E-03
1.21242542E+03    -3.32398200E-03
1.21242871E+03    -3.94570129E-03
1.21243201E+03    -2.08257511E-03
1.21243530E+03    -2.08476069E-03
1.21243848E+03    -2.70375470E-03
1.21244177E+03    -4.56750812E-03
1.21244507E+03    -2.17788824E-04
1.21244836E+03    -8.40028981E-04
1.21245166E+03    -5.18327486E-03
1.21245496E+03    -1.45728211E-03
1.21245825E+03    -5.18471235E-03
1.21246155E+03    -2.13265332E-04
1.21246484E+03    -3.93280713E-03
1.21246814E+03    -2.70675635E-03
1.21247131E+03    -2.07663979E-03
1.21247461E+03    -2.07629427E-03
1.21247791E+03     2.26276461E-03
1.21248120E+03    -6.41955389E-03
1.21248450E+03    -3.93450959E-03
1.21248779E+03    -8.31461046E-04
1.21249109E+03    -2.69965245E-03
1.21249438E+03    -1.45908445E-03
1.21249768E+03    -2.69301981E-03
1.21250098E+03    -2.68849358E-03
1.21250415E+03    -1.45667978E-03
1.21250745E+03     2.87908944E-03
1.21251074E+03    -8.31120124E-04
1.21251404E+03    -4.55405796E-03
1.21251733E+03    -3.92787578E-03
1.21252063E+03    -5.17597143E-03
1.21252393E+03     4.05988016E-04
1.21252722E+03    -2.68079597E-03
1.21253052E+03    -1.45019824E-03
1.21253369E+03    -2.07570661E-03
1.21253699E+03    -2.19360154E-04
1.21254028E+03    -2.06898572E-03
1.21254358E+03    -3.92456632E-03
1.21254688E+03    -4.54556616E-03
1.21255017E+03    -4.54873173E-03
1.21255347E+03    -2.69430084E-03
1.21255676E+03    -3.92917031E-03
1.21256006E+03    -2.19430905E-04
1.21256323E+03    -2.07776576E-03
1.21256653E+03     1.01339223E-03
1.21256982E+03    -2.18389032E-04
1.21257312E+03    -2.07212311E-03
1.21257642E+03    -2.26251388E-04
1.21257971E+03    -8.42721434E-04
1.21258301E+03     1.62089011E-03
1.21258630E+03    -3.93210491E-03
1.21258948E+03    -5.16005373E-03
1.21259277E+03    -2.07255478E-03
1.21259607E+03    -1.44955248E-03
1.21259937E+03    -2.68971361E-03
1.21260266E+03    -1.45065133E-03
1.21260596E+03    -2.68705492E-03
1.21260925E+03    -1.45770307E-03
1.21261255E+03    -6.38859114E-03
1.21261572E+03    -2.68602930E-03
1.21261902E+03    -3.91766243E-03
1.21262231E+03    -1.45469047E-03
1.21262561E+03     1.63102115E-03
1.21262891E+03    -3.91602097E-03
1.21263220E+03    -3.30162863E-03
1.21263550E+03    -5.76873729E-03
1.21263879E+03    -2.06987653E-03
1.21264197E+03     2.24053138E-03
1.21264526E+03    -6.38187537E-03
1.21264856E+03    -6.37676474E-03
1.21265186E+03    -1.45094364E-03
1.21265515E+03    -5.14207128E-03
1.21265845E+03     4.01504512E-04
1.21266174E+03    -2.06123013E-03
1.21266504E+03     4.05628351E-04
1.21266821E+03    -2.68346397E-03
1.21267151E+03    -5.75628132E-03
1.21267480E+03    -3.29123368E-03
1.21267810E+03     4.04807623E-04
1.21268140E+03    -3.90667608E-03
1.21268469E+03    -2.14615909E-04
1.21268799E+03     2.86040618E-03
1.21269116E+03    -2.06513680E-03
1.21269446E+03    -3.90699273E-03
1.21269775E+03    -6.97605219E-03
1.21270105E+03    -2.06419174E-03
1.21270435E+03    -2.06542574E-03
1.21270764E+03    -2.06148834E-03
1.21271094E+03    -2.08175567E-04
1.21271423E+03    -4.51885769E-03
1.21271741E+03    -3.90495337E-03
1.21272070E+03     1.63530814E-03
1.21272400E+03    -2.66626524E-03
1.21272729E+03    -3.89902107E-03
1.21273059E+03    -1.43956020E-03
1.21273389E+03    -2.04863306E-03
1.21273718E+03    -4.50900104E-03
1.21274036E+03    -3.89333256E-03
1.21274365E+03    -1.43392105E-03
1.21274695E+03    -4.50703409E-03
1.21275024E+03     2.86872080E-03
1.21275354E+03     4.02038917E-04
1.21275684E+03    -2.66379002E-03
1.21276013E+03    -3.89096444E-03
1.21276331E+03     4.00470424E-04
1.21276660E+03    -3.88878025E-03
1.21276990E+03    -1.42923789E-03
1.21277319E+03    -2.66112736E-03
1.21277649E+03    -3.88765358E-03
1.21277979E+03    -2.09150778E-04
1.21278308E+03    -3.27069382E-03
1.21278625E+03    -1.42743997E-03
1.21278955E+03    -2.65869172E-03
1.21279285E+03    -2.01100411E-04
1.21279614E+03    -2.66081491E-03
1.21279944E+03    -3.26703838E-03
1.21280273E+03    -3.26750078E-03
1.21280591E+03    -2.03441200E-03
1.21280920E+03    -2.03864672E-03
1.21281250E+03     2.23852368E-03
1.21281580E+03    -2.65719439E-03
1.21281909E+03    -2.04156735E-03
1.21282239E+03     2.23931530E-03
1.21282568E+03    -2.03971611E-03
1.21282886E+03    -2.03929143E-03
1.21283215E+03    -2.03985418E-03
1.21283545E+03     1.62681961E-03
1.21283875E+03    -2.03323015E-03
1.21284204E+03     4.12384368E-04
1.21284534E+03    -3.87589750E-03
1.21284851E+03    -2.02034120E-04
1.21285181E+03    -2.03370722E-03
1.21285510E+03    -3.26183345E-03
1.21285840E+03    -8.11579928E-04
1.21286169E+03     4.68949461E-03
1.21286499E+03    -5.09506464E-03
1.21286829E+03     1.03011576E-03
1.21287146E+03     1.01806363E-03
1.21287476E+03    -3.86455003E-03
1.21287805E+03     2.84811109E-03
1.21288135E+03     2.85501801E-03
1.21288464E+03    -1.42075191E-03
1.21288794E+03    -4.48886119E-03
1.21289111E+03    -2.04523699E-03
1.21289441E+03    -2.04376504E-03
1.21289771E+03    -2.09996258E-04
1.21290100E+03    -3.86670022E-03
1.21290430E+03    -1.42269267E-03
1.21290759E+03    -3.86802503E-03
1.21291077E+03    -2.05025019E-04
1.21291406E+03    -5.08435210E-03
1.21291736E+03     1.01341028E-03
1.21292065E+03    -3.86499777E-03
1.21292395E+03     1.01413683E-03
1.21292725E+03     4.01504425E-04
1.21293042E+03    -2.03800062E-03
1.21293372E+03     2.83744978E-03
1.21293701E+03    -5.08285128E-03
1.21294031E+03    -8.20205431E-04
1.21294360E+03    -5.08314231E-03
1.21294690E+03     3.99439188E-04
1.21295007E+03    -2.03473470E-03
1.21295337E+03    -1.42435043E-03
1.21295667E+03     2.23134062E-03
1.21295996E+03    -2.07688805E-04
1.21296326E+03     3.98151373E-04
1.21296643E+03    -3.86351161E-03
1.21296973E+03    -1.42663682E-03
1.21297302E+03     4.02070029E-04
1.21297632E+03    -1.42357301E-03
1.21297961E+03     1.00879127E-03
1.21298291E+03     1.00675493E-03
1.21298608E+03    -1.42804463E-03
1.21298938E+03    -1.42466999E-03
1.21299268E+03    -2.03228835E-03
1.21299597E+03    -5.68030914E-03
1.21299927E+03    -2.08710422E-04
1.21300256E+03    -2.03863368E-03
1.21300574E+03    -4.46552085E-03
1.21300903E+03    -1.42375915E-03
1.21301233E+03    -5.06881578E-03
1.21301562E+03     1.00485689E-03
1.21301892E+03     3.43670230E-03
1.21302209E+03    -3.24627175E-03
1.21302539E+03    -2.03234074E-03
1.21302869E+03    -1.41989533E-03
1.21303198E+03    -2.02667550E-03
1.21303528E+03    -2.63581611E-03
1.21303857E+03     1.61648192E-03
1.21304175E+03    -5.66936936E-03
1.21304504E+03     2.82475725E-03
1.21304834E+03    -3.84384673E-03
1.21305164E+03    -2.63202749E-03
1.21305493E+03    -2.01998255E-03
1.21305811E+03     1.01527420E-03
1.21306140E+03     2.82779499E-03
1.21306470E+03     1.00668904E-03
1.21306799E+03    -1.99876362E-04
1.21307129E+03    -3.23509565E-03
1.21307446E+03     1.62377500E-03
1.21307776E+03     1.62197766E-03
1.21308105E+03    -2.62781465E-03
1.21308435E+03    -3.84012377E-03
1.21308765E+03    -2.01835996E-03
1.21309094E+03     3.43636493E-03
1.21309412E+03    -5.04972693E-03
1.21309741E+03    -1.41428690E-03
1.21310071E+03    -8.09508550E-04
1.21310400E+03    -1.41108583E-03
1.21310730E+03     4.05046681E-04
1.21311047E+03    -2.62047211E-03
1.21311377E+03     4.12372465E-04
1.21311707E+03    -4.43414878E-03
1.21312036E+03     4.04525490E-04
1.21312366E+03    -1.41113868E-03
1.21312683E+03    -3.83438682E-03
1.21313013E+03    -3.22564202E-03
1.21313342E+03    -4.43102792E-03
1.21313672E+03    -4.42899950E-03
1.21314001E+03    -2.61480594E-03
1.21314319E+03     1.01705082E-03
1.21314648E+03    -1.97486850E-04
1.21314978E+03    -8.01192713E-04
1.21315308E+03    -2.61551677E-03
1.21315637E+03    -8.01089744E-04
1.21315955E+03    -2.04825876E-04
1.21316284E+03     4.08997788E-04
1.21316614E+03     4.03749465E-04
1.21316943E+03     5.84404822E-03
1.21317273E+03     1.01698074E-03
1.21317590E+03    -1.40277075E-03
1.21317920E+03    -1.99912669E-04
1.21318250E+03     2.20930320E-03
1.21318579E+03    -2.05599354E-04
1.21318909E+03    -2.01924937E-03
1.21319226E+03     4.07939660E-04
1.21319556E+03    -2.00849585E-03
1.21319885E+03    -4.41893609E-03
1.21320215E+03    -1.40220206E-03
1.21320532E+03    -2.00106832E-03
1.21320862E+03    -2.00718013E-03
1.21321191E+03     2.22595665E-03
1.21321521E+03    -8.01569666E-04
1.21321851E+03    -3.81960603E-03
1.21322168E+03    -1.40390382E-03
1.21322498E+03    -2.60886247E-03
1.21322827E+03     3.97878001E-04
1.21323157E+03    -3.21597932E-03
1.21323486E+03    -1.94841195E-04
1.21323804E+03     1.61063182E-03
1.21324133E+03    -7.99401547E-04
1.21324463E+03     4.62898239E-03
1.21324792E+03    -2.60496140E-03
1.21325122E+03    -7.99637812E-04
1.21325439E+03     3.42240930E-03
1.21325769E+03    -5.01222955E-03
1.21326099E+03    -1.40301697E-03
1.21326428E+03    -2.60406150E-03
1.21326746E+03     3.40801757E-03
1.21327075E+03     1.61083404E-03
1.21327405E+03    -3.80297261E-03
1.21327734E+03     1.61470682E-03
1.21328064E+03    -3.80593492E-03
1.21328381E+03    -7.98350316E-04
1.21328711E+03    -2.00760760E-03
1.21329041E+03    -2.60749436E-03
1.21329370E+03     4.60017426E-03
1.21329688E+03     1.00198330E-03
1.21330017E+03    -2.60594627E-03
1.21330347E+03     3.38787236E-03
1.21330676E+03    -3.21349548E-03
1.21331006E+03    -2.06512239E-04
1.21331323E+03     9.91395325E-04
1.21331653E+03    -2.08384707E-04
1.21331982E+03     2.20184564E-03
1.21332312E+03    -1.40767032E-03
1.21332629E+03    -4.40348452E-03
1.21332959E+03     4.59961453E-03
1.21333289E+03    -2.00278033E-03
1.21333618E+03    -2.00851425E-03
1.21333948E+03     2.19253334E-03
1.21334265E+03     3.97000666E-04
1.21334595E+03     3.99610261E-03
1.21334924E+03     1.59722497E-03
1.21335254E+03    -3.20284907E-03
1.21335571E+03     9.95098148E-04
1.21335901E+03     3.39554739E-03
1.21336230E+03     4.58201813E-03
1.21336560E+03     3.38282366E-03
1.21336877E+03     1.58602081E-03
1.21337207E+03    -3.20072705E-03
1.21337537E+03    -2.60000769E-03
1.21337866E+03    -2.06648168E-04
1.21338196E+03     5.18361945E-03
1.21338513E+03    -2.05524761E-04
1.21338843E+03    -1.99919776E-03
1.21339172E+03     3.92477465E-04
1.21339502E+03     9.90361907E-04
1.21339819E+03     2.18965998E-03
1.21340149E+03    -2.00037699E-04
1.21340479E+03     2.79437029E-03
1.21340808E+03    -2.00382038E-03
1.21341125E+03    -8.01510352E-04
1.21341455E+03     6.97776256E-03
1.21341785E+03     2.19603698E-03
1.21342114E+03    -1.99982221E-03
1.21342432E+03     1.58025359E-03
1.21342761E+03     1.58128527E-03
1.21343091E+03     9.91340028E-04
1.21343420E+03     9.88960965E-04
1.21343738E+03    -3.19625577E-03
1.21344067E+03     8.74521118E-03
1.21344397E+03    -2.05570046E-04
1.21344727E+03     2.18207017E-03
1.21345044E+03    -7.96376669E-04
1.21345374E+03    -1.41143659E-03
1.21345703E+03    -2.04974072E-04
1.21346033E+03     3.92809743E-04
1.21346362E+03     3.38222645E-03
1.21346680E+03    -1.39530911E-03
1.21347009E+03     5.15850028E-03
1.21347339E+03     9.83475009E-04
1.21347668E+03     2.17293669E-03
1.21347986E+03     3.81237827E-04
1.21348315E+03     2.17895722E-03
1.21348645E+03     2.17402587E-03
1.21348975E+03     9.74844676E-04
1.21349292E+03    -1.99849857E-03
1.21349622E+03     3.90914443E-04
1.21349951E+03     2.17734184E-03
1.21350281E+03     3.36021255E-03
1.21350598E+03    -8.12819868E-04
1.21350928E+03     2.16303160E-03
1.21351257E+03     2.16696830E-03
1.21351587E+03    -8.14696483E-04
1.21351904E+03    -7.99384725E-04
1.21352234E+03     2.77255941E-03
1.21352563E+03     2.77217827E-03
1.21352893E+03     3.91313224E-04
1.21353210E+03    -1.39083248E-03
1.21353540E+03     2.77860928E-03
1.21353870E+03     9.95403738E-04
1.21354187E+03    -1.39485288E-03
1.21354517E+03     4.56048222E-03
1.21354846E+03     3.38051585E-03
1.21355176E+03     1.59172004E-03
1.21355493E+03     1.05113005E-02
1.21355823E+03    -7.88946811E-04
1.21356152E+03    -7.96159438E-04
1.21356482E+03     3.35535780E-03
1.21356799E+03    -2.56824214E-03
1.21357129E+03     1.58328575E-03
1.21357458E+03    -7.87043246E-04
1.21357788E+03     1.58254651E-03
1.21358105E+03     2.17944919E-03
1.21358435E+03    -7.91046128E-04
1.21358765E+03     3.91701731E-04
1.21359094E+03     1.59352121E-03
1.21359412E+03    -1.93856875E-04
1.21359741E+03     3.95664154E-03
1.21360071E+03    -1.97761998E-04
1.21360400E+03     9.97305731E-04
1.21360718E+03     2.18302407E-03
1.21361047E+03     4.56008222E-03
1.21361377E+03     5.14882803E-03
1.21361694E+03    -7.92801497E-04
1.21362024E+03    -1.38763280E-03
1.21362354E+03    -1.98018271E-03
1.21362683E+03     4.04063496E-04
1.21363000E+03     2.75928411E-03
1.21363330E+03    -1.95882353E-03
1.21363660E+03    -2.57056626E-03
1.21363989E+03     2.17779726E-03
1.21364307E+03     4.56809020E-03
1.21364636E+03     4.04874707E-04
1.21364966E+03    -1.85755038E-04
1.21365283E+03    -1.92142019E-04
1.21365613E+03    -1.87998376E-04
1.21365942E+03    -7.85285956E-04
1.21366272E+03     1.00221019E-03
1.21366589E+03     1.59779750E-03
1.21366919E+03    -1.36646547E-03
1.21367249E+03     2.78872321E-03
1.21367578E+03    -7.66520156E-04
1.21367896E+03     3.97446193E-03
1.21368225E+03     1.01474300E-03
1.21368555E+03     5.16812364E-03
1.21368872E+03    -1.96129363E-03
1.21369202E+03    -2.54451693E-03
1.21369531E+03    -2.54560844E-03
1.21369861E+03     3.97390453E-03
1.21370178E+03    -1.74037559E-04
1.21370508E+03     1.01148465E-03
1.21370837E+03     1.01951347E-03
1.21371155E+03    -1.36066950E-03
1.21371484E+03     1.60755205E-03
1.21371814E+03     4.24335041E-04
1.21372144E+03     2.79168435E-03
1.21372461E+03     1.59969716E-03
1.21372791E+03    -1.95060496E-03
1.21373120E+03     8.12749285E-03
1.21373450E+03     2.78872205E-03
1.21373767E+03     3.37179098E-03
1.21374097E+03    -1.35579566E-03
1.21374426E+03     1.60806498E-03
1.21374744E+03     3.41629703E-03
1.21375073E+03    -2.51669111E-03
1.21375403E+03     4.59439401E-03
1.21375732E+03    -1.94536010E-03
1.21376050E+03     8.16838723E-03
1.21376379E+03     3.40653840E-03
1.21376709E+03     6.38543768E-03
1.21377026E+03     3.42528522E-03
1.21377356E+03     2.21923506E-03
1.21377686E+03     5.18549141E-03
1.21378003E+03    -3.11018270E-03
1.21378333E+03     1.03508192E-03
1.21378662E+03     2.80400459E-03
1.21378992E+03     2.79192324E-03
1.21379309E+03    -7.47800979E-04
1.21379639E+03     2.20655929E-03
1.21379968E+03     1.59788609E-03
1.21380286E+03     5.73216798E-03
1.21380615E+03     1.03292614E-03
1.21380945E+03    -4.30030422E-03
1.21381274E+03     4.57418757E-03
1.21381592E+03     4.00645053E-03
1.21381921E+03     2.80486722E-03
1.21382251E+03     5.75854070E-03
1.21382568E+03     4.41074691E-04
1.21382898E+03     2.19779625E-03
1.21383228E+03    -7.50577194E-04
1.21383545E+03     4.00800584E-03
1.21383875E+03     3.40236281E-03
1.21384204E+03     3.96422623E-03
1.21384534E+03     2.20596953E-03
1.21384851E+03     3.98395956E-03
1.21385181E+03    -1.92392315E-03
1.21385510E+03     5.20509761E-03
1.21385828E+03    -1.36428466E-03
1.21386157E+03     7.47586554E-03
1.21386487E+03    -1.45526385E-04
1.21386804E+03     1.01834990E-03
1.21387134E+03     1.03230251E-03
1.21387463E+03     4.43270052E-04
1.21387793E+03     4.34521207E-04
1.21388110E+03     2.79182242E-03
1.21388440E+03     4.56898427E-03
1.21388770E+03     6.33546710E-03
1.21389087E+03     7.53857661E-03
1.21389417E+03     5.78756351E-03
1.21389746E+03     2.80704768E-03
1.21390063E+03     1.62415416E-03
1.21390393E+03     6.37147808E-03
1.21390723E+03     1.01226289E-03
1.21391040E+03     2.79037165E-03
1.21391370E+03     1.62100862E-03
1.21391699E+03    -1.35847472E-03
1.21392029E+03     9.92718153E-04
1.21392346E+03     4.56924597E-03
1.21392676E+03     5.15529606E-03
1.21393005E+03     6.92605553E-03
1.21393323E+03     1.63784844E-03
1.21393652E+03     4.57465835E-03
1.21393982E+03     1.60226447E-03
1.21394299E+03     6.92477683E-03
1.21394629E+03     2.19633477E-03
1.21394958E+03    -1.24333354E-04
1.21395276E+03     5.70737058E-03
1.21395605E+03     9.85208061E-03
1.21395935E+03     4.56410507E-03
1.21396252E+03    -7.59318820E-04
1.21396582E+03     3.38713592E-03
1.21396912E+03     1.04543869E-03
1.21397241E+03     2.78620841E-03
1.21397559E+03     6.26808545E-03
1.21397888E+03     1.57432130E-03
1.21398218E+03     3.92004289E-03
1.21398535E+03     1.03595983E-02
1.21398865E+03     4.50157560E-03
1.21399194E+03     4.50418144E-03
1.21399512E+03     2.15315912E-03
1.21399841E+03     3.32569401E-03
1.21400171E+03     9.81328427E-04
1.21400488E+03     3.89844575E-03
1.21400818E+03     3.99474491E-04
1.21401147E+03     9.82452533E-04
1.21401465E+03     1.15194330E-02
1.21401794E+03     5.66474581E-03
1.21402124E+03     6.25351258E-03
1.21402441E+03     9.17217229E-03
1.21402771E+03     3.90266534E-03
1.21403101E+03     2.14773091E-03
1.21403418E+03     6.83027599E-03
1.21403748E+03     3.97890457E-04
1.21404077E+03     4.48385673E-03
1.21404395E+03     9.74887609E-03
1.21404724E+03     2.15442106E-03
1.21405054E+03     7.98989180E-03
1.21405371E+03     7.40023144E-03
1.21405701E+03     6.82610041E-03
1.21406030E+03     3.89082520E-03
1.21406348E+03     8.56927969E-03
1.21406677E+03     6.23671897E-03
1.21407007E+03    -1.35337410E-03
1.21407324E+03     1.20633114E-02
1.21407654E+03     4.47423477E-03
1.21407983E+03     2.74146628E-03
1.21408301E+03     3.89755843E-03
1.21408630E+03     5.05438168E-03
1.21408960E+03     5.64139010E-03
1.21409277E+03     6.81810407E-03
1.21409607E+03     2.73469742E-03
1.21409937E+03     1.57142151E-03
1.21410254E+03     5.06734056E-03
1.21410583E+03     3.31520988E-03
1.21410913E+03     3.89236165E-03
1.21411230E+03     7.97838252E-03
1.21411560E+03     7.98999518E-03
1.21411890E+03     9.79840755E-04
1.21412207E+03     2.14367686E-03
1.21412537E+03     9.72900447E-03
1.21412866E+03     3.31664737E-03
1.21413184E+03     8.55337922E-03
1.21413513E+03     5.06053818E-03
1.21413843E+03     6.80316705E-03
1.21414160E+03     7.38592166E-03
1.21414490E+03     4.47312882E-03
1.21414819E+03     2.13965331E-03
1.21415137E+03     8.54722969E-03
1.21415466E+03     6.79548131E-03
1.21415796E+03     1.26190512E-02
1.21416113E+03     7.38195004E-03
1.21416443E+03     7.95527361E-03
1.21416772E+03     5.03790891E-03
1.21417090E+03     7.95840751E-03
1.21417419E+03     3.88024049E-03
1.21417749E+03     7.35685835E-03
1.21418066E+03     4.45498945E-03
1.21418396E+03     8.51927046E-03
1.21418726E+03     3.87340318E-03
1.21419043E+03     7.93815684E-03
1.21419373E+03     5.60345268E-03
1.21419690E+03     4.45619738E-03
1.21420020E+03     3.87411984E-03
1.21420349E+03     1.54664449E-03
1.21420667E+03     9.68083832E-03
1.21420996E+03     2.13033217E-03
1.21421326E+03     8.51387437E-03
1.21421643E+03     7.93003011E-03
1.21421973E+03     1.02459835E-02
1.21422302E+03     3.28259496E-03
1.21422620E+03     1.02422656E-02
1.21422949E+03     1.08301491E-02
1.21423279E+03     7.92391505E-03
1.21423596E+03     3.85664846E-03
1.21423926E+03     7.91246817E-03
1.21424255E+03     6.76414184E-03
1.21424573E+03     1.02348607E-02
1.21424902E+03     8.48759897E-03
1.21425220E+03     7.32408790E-03
1.21425549E+03     6.74842671E-03
1.21425879E+03     1.31253628E-02
1.21426196E+03     2.11936329E-03
1.21426526E+03     5.59410313E-03
1.21426855E+03     5.01894811E-03
1.21427173E+03     6.17279252E-03
1.21427502E+03    -1.97041561E-04
1.21427832E+03     1.19747985E-02
1.21428149E+03     7.33961724E-03
1.21428479E+03     9.65332519E-03
1.21428796E+03     9.65967122E-03
1.21429126E+03     1.54447928E-02
1.21429456E+03     1.65926237E-02
1.21429773E+03     7.33074127E-03
1.21430103E+03     6.76283659E-03
1.21430432E+03     1.25479875E-02
1.21430750E+03     1.25338752E-02
1.21431079E+03     9.06144734E-03
1.21431409E+03     1.54221542E-02
1.21431726E+03     6.16231374E-03
1.21432056E+03     5.01198974E-03
1.21432373E+03     2.70137354E-03
1.21432703E+03     2.70437310E-03
1.21433032E+03     1.02143316E-02
1.21433350E+03     3.27254785E-03
1.21433679E+03     6.73951115E-03
1.21434009E+03     8.48434959E-03
1.21434326E+03     4.43078391E-03
1.21434656E+03     9.62986890E-03
1.21434973E+03     9.63257067E-03
1.21435303E+03     1.19232098E-02
1.21435632E+03     1.36547815E-02
1.21435950E+03     8.47073272E-03
1.21436279E+03     7.89423473E-03
1.21436609E+03     1.13453204E-02
1.21436926E+03     6.72987616E-03
1.21437256E+03     9.61478334E-03
1.21437573E+03     1.07643241E-02
1.21437903E+03     1.36460261E-02
1.21438232E+03     7.29879690E-03
1.21438550E+03     1.48133775E-02
1.21438879E+03     1.71111673E-02
1.21439209E+03     1.42148854E-02
1.21439526E+03     9.02996864E-03
1.21439856E+03     1.24811046E-02
1.21440173E+03     8.45423993E-03
1.21440503E+03     1.53761134E-02
1.21440833E+03     1.30662313E-02
1.21441150E+03     9.60874185E-03
1.21441479E+03     1.19042723E-02
1.21441809E+03     8.45904928E-03
1.21442126E+03     1.36443302E-02
1.21442456E+03     1.76710151E-02
1.21442773E+03     1.19094038E-02
1.21443103E+03     8.44957959E-03
1.21443433E+03     1.65165868E-02
1.21443750E+03     1.47766015E-02
1.21444080E+03     1.65040214E-02
1.21444409E+03     1.70889050E-02
1.21444727E+03     1.24810319E-02
1.21445056E+03     1.88023541E-02
1.21445374E+03     1.70696471E-02
1.21445703E+03     1.13175195E-02
1.21446033E+03     1.30522288E-02
1.21446350E+03     1.93741079E-02
1.21446680E+03     1.93629880E-02
1.21446997E+03     9.01411846E-03
1.21447327E+03     7.28584221E-03
1.21447656E+03     1.30476709E-02
1.21447974E+03     1.82230491E-02
1.21448303E+03     1.47612449E-02
1.21448621E+03     2.10776962E-02
1.21448950E+03     2.10741926E-02
1.21449280E+03     1.93470921E-02
1.21449597E+03     1.81889255E-02
1.21449927E+03     1.24363080E-02
1.21450256E+03     1.35968281E-02
1.21450574E+03     1.58865824E-02
1.21450903E+03     1.93198789E-02
1.21451221E+03     1.41504165E-02
1.21451550E+03     1.81715023E-02
1.21451880E+03     1.64473131E-02
1.21452197E+03     2.33238228E-02
1.21452527E+03     7.26605207E-03
1.21452844E+03     1.93013474E-02
1.21453174E+03     1.58592910E-02
1.21453503E+03     1.01358443E-02
1.21453821E+03     1.81683041E-02
1.21454150E+03     1.35741364E-02
1.21454468E+03     2.27484237E-02
1.21454797E+03     2.55970750E-02
1.21455127E+03     1.52783915E-02
1.21455444E+03     2.15742979E-02
1.21455774E+03     2.21484490E-02
1.21456091E+03     2.61564776E-02
1.21456421E+03     2.32891794E-02
1.21456750E+03     1.46958828E-02
1.21457068E+03     2.44274456E-02
1.21457397E+03     1.29890097E-02
1.21457715E+03     1.75530259E-02
1.21458044E+03     1.81224532E-02
1.21458374E+03     3.01297922E-02
1.21458691E+03     2.09686402E-02
1.21459021E+03     3.06845158E-02
1.21459338E+03     1.98342465E-02
1.21459668E+03     2.26824805E-02
1.21459998E+03     2.15253234E-02
1.21460315E+03     3.01057026E-02
1.21460645E+03     2.03935318E-02
1.21460962E+03     1.69641487E-02
1.21461292E+03     2.66598742E-02
1.21461609E+03     2.15235483E-02
1.21461938E+03     2.32248660E-02
1.21462268E+03     2.49391142E-02
1.21462585E+03     1.75153557E-02
1.21462915E+03     2.66476404E-02
1.21463232E+03     2.55149715E-02
1.21463562E+03     2.60797404E-02
1.21463892E+03     3.91862057E-02
1.21464209E+03     1.86361782E-02
1.21464539E+03     2.37651709E-02
1.21464856E+03     2.60457844E-02
1.21465186E+03     3.34750116E-02
1.21465515E+03     2.03491598E-02
1.21465833E+03     2.88767498E-02
1.21466162E+03     3.34434211E-02
1.21466479E+03     2.60401350E-02
1.21466809E+03     3.28632370E-02
1.21467126E+03     2.43099220E-02
1.21467456E+03     2.83084009E-02
1.21467786E+03     3.34288366E-02
1.21468103E+03     3.45387645E-02
1.21468433E+03     3.11318282E-02
1.21468750E+03     2.48598848E-02
1.21469080E+03     3.62716913E-02
1.21469409E+03     2.82862261E-02
1.21469727E+03     3.16750892E-02
1.21470056E+03     2.82560699E-02
1.21470374E+03     3.05237807E-02
1.21470703E+03     2.54133791E-02
1.21471021E+03     3.16755809E-02
1.21471350E+03     3.73557769E-02
1.21471680E+03     3.44846956E-02
1.21471997E+03     2.82215718E-02
1.21472327E+03     3.38997431E-02
1.21472644E+03     3.10560018E-02
1.21472974E+03     2.70787962E-02
1.21473291E+03     2.93402318E-02
1.21473621E+03     3.67377959E-02
1.21473950E+03     4.24027853E-02
1.21474268E+03     4.01296504E-02
1.21474597E+03     3.61565426E-02
1.21474915E+03     2.87590660E-02
1.21475244E+03     3.50030549E-02
1.21475562E+03     4.23711799E-02
1.21475891E+03     3.55539881E-02
1.21476221E+03     3.78067270E-02
1.21476538E+03     4.74516340E-02
1.21476868E+03     4.23506983E-02
1.21477185E+03     3.95000391E-02
1.21477515E+03     3.72076109E-02
1.21477832E+03     3.26653421E-02
1.21478162E+03     4.40052301E-02
1.21478491E+03     3.77603695E-02
1.21478809E+03     3.32143046E-02
1.21479138E+03     5.13371490E-02
1.21479456E+03     4.39680964E-02
1.21479785E+03     4.51106988E-02
1.21480103E+03     2.97968034E-02
1.21480432E+03     3.26422043E-02
1.21480762E+03     4.11326028E-02
1.21481079E+03     4.79365215E-02
1.21481409E+03     4.16882969E-02
1.21481726E+03     5.52832931E-02
1.21482056E+03     4.73399907E-02
1.21482373E+03     4.56614420E-02
1.21482703E+03     4.33901213E-02
1.21483020E+03     5.86790927E-02
1.21483350E+03     5.35290502E-02
1.21483679E+03     6.08792976E-02
1.21483997E+03     5.23817167E-02
1.21484326E+03     5.18108346E-02
1.21484644E+03     5.51692694E-02
1.21484973E+03     4.44241278E-02
1.21485291E+03     4.83681969E-02
1.21485620E+03     5.85324541E-02
1.21485938E+03     5.62601537E-02
1.21486267E+03     5.96432164E-02
1.21486597E+03     5.68361543E-02
1.21486914E+03     5.73899783E-02
1.21487244E+03     5.62650971E-02
1.21487561E+03     5.45610376E-02
1.21487891E+03     5.39658181E-02
1.21488208E+03     6.46834671E-02
1.21488538E+03     6.30232394E-02
1.21488855E+03     6.92159757E-02
1.21489185E+03     7.59646222E-02
1.21489514E+03     5.79052828E-02
1.21489832E+03     7.36900419E-02
1.21490161E+03     4.99864221E-02
1.21490479E+03     7.30782449E-02
1.21490808E+03     7.81491548E-02
1.21491125E+03     6.57167137E-02
1.21491455E+03     7.81043246E-02
1.21491772E+03     6.57051802E-02
1.21492102E+03     8.31484273E-02
1.21492432E+03     7.81053901E-02
1.21492749E+03     8.82436708E-02
1.21493079E+03     7.18820021E-02
1.21493396E+03     8.03113952E-02
1.21493726E+03     8.02682117E-02
1.21494043E+03     7.68830851E-02
1.21494373E+03     9.49142501E-02
1.21494690E+03     8.08274671E-02
1.21495020E+03     9.37415436E-02
1.21495337E+03     9.76686254E-02
1.21495667E+03     1.05560660E-01
1.21495984E+03     9.08892974E-02
1.21496313E+03     1.08306564E-01
1.21496643E+03     1.03216588E-01
1.21496960E+03     1.09905392E-01
1.21497290E+03     1.09313570E-01
1.21497607E+03     9.97409374E-02
1.21497937E+03     1.16018541E-01
1.21498254E+03     1.18898146E-01
1.21498584E+03     1.08212069E-01
1.21498901E+03     1.12117186E-01
1.21499231E+03     1.11013316E-01
1.21499548E+03     1.13165699E-01
1.21499878E+03     1.02465257E-01
1.21500208E+03     1.18197434E-01
1.21500525E+03     1.33362502E-01
1.21500854E+03     1.37231573E-01
1.21501172E+03     1.27669752E-01
1.21501501E+03     1.19858973E-01
1.21501819E+03     1.34419948E-01
1.21502148E+03     1.42782390E-01
1.21502466E+03     1.37694225E-01
1.21502795E+03     1.40401423E-01
1.21503113E+03     1.29737318E-01
1.21503442E+03     1.42626196E-01
1.21503760E+03     1.43683001E-01
1.21504089E+03     1.52742788E-01
1.21504407E+03     1.58842951E-01
1.21504736E+03     1.52150080E-01
1.21505054E+03     1.82336956E-01
1.21505383E+03     1.68818206E-01
1.21505713E+03     1.65989220E-01
1.21506030E+03     2.01173991E-01
1.21506360E+03     1.83785349E-01
1.21506677E+03     1.70874551E-01
1.21507007E+03     1.62465721E-01
1.21507324E+03     2.00480103E-01
1.21507654E+03     1.71908557E-01
1.21507971E+03     1.92010015E-01
1.21508301E+03     1.94188699E-01
1.21508618E+03     2.05827430E-01
1.21508948E+03     1.99652210E-01
1.21509265E+03     1.95147872E-01
1.21509595E+03     2.13553861E-01
1.21509912E+03     2.11869001E-01
1.21510242E+03     1.96193114E-01
1.21510559E+03     1.98404506E-01
1.21510889E+03     2.13425368E-01
1.21511206E+03     2.35183746E-01
1.21511536E+03     2.30680630E-01
1.21511865E+03     2.27800831E-01
1.21512183E+03     2.50074744E-01
1.21512512E+03     2.36669481E-01
1.21512830E+03     2.65042931E-01
1.21513159E+03     2.43271083E-01
1.21513477E+03     2.94525445E-01
1.21513806E+03     2.69935369E-01
1.21514124E+03     2.82189280E-01
1.21514453E+03     2.99822658E-01
1.21514771E+03     2.96472639E-01
1.21515100E+03     3.35992724E-01
1.21515417E+03     3.03066462E-01
1.21515747E+03     2.98070043E-01
1.21516064E+03     3.31962705E-01
1.21516394E+03     3.05634260E-01
1.21516711E+03     3.65353703E-01
1.21517041E+03     3.47747833E-01
1.21517358E+03     3.38512808E-01
1.21517688E+03     3.68827760E-01
1.21518005E+03     3.75543505E-01
1.21518335E+03     3.51217717E-01
1.21518652E+03     3.52608711E-01
1.21518982E+03     3.82385254E-01
1.21519299E+03     3.96300614E-01
1.21519629E+03     4.19112831E-01
1.21519946E+03     3.97375554E-01
1.21520276E+03     4.14673597E-01
1.21520593E+03     4.21916366E-01
1.21520923E+03     4.22759771E-01
1.21521240E+03     4.35783774E-01
1.21521570E+03     4.44058090E-01
1.21521887E+03     4.69959974E-01
1.21522217E+03     4.50210989E-01
1.21522534E+03     4.49864358E-01
1.21522864E+03     4.86640602E-01
1.21523181E+03     4.71385926E-01
1.21523511E+03     4.79852319E-01
1.21523828E+03     4.55956906E-01
1.21524158E+03     4.74618077E-01
1.21524475E+03     4.61906880E-01
1.21524805E+03     4.40622479E-01
1.21525122E+03     4.50146258E-01
1.21525452E+03     4.21899796E-01
1.21525769E+03     4.29839730E-01
1.21526099E+03     4.22199696E-01
1.21526416E+03     4.15290773E-01
1.21526746E+03     3.56492251E-01
1.21527063E+03     3.56718093E-01
1.21527393E+03     3.58546346E-01
1.21527710E+03     3.38111103E-01
1.21528040E+03     3.39414060E-01
1.21528357E+03     3.54990989E-01
1.21528687E+03     3.64392966E-01
1.21529004E+03     4.02890235E-01
1.21529333E+03     4.24731582E-01
1.21529651E+03     4.67374086E-01
1.21529980E+03     4.84419584E-01
1.21530298E+03     5.19642115E-01
1.21530627E+03     5.56996405E-01
1.21530945E+03     6.28860712E-01
1.21531274E+03     6.55264795E-01
1.21531592E+03     6.79842591E-01
1.21531921E+03     7.29054034E-01
1.21532239E+03     7.41586030E-01
1.21532568E+03     8.00603211E-01
1.21532886E+03     7.97117591E-01
1.21533215E+03     7.89211452E-01
1.21533533E+03     8.61617267E-01
1.21533862E+03     8.81163120E-01
1.21534180E+03     8.47413480E-01
1.21534509E+03     9.26410139E-01
1.21534827E+03     9.19105351E-01
1.21535156E+03     9.11382258E-01
1.21535474E+03     9.35101807E-01
1.21535803E+03     9.16581213E-01
1.21536121E+03     8.84262621E-01
1.21536450E+03     8.90364885E-01
1.21536768E+03     9.59093451E-01
1.21537097E+03     9.66205299E-01
1.21537415E+03     9.17483270E-01
1.21537744E+03     9.01585162E-01
1.21538062E+03     9.34688389E-01
1.21538391E+03     9.28794980E-01
1.21538708E+03     9.30095494E-01
1.21539038E+03     8.75021040E-01
1.21539355E+03     9.09433901E-01
1.21539685E+03     8.94428968E-01
1.21540002E+03     8.57960761E-01
1.21540332E+03     8.27107012E-01
1.21540649E+03     8.40210795E-01
1.21540967E+03     8.05360079E-01
1.21541296E+03     7.96290278E-01
1.21541614E+03     7.28291035E-01
1.21541943E+03     7.13645697E-01
1.21542261E+03     6.79359615E-01
1.21542590E+03     6.53298378E-01
1.21542908E+03     6.40817583E-01
1.21543237E+03     5.92001855E-01
1.21543555E+03     5.39243996E-01
1.21543884E+03     5.06862164E-01
1.21544202E+03     4.70422983E-01
1.21544531E+03     3.94364536E-01
1.21544849E+03     3.32232475E-01
1.21545178E+03     3.32358867E-01
1.21545496E+03     2.45336622E-01
1.21545825E+03     2.07420394E-01
1.21546143E+03     1.69905111E-01
1.21546472E+03     1.34740964E-01
1.21546790E+03     9.19512063E-02
1.21547107E+03     5.46213947E-02
1.21547437E+03     4.25478034E-02
1.21547754E+03     3.59589122E-02
1.21548083E+03     2.99130846E-02
1.21548401E+03     3.26648727E-02
1.21548730E+03     2.38483045E-02
1.21549048E+03     2.16640458E-02
1.21549377E+03     2.06066426E-02
1.21549695E+03     1.73069406E-02
1.21550024E+03     1.78318340E-02
1.21550342E+03     1.28998384E-02
1.21550671E+03     1.45546766E-02
1.21550989E+03     1.78403314E-02
1.21551318E+03     1.73058733E-02
1.21551636E+03     2.00631972E-02
1.21551965E+03     2.11337246E-02
1.21552283E+03     2.16737352E-02
1.21552600E+03     1.39936749E-02
1.21552930E+03     1.61865018E-02
1.21553247E+03     1.50833279E-02
1.21553577E+03     1.12401471E-02
1.21553894E+03     1.23564461E-02
1.21554224E+03     1.23540768E-02
1.21554541E+03     1.89129841E-02
1.21554871E+03     1.67186689E-02
1.21555188E+03     1.08769285E-02
1.21555518E+03     1.30679216E-02
1.21555835E+03     1.06847547E-02
1.21556152E+03     1.37913432E-02
1.21556482E+03     1.30493054E-02
1.21556799E+03     1.14154266E-02
1.21557129E+03     1.12531874E-02
1.21557446E+03     1.74658056E-02
1.21557776E+03     1.23533513E-02
1.21558093E+03     1.58183966E-02
1.21558423E+03     1.52683835E-02
1.21558740E+03     1.12466216E-02
1.21559070E+03     1.41594931E-02
1.21559387E+03     1.72666367E-02
1.21559717E+03     1.98421720E-02
1.21560034E+03     7.05233449E-03
1.21560352E+03     1.12547297E-02
1.21560681E+03     9.06467345E-03
1.21560999E+03     1.41897397E-02
1.21561328E+03     1.61907561E-02
1.21561646E+03     1.53014315E-02
1.21561975E+03     1.23607563E-02
1.21562292E+03     1.49104474E-02
1.21562622E+03     2.11278312E-02
1.21562939E+03     1.12674199E-02
1.21563257E+03     1.41842561E-02
1.21563586E+03     1.27135050E-02
1.21563904E+03     9.43636335E-03
1.21564233E+03     1.92908794E-02
1.21564551E+03     1.29061257E-02
1.21564880E+03     1.36168050E-02
1.21565198E+03     1.14293490E-02
1.21565527E+03     9.59426444E-03
1.21565845E+03     1.21481540E-02
1.21566162E+03     1.17961746E-02
1.21566492E+03     1.34375514E-02
1.21566809E+03     9.22659878E-03
1.21567139E+03     1.08844694E-02
1.21567456E+03     1.56157464E-02
1.21567786E+03     1.19576193E-02
1.21568103E+03     1.10473279E-02
1.21568433E+03     1.23281237E-02
1.21568750E+03     1.50568960E-02
1.21569067E+03     1.14178481E-02
1.21569397E+03     1.74335036E-02
1.21569714E+03     1.16087925E-02
1.21570044E+03     1.15957111E-02
1.21570361E+03     2.28964575E-02
1.21570691E+03     1.45170819E-02
1.21571008E+03     1.36174103E-02
1.21571338E+03     2.91056354E-02
1.21571655E+03     1.81550663E-02
1.21571973E+03     1.12426318E-02
1.21572302E+03     1.56188291E-02
1.21572620E+03     1.32382717E-02
1.21572949E+03     1.52459294E-02
1.21573267E+03     1.21528301E-02
1.21573596E+03     2.43447684E-02
1.21573914E+03     1.85312685E-02
1.21574231E+03     1.94417238E-02
1.21574561E+03     1.50647992E-02
1.21574878E+03     1.67065561E-02
1.21575208E+03     1.81723945E-02
1.21575525E+03     2.16312893E-02
1.21575854E+03     3.65452506E-02
1.21576172E+03     2.74462663E-02
1.21576489E+03     2.92971004E-02
1.21576819E+03     5.16981632E-02
1.21577136E+03     6.86096773E-02
1.21577466E+03     8.39074925E-02
1.21577783E+03     1.08679727E-01
1.21578113E+03     1.46029875E-01
1.21578430E+03     1.65793300E-01
1.21578748E+03     2.06026003E-01
1.21579077E+03     2.34826386E-01
1.21579395E+03     2.91619509E-01
1.21579724E+03     3.30422014E-01
1.21580042E+03     3.96125883E-01
1.21580371E+03     4.17809963E-01
1.21580688E+03     4.64218140E-01
1.21581006E+03     5.14060318E-01
1.21581335E+03     5.37216723E-01
1.21581653E+03     5.58725238E-01
1.21581982E+03     6.48403764E-01
1.21582300E+03     6.31091237E-01
1.21582629E+03     7.12998807E-01
1.21582947E+03     7.26843357E-01
1.21583264E+03     7.26689756E-01
1.21583594E+03     7.31993973E-01
1.21583911E+03     7.92040765E-01
1.21584241E+03     8.32063496E-01
1.21584558E+03     7.72779703E-01
1.21584875E+03     8.19304228E-01
1.21585205E+03     8.10059071E-01
1.21585522E+03     8.19112718E-01
1.21585852E+03     8.45373690E-01
1.21586169E+03     8.11688542E-01
1.21586499E+03     8.38787615E-01
1.21586816E+03     8.44775319E-01
1.21587134E+03     8.57824564E-01
1.21587463E+03     8.26270223E-01
1.21587781E+03     8.88345420E-01
1.21588110E+03     8.58975828E-01
1.21588428E+03     8.50652814E-01
1.21588745E+03     8.16165149E-01
1.21589075E+03     8.03184628E-01
1.21589392E+03     8.46345246E-01
1.21589722E+03     8.08806062E-01
1.21590039E+03     7.66686201E-01
1.21590369E+03     7.58566022E-01
1.21590686E+03     7.83545077E-01
1.21591003E+03     7.67489254E-01
1.21591333E+03     7.49435067E-01
1.21591650E+03     7.68239379E-01
1.21591980E+03     7.37300277E-01
1.21592297E+03     7.45378673E-01
1.21592615E+03     7.43979335E-01
1.21592944E+03     6.91514671E-01
1.21593262E+03     7.25599885E-01
1.21593591E+03     6.69649184E-01
1.21593909E+03     6.31209671E-01
1.21594226E+03     6.49729550E-01
1.21594556E+03     6.23024583E-01
1.21594873E+03     6.49814606E-01
1.21595203E+03     6.27413630E-01
1.21595520E+03     5.98761201E-01
1.21595837E+03     6.05066001E-01
1.21596167E+03     5.74994445E-01
1.21596484E+03     5.43901801E-01
1.21596814E+03     5.12449920E-01
1.21597131E+03     5.56650817E-01
1.21597449E+03     5.53334713E-01
1.21597778E+03     5.08482873E-01
1.21598096E+03     5.25503576E-01
1.21598425E+03     4.87836450E-01
1.21598743E+03     4.60669577E-01
1.21599060E+03     4.95913059E-01
1.21599390E+03     4.66405958E-01
1.21599707E+03     4.42772478E-01
1.21600037E+03     4.48961824E-01
1.21600354E+03     4.30088788E-01
1.21600671E+03     4.28704143E-01
1.21601001E+03     4.28708196E-01
1.21601318E+03     3.98891538E-01
1.21601648E+03     4.04511124E-01
1.21601965E+03     3.65320444E-01
1.21602283E+03     3.78089935E-01
1.21602612E+03     3.63880187E-01
1.21602930E+03     3.54371727E-01
1.21603259E+03     3.56309563E-01
1.21603577E+03     3.60736132E-01
1.21603894E+03     3.42785329E-01
1.21604224E+03     3.60949934E-01
1.21604541E+03     3.25479448E-01
1.21604871E+03     3.21612030E-01
1.21605188E+03     2.89266199E-01
1.21605505E+03     3.00066829E-01
1.21605835E+03     3.09801191E-01
1.21606152E+03     3.12360168E-01
1.21606470E+03     3.12857926E-01
1.21606799E+03     3.00588578E-01
1.21607117E+03     2.65174747E-01
1.21607446E+03     2.81589568E-01
1.21607764E+03     2.75986075E-01
1.21608081E+03     2.86407501E-01
1.21608411E+03     2.58540243E-01
1.21608728E+03     2.62974739E-01
1.21609058E+03     2.55940735E-01
1.21609375E+03     2.42669076E-01
1.21609692E+03     2.37800106E-01
1.21610022E+03     2.28557914E-01
1.21610339E+03     2.19825014E-01
1.21610657E+03     1.99540675E-01
1.21610986E+03     2.28455454E-01
1.21611304E+03     2.13096857E-01
1.21611633E+03     2.00523153E-01
1.21611951E+03     2.06038743E-01
1.21612268E+03     2.05517620E-01
1.21612598E+03     1.75430313E-01
1.21612915E+03     2.06499174E-01
1.21613232E+03     1.82459727E-01
1.21613562E+03     1.81311667E-01
1.21613879E+03     1.79702818E-01
1.21614209E+03     1.53587744E-01
1.21614526E+03     1.66114345E-01
1.21614844E+03     1.54111400E-01
1.21615173E+03     1.64963946E-01
1.21615491E+03     1.63332999E-01
1.21615820E+03     1.56365171E-01
1.21616138E+03     1.53591722E-01
1.21616455E+03     1.45906642E-01
1.21616785E+03     1.43744037E-01
1.21617102E+03     1.60636827E-01
1.21617419E+03     1.37767881E-01
1.21617749E+03     1.38355941E-01
1.21618066E+03     1.40535861E-01
1.21618384E+03     1.24137923E-01
1.21618713E+03     1.27405226E-01
1.21619031E+03     1.25740856E-01
1.21619360E+03     1.28992558E-01
1.21619678E+03     1.41549110E-01
1.21619995E+03     1.27366081E-01
1.21620325E+03     1.24156244E-01
1.21620642E+03     1.00716680E-01
1.21620959E+03     1.18108682E-01
1.21621289E+03     1.18654236E-01
1.21621606E+03     1.01308338E-01
1.21621936E+03     1.14391014E-01
1.21622253E+03     1.19256809E-01
1.21622571E+03     1.06172904E-01
1.21622900E+03     1.09466709E-01
1.21623218E+03     1.14923477E-01
1.21623535E+03     9.41908434E-02
1.21623865E+03     1.01295888E-01
1.21624182E+03     1.06723160E-01
1.21624500E+03     9.03659239E-02
1.21624829E+03     9.36564580E-02
1.21625146E+03     9.03780237E-02
1.21625476E+03     8.65995064E-02
1.21625793E+03     9.58470106E-02
1.21626111E+03     7.67499059E-02
1.21626440E+03     8.65644142E-02
1.21626758E+03     9.96604636E-02
1.21627075E+03     7.56661296E-02
1.21627405E+03     8.11715201E-02
1.21627722E+03     8.71512294E-02
1.21628040E+03     6.80255666E-02
1.21628369E+03     6.69469461E-02
1.21628687E+03     8.60103890E-02
1.21629016E+03     8.32717642E-02
1.21629333E+03     7.61927590E-02
1.21629651E+03     7.12804869E-02
1.21629980E+03     7.34501407E-02
1.21630298E+03     6.90836981E-02
1.21630615E+03     7.01954290E-02
1.21630945E+03     6.90972358E-02
1.21631262E+03     5.98118715E-02
1.21631580E+03     6.36414438E-02
1.21631909E+03     7.28928745E-02
1.21632227E+03     6.30786791E-02
1.21632544E+03     6.74381107E-02
1.21632874E+03     6.36122972E-02
1.21633191E+03     7.50940740E-02
1.21633508E+03     5.76564819E-02
1.21633838E+03     6.47506714E-02
1.21634155E+03     6.04065992E-02
1.21634485E+03     5.27440235E-02
1.21634802E+03     5.65802641E-02
1.21635120E+03     5.55035323E-02
1.21635449E+03     5.11562526E-02
1.21635767E+03     5.98406307E-02
1.21636084E+03     5.87455705E-02
1.21636414E+03     5.60839288E-02
1.21636731E+03     5.17041981E-02
1.21637048E+03     6.15021773E-02
1.21637378E+03     4.57039773E-02
1.21637695E+03     5.05877137E-02
1.21638013E+03     6.36386648E-02
1.21638342E+03     5.27583025E-02
1.21638660E+03     5.70980348E-02
1.21638977E+03     4.62366566E-02
1.21639307E+03     3.86240296E-02
1.21639624E+03     4.40753177E-02
1.21639941E+03     4.57015447E-02
1.21640271E+03     4.78467643E-02
1.21640588E+03     4.13449183E-02
1.21640906E+03     4.24288325E-02
1.21641235E+03     4.02672477E-02
1.21641553E+03     4.34965231E-02
1.21641870E+03     3.96901704E-02
1.21642200E+03     4.46247682E-02
1.21642517E+03     4.40769978E-02
1.21642834E+03     4.78889570E-02
1.21643164E+03     4.18996885E-02
1.21643481E+03     4.13465537E-02
1.21643799E+03     3.64598334E-02
1.21644128E+03     3.58610563E-02
1.21644446E+03     4.40057106E-02
1.21644763E+03     3.53357270E-02
1.21645093E+03     3.20900641E-02
1.21645410E+03     3.86397392E-02
1.21645728E+03     3.91755849E-02
1.21646057E+03     2.93565784E-02
1.21646375E+03     3.80740054E-02
1.21646692E+03     4.08172123E-02
1.21647021E+03     3.37470025E-02
1.21647339E+03     3.48041169E-02
1.21647656E+03     4.40625362E-02
1.21647986E+03     3.09997946E-02
1.21648303E+03     4.57081273E-02
1.21648621E+03     4.29881923E-02
1.21648950E+03     3.26443277E-02
1.21649268E+03     3.53577100E-02
1.21649585E+03     3.26529518E-02
1.21649915E+03     2.82460973E-02
1.21650232E+03     3.26049253E-02
1.21650549E+03     3.47817838E-02
1.21650879E+03     3.53356302E-02
1.21651196E+03     3.20816524E-02
1.21651514E+03     2.88165789E-02
1.21651843E+03     3.09656505E-02
1.21652161E+03     2.71660332E-02
1.21652478E+03     3.15259062E-02
1.21652808E+03     2.98913736E-02
1.21653125E+03     2.82519646E-02
1.21653442E+03     3.26038934E-02
1.21653772E+03     3.20653357E-02
1.21654089E+03     3.15285996E-02
1.21654407E+03     2.82812603E-02
1.21654736E+03     3.53519768E-02
1.21655054E+03     2.17612088E-02
1.21655371E+03     2.82814763E-02
1.21655701E+03     3.42460386E-02
1.21656018E+03     2.39249356E-02
1.21656335E+03     3.20822001E-02
1.21656665E+03     2.28358451E-02
1.21656982E+03     2.06645504E-02
1.21657300E+03     2.39321236E-02
1.21657617E+03     3.26020643E-02
1.21657947E+03     2.00970974E-02
1.21658264E+03     2.82787103E-02
1.21658582E+03     2.39239633E-02
1.21658911E+03     2.66150720E-02
1.21659229E+03     2.87910830E-02
1.21659546E+03     2.66046654E-02
1.21659875E+03     2.17127893E-02
1.21660193E+03     2.11927220E-02
1.21660510E+03     2.98958179E-02
1.21660840E+03     2.66398489E-02
1.21661157E+03     1.68502796E-02
1.21661475E+03     2.71719676E-02
1.21661804E+03     2.66180709E-02
1.21662122E+03     2.22664550E-02
1.21662439E+03     2.66130250E-02
1.21662756E+03     2.33668163E-02
1.21663086E+03     2.66233627E-02
1.21663403E+03     2.71704067E-02
1.21663721E+03     2.60746721E-02
1.21664050E+03     2.71935798E-02
1.21664368E+03     1.95747428E-02
1.21664685E+03     1.95764918E-02
1.21665015E+03     1.63094904E-02
1.21665332E+03     2.60675717E-02
1.21665649E+03     2.49874797E-02
1.21665979E+03     1.52237294E-02
1.21666296E+03     2.82673687E-02
1.21666614E+03     2.44704746E-02
1.21666931E+03     1.79470852E-02
1.21667261E+03     2.12071277E-02
1.21667578E+03     1.90321635E-02
1.21667896E+03     1.84812211E-02
1.21668225E+03     1.57604069E-02
1.21668542E+03     1.46845654E-02
1.21668860E+03     1.95753723E-02
1.21669189E+03     1.57610383E-02
1.21669507E+03     1.57605428E-02
1.21669824E+03     1.36025613E-02
1.21670142E+03     1.90356076E-02
1.21670471E+03     1.57663971E-02
1.21670789E+03     2.11835839E-02
1.21671106E+03     1.63004827E-02
1.21671436E+03     2.06440557E-02
1.21671753E+03     1.30520398E-02
1.21672070E+03     2.17396263E-02
1.21672400E+03     1.14240702E-02
1.21672717E+03     1.90210026E-02
1.21673035E+03     1.79459210E-02
1.21673352E+03     1.63143948E-02
1.21673682E+03     1.63023062E-02
1.21673999E+03     1.79293100E-02
1.21674316E+03     2.00988203E-02
1.21674646E+03     1.30520295E-02
1.21674963E+03     1.03435386E-02
1.21675281E+03     1.90260280E-02
1.21675610E+03     1.74057670E-02
1.21675928E+03     1.46882515E-02
1.21676245E+03     2.22900473E-02
1.21676562E+03     1.57745685E-02
1.21676892E+03     1.35925068E-02
1.21677209E+03     1.57582480E-02
1.21677527E+03     2.06550825E-02
1.21677856E+03     1.14372829E-02
1.21678174E+03     1.63180139E-02
1.21678491E+03     1.79373231E-02
1.21678809E+03     1.57729257E-02
1.21679138E+03     2.06506234E-02
1.21679456E+03     1.79362372E-02
1.21679773E+03     8.16662144E-03
1.21680103E+03     1.57500971E-02
1.21680420E+03     1.62912514E-02
1.21680737E+03     1.41274361E-02
1.21681055E+03     1.30400201E-02
1.21681384E+03     1.62936915E-02
1.21681702E+03     1.41290640E-02
1.21682019E+03     1.41279874E-02
1.21682349E+03     1.08704967E-02
1.21682666E+03     1.19412886E-02
1.21682983E+03     1.62869729E-02
1.21683301E+03     1.30401747E-02
1.21683630E+03     1.30348830E-02
1.21683948E+03     1.30360704E-02
1.21684265E+03     1.08726555E-02
1.21684595E+03     1.62854046E-02
1.21684912E+03     1.62907094E-02
1.21685229E+03     1.30395321E-02
1.21685547E+03     5.45503572E-03
1.21685876E+03     9.23973136E-03
1.21686194E+03     1.89839676E-02
1.21686511E+03     1.41073549E-02
1.21686829E+03     9.22610052E-03
1.21687158E+03     1.51822250E-02
1.21687476E+03     1.19409543E-02
1.21687793E+03     1.51903005E-02
1.21688123E+03     9.23299510E-03
1.21688440E+03     6.51629874E-03
1.21688757E+03     1.24707613E-02
1.21689075E+03     1.84103381E-02
1.21689404E+03     9.76379123E-03
1.21689722E+03     7.59562710E-03
1.21690039E+03     9.22902673E-03
1.21690369E+03     9.22559947E-03
1.21690686E+03     1.03031071E-02
1.21691003E+03     8.68266262E-03
1.21691321E+03     1.08369356E-02
1.21691650E+03     8.68263561E-03
1.21691968E+03     8.68451037E-03
1.21692285E+03     1.62317473E-02
1.21692603E+03     8.12967587E-03
1.21692932E+03     1.40719982E-02
1.21693250E+03     1.02959983E-02
1.21693567E+03     6.50864746E-03
1.21693884E+03     8.67166929E-03
1.21694214E+03     8.66986345E-03
1.21694531E+03     1.13570904E-02
1.21694849E+03     1.29724192E-02
1.21695178E+03     5.43288235E-03
1.21695496E+03     7.57876132E-03
1.21695813E+03     6.51163002E-03
1.21696130E+03     8.65853112E-03
1.21696460E+03     1.35138547E-02
1.21696777E+03     1.24284439E-02
1.21697095E+03     5.41803939E-03
1.21697412E+03     3.79988365E-03
1.21697742E+03     7.57111376E-03
1.21698059E+03     1.24120712E-02
1.21698376E+03     5.95170539E-03
1.21698694E+03     1.40298121E-02
1.21699023E+03     7.02926237E-03
1.21699341E+03     1.45760905E-02
1.21699658E+03     1.24088442E-02
1.21699976E+03     6.48152642E-03
1.21700305E+03     5.94125129E-03
1.21700623E+03     8.64055101E-03
1.21700940E+03     7.55734555E-03
1.21701257E+03     5.94539009E-03
1.21701587E+03     8.09494685E-03
1.21701904E+03     1.18594719E-02
1.21702222E+03     8.63340776E-03
1.21702551E+03     8.09064321E-03
1.21702869E+03     7.55225588E-03
1.21703186E+03     8.09172541E-03
1.21703503E+03     3.24640423E-03
1.21703833E+03     1.39968786E-02
1.21704150E+03     1.13073429E-02
1.21704468E+03     6.46859547E-03
1.21704785E+03     8.62324703E-03
1.21705115E+03     2.16941466E-03
1.21705432E+03     8.07963777E-03
1.21705750E+03     8.07619654E-03
1.21706067E+03     5.39340964E-03
1.21706396E+03     9.68434382E-03
1.21706714E+03     7.53722247E-03
1.21707031E+03    -1.05246122E-03
1.21707349E+03     5.38848108E-03
1.21707678E+03     1.63382420E-03
1.21707996E+03     9.14713740E-03
1.21708313E+03     6.45997003E-03
1.21708630E+03     1.62811717E-03
1.21708960E+03     4.85158758E-03
1.21709277E+03     6.99213985E-03
1.21709595E+03     3.78324697E-03
1.21709912E+03     6.46398310E-03
1.21710242E+03     1.23633798E-02
1.21710559E+03     9.14015900E-03
1.21710876E+03     7.53366761E-03
1.21711194E+03     1.34308608E-02
1.21711511E+03     9.67360009E-03
1.21711841E+03     8.06718040E-03
1.21712158E+03     7.52966478E-03
1.21712476E+03     1.07405577E-02
1.21712793E+03     9.12810676E-03
1.21713123E+03     8.05521291E-03
1.21713440E+03     7.52757117E-03
1.21713757E+03     8.59522913E-03
1.21714075E+03     7.51888659E-03
1.21714404E+03     8.58660135E-03
1.21714722E+03     7.51199434E-03
1.21715039E+03     3.22449883E-03
1.21715356E+03     3.23398830E-03
1.21715686E+03     1.55498637E-02
1.21716003E+03     4.83506406E-03
1.21716321E+03     3.76690715E-03
1.21716638E+03     5.37018431E-03
1.21716968E+03     1.12569043E-02
1.21717285E+03     9.64616705E-03
1.21717603E+03     2.16077920E-03
1.21717920E+03     3.22761363E-03
1.21718237E+03     5.90482866E-03
1.21718567E+03     3.76132689E-03
1.21718884E+03     3.23063089E-03
1.21719202E+03     5.90924593E-03
1.21719519E+03     6.97512552E-03
1.21719849E+03     3.76675278E-03
1.21720166E+03     4.30120900E-03
1.21720483E+03     7.49867549E-03
1.21720801E+03    -5.12525148E-04
1.21721130E+03     8.04503262E-03
1.21721448E+03     1.23212924E-02
1.21721765E+03     4.82906215E-03
1.21722083E+03     1.62372715E-03
1.21722400E+03     5.91258612E-03
1.21722729E+03     5.36817964E-03
1.21723047E+03     2.70118285E-03
1.21723364E+03     1.01831537E-02
1.21723682E+03     6.96013402E-03
1.21724011E+03     5.36070857E-03
1.21724329E+03     2.15505273E-03
1.21724646E+03     4.83142631E-03
1.21724963E+03     4.82505606E-03
1.21725293E+03     5.35999704E-03
1.21725610E+03     7.49315554E-03
1.21725928E+03     5.88935660E-03
1.21726245E+03     6.95404038E-03
1.21726562E+03     2.68693687E-03
1.21726892E+03     4.29441454E-03
1.21727209E+03     5.89721277E-03
1.21727527E+03     6.95520593E-03
1.21727844E+03     2.15451885E-03
1.21728174E+03     4.82824072E-03
1.21728491E+03     8.56348686E-03
1.21728809E+03     5.90205798E-03
1.21729126E+03     4.30219481E-03
1.21729443E+03     9.08822194E-03
1.21729773E+03     5.88379614E-03
1.21730090E+03     7.48050679E-03
1.21730408E+03     3.74652096E-03
1.21730725E+03     3.22253234E-03
1.21731042E+03     5.88352373E-03
1.21731372E+03     4.28504217E-03
1.21731689E+03     4.81696939E-03
1.21732007E+03     1.28020300E-02
1.21732324E+03     6.40803389E-03
1.21732654E+03     4.81816987E-03
1.21732971E+03     5.34889381E-03
1.21733289E+03     5.47804928E-04
1.21733606E+03     2.68332264E-03
1.21733923E+03     3.75762046E-03
1.21734253E+03     1.08671107E-03
1.21734570E+03     4.82356502E-03
1.21734888E+03     5.35898469E-03
1.21735205E+03    -1.03532954E-03
1.21735522E+03     5.35534322E-03
1.21735852E+03     1.09683140E-03
1.21736169E+03     2.69072806E-03
1.21736487E+03     3.75591521E-03
1.21736804E+03     1.62766012E-03
1.21737122E+03     5.34326490E-03
1.21737451E+03     4.28331178E-03
1.21737769E+03     4.80834022E-03
1.21738086E+03     2.68301857E-03
1.21738403E+03     4.28334903E-03
1.21738733E+03     4.81820339E-03
1.21739050E+03     7.46126426E-03
1.21739368E+03     1.61646353E-03
1.21739685E+03     3.35822551E-05
1.21740002E+03     6.40194584E-03
1.21740332E+03     2.16042763E-03
1.21740649E+03     1.62774534E-03
1.21740967E+03     3.21845035E-03
1.21741284E+03     4.28523030E-03
1.21741602E+03     4.81565250E-03
1.21741931E+03     5.87714463E-03
1.21742249E+03     1.61969045E-03
1.21742566E+03     7.99090043E-03
1.21742883E+03     4.27686004E-03
1.21743201E+03     1.62122387E-03
1.21743530E+03     8.50959215E-03
1.21743848E+03     2.14427989E-03
1.21744165E+03     1.62258185E-03
1.21744482E+03     2.15181452E-03
1.21744800E+03     5.85340196E-03
1.21745129E+03     1.08130276E-03
1.21745447E+03     1.90699739E-05
1.21745764E+03     2.28062872E-05
1.21746082E+03     3.20771337E-03
1.21746399E+03     9.04066209E-03
1.21746729E+03     4.80129290E-03
1.21747046E+03     3.21119954E-03
1.21747363E+03     6.91901008E-03
1.21747681E+03     6.91631390E-03
1.21747998E+03     2.15007085E-03
1.21748315E+03     4.80694557E-03
1.21748645E+03     7.44308298E-03
1.21748962E+03     5.85304247E-03
1.21749280E+03     4.26699081E-03
1.21749597E+03     2.67705647E-03
1.21749915E+03     4.27517015E-03
1.21750244E+03     4.27378155E-03
1.21750562E+03     1.62136380E-03
1.21750879E+03     4.27289493E-03
1.21751196E+03     2.15093815E-03
1.21751514E+03     5.85675612E-03
1.21751843E+03     4.80054133E-03
1.21752161E+03     2.15320243E-03
1.21752478E+03     1.62618363E-03
1.21752795E+03     1.09691336E-03
1.21753113E+03     2.15345481E-03
1.21753442E+03     3.39979160E-05
1.21753760E+03     3.20952432E-03
1.21754077E+03     2.68244417E-03
1.21754395E+03     5.33273118E-03
1.21754712E+03     1.09418447E-03
1.21755029E+03     3.21090850E-03
1.21755359E+03     2.14849226E-03
1.21755676E+03     4.80677653E-03
1.21755994E+03     5.86337782E-03
1.21756311E+03    -1.55179785E-03
1.21756628E+03     3.58382276E-05
1.21756958E+03     8.49116407E-03
1.21757275E+03     3.07355149E-05
1.21757593E+03     1.09388621E-03
1.21757910E+03     5.84883615E-03
1.21758228E+03     4.27130982E-03
1.21758545E+03     1.09515979E-03
1.21758875E+03     3.20795644E-03
1.21759192E+03    -4.91944607E-04
1.21759509E+03    -2.07939348E-03
1.21759827E+03     7.96919130E-03
1.21760144E+03     1.62196450E-03
1.21760461E+03     2.15298403E-03
1.21760791E+03     3.17561353E-05
1.21761108E+03     5.31623606E-03
1.21761426E+03    -2.07554596E-03
1.21761743E+03     2.15486134E-03
1.21762061E+03    -1.01409503E-03
1.21762390E+03     4.23662459E-05
1.21762708E+03     5.31939976E-03
1.21763025E+03    -4.93037165E-04
1.21763342E+03     5.31806331E-03
1.21763660E+03     1.08900992E-03
1.21763977E+03     6.37586229E-03
1.21764307E+03     3.73824313E-03
1.21764624E+03    -1.54787069E-03
1.21764941E+03     3.73236137E-03
1.21765259E+03    -1.54739956E-03
1.21765576E+03     3.20293382E-03
1.21765894E+03     3.20103951E-03
1.21766223E+03     5.30866720E-03
1.21766541E+03    -1.02298101E-03
1.21766858E+03     5.30170929E-03
1.21767175E+03    -1.02010660E-03
1.21767493E+03     2.67051463E-03
1.21767810E+03     2.14958703E-03
1.21768140E+03     3.73090687E-03
1.21768457E+03     5.30865416E-03
1.21768774E+03    -4.92080755E-04
1.21769092E+03     2.66949343E-03
1.21769409E+03     2.67070252E-03
1.21769727E+03     1.61747402E-03
1.21770056E+03     4.06333784E-05
1.21770374E+03    -4.90671082E-04
1.21770691E+03    -2.60051899E-03
1.21771008E+03    -4.92045190E-04
1.21771326E+03     5.64153423E-04
1.21771643E+03     5.59030159E-04
1.21771973E+03     3.72463232E-03
1.21772290E+03     3.18757189E-03
1.21772607E+03     4.24309215E-03
1.21772925E+03    -3.65247135E-03
1.21773242E+03     1.08614308E-03
1.21773560E+03     6.88828249E-03
1.21773877E+03     5.66730509E-04
1.21774207E+03    -4.89221886E-04
1.21774524E+03    -2.06712773E-03
1.21774841E+03     1.08338031E-03
1.21775159E+03     3.33062162E-05
1.21775476E+03     6.87883468E-03
1.21775793E+03     1.09035883E-03
1.21776123E+03     1.08639803E-03
1.21776440E+03     3.78637633E-05
1.21776758E+03    -1.54103059E-03
1.21777075E+03     1.61103962E-03
1.21777393E+03    -1.01470319E-03
1.21777710E+03     3.72144277E-03
1.21778027E+03     1.61478366E-03
1.21778357E+03    -4.91550367E-04
1.21778674E+03     2.68006115E-03
1.21778992E+03     4.77550179E-03
1.21779309E+03     1.09150982E-03
1.21779626E+03    -4.63733682E-04
1.21779944E+03     1.65603589E-03
1.21780273E+03     6.28573107E-05
1.21780591E+03     1.66087702E-03
1.21780908E+03     2.73293979E-03
1.21781226E+03    -3.10547696E-03
1.21781543E+03     3.76881566E-03
1.21781860E+03    -2.58566928E-03
1.21782178E+03     1.65214692E-03
1.21782507E+03    -9.89053864E-04
1.21782825E+03     2.15155957E-03
1.21783142E+03     3.21639283E-03
1.21783459E+03     1.24865473E-04
1.21783777E+03     1.09924690E-03
1.21784094E+03    -4.81691968E-04
1.21784412E+03    -4.54787572E-04
1.21784741E+03     6.44828985E-03
1.21785059E+03     2.70188320E-03
1.21785376E+03     8.56716142E-05
1.21785693E+03    -1.50050805E-03
1.21786011E+03     6.95182150E-03
1.21786328E+03     9.58692472E-05
1.21786646E+03    -1.49675750E-03
1.21786975E+03     1.14600628E-03
1.21787292E+03     5.39137376E-03
1.21787610E+03    -4.50103747E-04
1.21787927E+03     1.67895865E-03
1.21788245E+03     1.64693862E-03
1.21788562E+03     3.29371938E-03
1.21788879E+03     3.25067574E-03
1.21789209E+03    -4.44650708E-04
1.21789526E+03     1.64165464E-03
1.21789844E+03     1.12605793E-03
1.21790161E+03    -9.47881083E-04
1.21790479E+03    -1.30973896E-03
1.21790796E+03     2.02539912E-03
1.21791113E+03     2.23271037E-03
1.21791431E+03     1.50439912E-03
1.21791760E+03    -3.07356683E-03
1.21792078E+03    -4.11017798E-03
1.21792395E+03     3.61799262E-03
1.21792712E+03     3.61472485E-03
1.21793030E+03    -2.08367390E-04
1.21793347E+03    -1.82997272E-03
1.21793665E+03    -3.05863936E-03
1.21793994E+03     5.57914423E-03
1.21794312E+03    -6.43586245E-05
1.21794629E+03     1.69376854E-03
1.21794946E+03     1.33635232E-03
1.21795264E+03     1.66527031E-03
1.21795581E+03     6.23315806E-04
1.21795898E+03     6.28218055E-03
1.21796216E+03     5.23264892E-03
1.21796545E+03     1.25368519E-04
1.21796863E+03    -1.28845475E-03
1.21797180E+03    -3.86317151E-05
1.21797498E+03     1.14080336E-04
1.21797815E+03     2.06623040E-03
1.21798132E+03     2.41112662E-03
1.21798450E+03    -1.80386787E-03
1.21798767E+03    -1.45249325E-03
1.21799097E+03     2.43264809E-03
1.21799414E+03    -2.30982609E-04
1.21799731E+03     4.99964808E-04
1.21800049E+03    -3.76119482E-04
1.21800366E+03     3.04576184E-04
1.21800684E+03     3.48847755E-03
1.21801001E+03    -4.13815636E-04
1.21801318E+03     2.21708533E-03
1.21801648E+03    -3.92481079E-03
1.21801965E+03    -4.13386355E-04
1.21802283E+03     2.92584742E-03
1.21802600E+03     1.14483475E-04
1.21802917E+03    -1.45501131E-03
1.21803235E+03    -3.73808295E-03
1.21803552E+03     4.32451069E-03
1.21803870E+03    -1.10418675E-03
1.21804187E+03     2.57417979E-03
1.21804517E+03     2.97586084E-04
1.21804834E+03    -1.99212437E-03
1.21805151E+03     2.58243363E-03
1.21805469E+03     2.04394455E-03
1.21805786E+03     3.80632142E-03
1.21806104E+03     2.58312305E-03
1.21806421E+03    -2.22558287E-04
1.21806738E+03     6.51820737E-04
1.21807056E+03    -9.25321307E-04
1.21807385E+03     4.18115780E-03
1.21807703E+03    -3.89061315E-04
1.21808020E+03    -3.88245448E-03
1.21808337E+03     2.24210974E-03
1.21808655E+03     1.01343589E-03
1.21808972E+03     2.07186141E-03
1.21809290E+03    -3.04846253E-05
1.21809607E+03    -7.40122690E-04
1.21809924E+03     4.38808044E-03
1.21810254E+03    -2.66104867E-03
1.21810571E+03     4.74091247E-03
1.21810889E+03    -3.51530383E-03
1.21811206E+03     3.55922151E-04
1.21811523E+03     4.40993719E-03
1.21811841E+03     5.98483859E-03
1.21812158E+03    -1.59726909E-03
1.21812476E+03    -3.34851560E-04
1.21812793E+03    -1.37777708E-03
1.21813123E+03    -1.42067275E-03
1.21813440E+03     2.28514266E-03
1.21813757E+03    -2.98079848E-03
1.21814075E+03    -1.37419871E-03
1.21814392E+03     1.76606257E-03
1.21814709E+03     4.92846500E-03
1.21815027E+03     2.83194962E-03
1.21815344E+03    -1.41818321E-03
1.21815662E+03     2.84330617E-03
1.21815979E+03     3.39705241E-03
1.21816309E+03    -1.40032568E-03
1.21816626E+03    -1.39197067E-03
1.21816943E+03     4.43505542E-03
1.21817261E+03     2.01271789E-04
1.21817578E+03     1.26607087E-03
1.21817896E+03     1.02911042E-02
1.21818213E+03     4.44008363E-03
1.21818530E+03     7.48689286E-04
1.21818848E+03     3.91629944E-03
1.21819165E+03     1.26383617E-03
1.21819495E+03     1.29841105E-03
1.21819812E+03     2.27471493E-04
1.21820129E+03     3.94592946E-03
1.21820447E+03     3.93336825E-03
1.21820764E+03     2.35241241E-04
1.21821082E+03     5.57667296E-03
1.21821399E+03     4.47910791E-03
1.21821716E+03     6.59142388E-03
1.21822034E+03     5.54407015E-03
1.21822351E+03     3.42878490E-03
1.21822668E+03     3.93123413E-03
1.21822998E+03     3.95614095E-03
1.21823315E+03     1.29497971E-03
1.21823633E+03     5.03641926E-03
1.21823950E+03     4.51983046E-03
1.21824268E+03     6.63415994E-03
1.21824585E+03     9.84890107E-03
1.21824902E+03     5.60396351E-03
1.21825220E+03     6.65135868E-03
1.21825537E+03     6.64260238E-03
1.21825854E+03     9.85580590E-03
1.21826172E+03     8.24955571E-03
1.21826501E+03     7.75503181E-03
1.21826819E+03     2.94042914E-03
1.21827136E+03     1.09731937E-02
1.21827454E+03     9.29552503E-03
1.21827771E+03     1.04335649E-02
1.21828088E+03     9.88641568E-03
1.21828406E+03     4.02465602E-03
1.21828723E+03     1.14989020E-02
1.21829041E+03     1.52781177E-02
1.21829358E+03     7.25497724E-03
1.21829675E+03     1.37284410E-03
1.21829993E+03     5.14836889E-03
1.21830322E+03     1.20635107E-02
1.21830640E+03     9.40551702E-03
1.21830957E+03     4.03950317E-03
1.21831274E+03     9.40440781E-03
1.21831592E+03     9.95346718E-03
1.21831909E+03     7.27770757E-03
1.21832227E+03     1.42496023E-02
1.21832544E+03     5.67965163E-03
1.21832861E+03     6.76119374E-03
1.21833179E+03     7.32276868E-03
1.21833496E+03     4.08394961E-03
1.21833813E+03     6.23640930E-03
1.21834131E+03     1.26085030E-02
1.21834460E+03     3.01766861E-03
1.21834778E+03     9.43944138E-03
1.21835095E+03     8.58005718E-04
1.21835413E+03     2.50097527E-03
1.21835730E+03     1.41083798E-03
1.21836047E+03     1.98281161E-03
1.21836365E+03     5.16420417E-03
1.21836682E+03     3.58005892E-03
1.21837000E+03     1.44194392E-03
1.21837317E+03     2.50412687E-03
1.21837634E+03     4.68071224E-03
1.21837952E+03     4.12406679E-03
1.21838269E+03     2.50911480E-03
1.21838586E+03     4.12975065E-03
1.21838916E+03     7.86988158E-03
1.21839233E+03     2.50202860E-03
1.21839551E+03     7.33018341E-03
1.21839868E+03     4.11901576E-03
1.21840186E+03     1.97581435E-03
1.21840503E+03     6.27198629E-03
1.21840820E+03    -3.38504859E-03
1.21841138E+03     1.97786489E-03
1.21841455E+03     3.58719332E-03
1.21841772E+03     4.67401696E-03
1.21842090E+03     3.63639469E-04
1.21842407E+03    -2.30234582E-03
1.21842725E+03     4.14800132E-03
1.21843042E+03     3.04480921E-03
1.21843359E+03     1.47490553E-03
1.21843689E+03    -1.92664762E-03
1.21844006E+03    -5.04898722E-04
1.21844324E+03    -1.21730589E-03
1.21844641E+03     2.22903400E-04
1.21844958E+03     2.53830873E-03
1.21845276E+03    -3.00160074E-03
1.21845593E+03    -1.92546623E-03
1.21845911E+03     1.46949862E-03
1.21846228E+03     3.07895313E-03
1.21846545E+03     2.01201579E-03
1.21846863E+03    -4.94163774E-04
1.21847180E+03     9.30828974E-04
1.21847498E+03    -2.80882488E-03
1.21847815E+03     7.57690752E-04
1.21848132E+03    -1.02144375E-03
1.21848450E+03    -1.73685327E-03
1.21848767E+03    -1.19411096E-03
1.21849097E+03    -1.73820311E-03
1.21849414E+03     3.27778794E-03
1.21849731E+03     2.54557864E-03
1.21850049E+03     1.29299669E-03
1.21850366E+03    -3.51928477E-03
1.21850684E+03     2.29151367E-04
1.21851001E+03    -4.22594044E-03
1.21851318E+03    -1.19601784E-03
1.21851636E+03     2.20905384E-03
1.21851953E+03    -2.61526788E-03
1.21852271E+03    -2.98094354E-03
1.21852588E+03    -1.90437806E-03
1.21852905E+03     4.29336069E-04
1.21853223E+03    -6.57699304E-04
1.21853540E+03     2.73485086E-03
1.21853857E+03     9.47876542E-04
1.21854175E+03    -2.08673440E-03
1.21854492E+03    -3.32183647E-03
1.21854810E+03    -1.18161994E-03
1.21855127E+03     1.50202727E-03
1.21855457E+03    -1.12834539E-04
1.21855774E+03     1.49731687E-03
1.21856091E+03    -2.44032592E-03
1.21856409E+03    -4.59678995E-04
1.21856726E+03    -1.01172377E-03
1.21857043E+03     3.65681923E-03
1.21857361E+03    -6.47911569E-04
1.21857678E+03     6.67063723E-05
1.21857996E+03    -3.68419243E-03
1.21858313E+03    -1.36491621E-03
1.21858630E+03    -8.00751906E-04
1.21858948E+03    -1.54640875E-03
1.21859265E+03    -2.24753213E-03
1.21859583E+03     4.16902330E-04
1.21859900E+03    -3.31164501E-03
1.21860217E+03    -1.72751932E-03
1.21860535E+03     2.58432189E-03
1.21860852E+03     3.45193152E-03
1.21861169E+03     4.44358506E-04
1.21861487E+03     1.04387826E-03
1.21861804E+03    -2.00706231E-03
1.21862122E+03    -2.53797485E-03
1.21862439E+03    -1.82438013E-03
1.21862756E+03    -1.45650632E-03
1.21863086E+03    -2.70834495E-03
1.21863403E+03    -3.89579625E-04
1.21863721E+03     1.40504062E-03
1.21864038E+03    -7.44208752E-04
1.21864355E+03    -1.28234946E-03
1.21864673E+03    -1.27951335E-03
1.21864990E+03    -7.49637955E-04
1.21865308E+03    -2.17132759E-03
1.21865625E+03     8.69639625E-04
1.21865942E+03     1.64052050E-04
1.21866260E+03    -3.05715529E-03
1.21866577E+03    -3.73383024E-04
1.21866895E+03     1.77443109E-03
1.21867212E+03     1.62416161E-03
1.21867529E+03    -1.05860317E-03
1.21867847E+03     2.69800285E-03
1.21868164E+03    -5.23736060E-04
1.21868481E+03    -5.20693022E-04
1.21868799E+03    -5.17484790E-04
1.21869116E+03     1.61613151E-03
1.21869434E+03     1.62558118E-03
1.21869751E+03    -5.23607479E-04
1.21870068E+03    -2.66832439E-03
1.21870386E+03    -1.59673498E-03
1.21870703E+03    -2.66824570E-03
1.21871021E+03    -2.13408167E-03
1.21871338E+03    -2.66582193E-03
1.21871655E+03    -1.05854077E-03
1.21871973E+03    -2.12679827E-03
1.21872290E+03    -3.20530194E-03
1.21872607E+03    -2.13042716E-03
1.21872925E+03    -1.08317670E-03
1.21873242E+03    -1.08268193E-03
1.21873560E+03    -5.46100840E-04
1.21873877E+03    -5.45525807E-04
1.21874207E+03    -1.61886727E-03
1.21874524E+03    -1.08141277E-03
1.21874841E+03    -1.62212551E-03
1.21875159E+03    -5.51399542E-04
1.21875476E+03    -1.08605949E-03
1.21875793E+03     5.20383299E-04
1.21876111E+03    -2.16251228E-05
1.21876428E+03    -1.62299001E-03
1.21876746E+03     5.13772713E-04
1.21877063E+03    -2.15632725E-03
1.21877380E+03    -2.15505436E-03
1.21877698E+03    -2.68998579E-03
1.21878015E+03    -1.61903817E-03
1.21878333E+03    -1.08319486E-03
