#
# Linsky & Wood 1996 Alpha Centauri A
# Hubble Space Telescope HRS UV spectra
# Extracted from the HST Archive (MAST), dataset z2mp010dt
#
# lam - wavelength in Angstroms, range: ~1212.3 to 1218.8A
# flam - flux in relative F-lambda (erg/s/cm^2/A)
#
lam               flam
1.21232263E+03    -1.46885077E-02
1.21232593E+03    -1.46439895E-02
1.21232922E+03    -1.54507742E-03
1.21233240E+03    -1.02693513E-02
1.21233569E+03     5.04556485E-03
1.21233899E+03    -1.50764117E-03
1.21234229E+03    -5.92578575E-03
1.21234558E+03    -5.84010361E-03
1.21234888E+03    -1.53492915E-03
1.21235217E+03    -3.73453298E-03
1.21235547E+03    -5.93230035E-03
1.21235876E+03    -7.49285740E-04
1.21236206E+03    -3.70817608E-03
1.21236536E+03     2.82607111E-03
1.21236865E+03    -8.11033882E-03
1.21237183E+03    -8.10672995E-03
1.21237512E+03     9.44389403E-03
1.21237842E+03    -1.24582825E-02
1.21238171E+03     6.39926235E-04
1.21238501E+03    -8.08066502E-03
1.21238831E+03    -8.08987394E-03
1.21239160E+03     2.85982131E-03
1.21239490E+03    -8.09233263E-03
1.21239819E+03     5.00138570E-03
1.21240149E+03     2.85041588E-03
1.21240466E+03     2.84329476E-03
1.21240796E+03    -3.69338435E-03
1.21241125E+03     6.83047809E-04
1.21241455E+03     6.68111548E-04
1.21241785E+03     6.35503267E-04
1.21242114E+03    -8.06978345E-03
1.21242444E+03    -1.68020651E-02
1.21242773E+03    -1.54240255E-03
1.21243103E+03    -8.08194187E-03
1.21243433E+03     2.83516571E-03
1.21243762E+03    -1.52998092E-03
1.21244080E+03    -8.07704963E-03
1.21244409E+03    -1.24313608E-02
1.21244739E+03    -3.70705035E-03
1.21245068E+03     6.99384662E-04
1.21245398E+03     2.82550370E-03
1.21245728E+03    -8.05761572E-03
1.21246057E+03    -5.88776078E-03
1.21246387E+03    -1.45986108E-02
1.21246716E+03    -3.69889173E-03
1.21247034E+03    -5.83181344E-03
1.21247363E+03    -1.52787205E-03
1.21247693E+03    -8.02787673E-03
1.21248022E+03    -5.84837561E-03
1.21248352E+03    -1.24059105E-02
1.21248682E+03    -5.88626834E-03
1.21249011E+03    -1.02295913E-02
1.21249341E+03     6.67197106E-04
1.21249670E+03    -5.82960481E-03
1.21250000E+03    -1.52573048E-03
1.21250317E+03    -8.03509634E-03
1.21250647E+03    -1.23911602E-02
1.21250977E+03    -8.03227723E-03
1.21251306E+03    -5.87202376E-03
1.21251636E+03    -5.85902110E-03
1.21251965E+03     2.81359977E-03
1.21252295E+03    -5.86367957E-03
1.21252625E+03    -3.69244907E-03
1.21252942E+03     7.18979444E-03
1.21253271E+03    -3.69244465E-03
1.21253601E+03    -3.68313468E-03
1.21253931E+03    -8.02861061E-03
1.21254260E+03    -8.02465249E-03
1.21254590E+03     6.74538780E-04
1.21254919E+03     7.17690028E-03
1.21255249E+03    -3.69620998E-03
1.21255579E+03    -1.02044791E-02
1.21255896E+03     6.38255617E-04
1.21256226E+03    -5.86381927E-03
1.21256555E+03    -1.88731831E-02
1.21256885E+03     2.79864855E-03
1.21257214E+03    -1.02008004E-02
1.21257544E+03    -1.01697687E-02
1.21257874E+03    -1.53285707E-03
1.21258203E+03    -5.85792121E-03
1.21258521E+03    -8.03747028E-03
1.21258850E+03    -3.70012037E-03
1.21259180E+03     6.32492185E-04
1.21259509E+03    -1.50022167E-03
1.21259839E+03    -1.01821972E-02
1.21260168E+03     2.84030358E-03
1.21260498E+03     2.80323648E-03
1.21260828E+03     4.97613894E-03
1.21261145E+03    -1.50136393E-03
1.21261475E+03    -7.98990484E-03
1.21261804E+03    -5.84564917E-03
1.21262134E+03    -5.84265450E-03
1.21262463E+03     4.97592753E-03
1.21262793E+03    -3.67401307E-03
1.21263123E+03     2.79800850E-03
1.21263452E+03    -1.23356506E-02
1.21263770E+03    -1.01664066E-02
1.21264099E+03    -8.01110081E-03
1.21264429E+03     4.95624822E-03
1.21264758E+03    -8.00505187E-03
1.21265088E+03     2.83036754E-03
1.21265417E+03    -1.23199793E-02
1.21265747E+03    -5.81805734E-03
1.21266077E+03    -7.99466111E-03
1.21266394E+03     6.87979686E-04
1.21266724E+03     6.84567611E-04
1.21267053E+03     6.72233000E-04
1.21267383E+03     2.86642928E-03
1.21267712E+03    -5.81814162E-03
1.21268042E+03    -1.50273903E-03
1.21268372E+03    -3.65987001E-03
1.21268689E+03     5.01076551E-03
1.21269019E+03     9.27305687E-03
1.21269348E+03    -1.50371669E-03
1.21269678E+03    -7.98102282E-03
1.21270007E+03    -7.99210928E-03
1.21270337E+03     7.18344608E-03
1.21270667E+03    -3.66954226E-03
1.21270996E+03    -5.82002150E-03
1.21271313E+03    -3.66084184E-03
1.21271643E+03    -3.64677398E-03
1.21271973E+03    -7.96304364E-03
1.21272302E+03     4.98708244E-03
1.21272632E+03     2.90292385E-03
1.21272961E+03    -7.96170812E-03
1.21273291E+03    -5.78907551E-03
1.21273608E+03    -1.47655618E-03
1.21273938E+03    -1.44993630E-03
1.21274268E+03     1.36485966E-02
1.21274597E+03     2.89063295E-03
1.21274927E+03     4.98107914E-03
1.21275256E+03     9.28013958E-03
1.21275574E+03     5.01503097E-03
1.21275903E+03    -7.95423985E-03
1.21276233E+03    -3.62102780E-03
1.21276562E+03    -1.43889419E-03
1.21276892E+03     2.82494817E-03
1.21277222E+03     1.57770608E-02
1.21277551E+03     7.16089504E-03
1.21277869E+03    -7.93263875E-03
1.21278198E+03    -1.48561399E-03
1.21278528E+03     7.16459937E-03
1.21278857E+03     2.83526746E-03
1.21279187E+03    -1.47389225E-03
1.21279517E+03    -3.62045364E-03
1.21279846E+03    -3.59686650E-03
1.21280164E+03    -1.46650360E-03
1.21280493E+03    -1.46358821E-03
1.21280823E+03     7.18797045E-03
1.21281152E+03    -3.61098303E-03
1.21281482E+03     4.95241396E-03
1.21281812E+03    -1.46824040E-03
1.21282129E+03    -3.63059365E-03
1.21282458E+03    -5.75656770E-03
1.21282788E+03    -7.92322960E-03
1.21283118E+03     6.79610705E-04
1.21283447E+03    -1.22156311E-02
1.21283777E+03     7.16108596E-03
1.21284106E+03    -1.00664068E-02
1.21284424E+03    -7.88904727E-03
1.21284753E+03    -5.75498398E-03
1.21285083E+03    -3.58858984E-03
1.21285413E+03    -3.61895538E-03
1.21285742E+03    -3.61009594E-03
1.21286072E+03     6.79706805E-04
1.21286389E+03     5.02986554E-03
1.21286719E+03     2.84064934E-03
1.21287048E+03    -7.90478569E-03
1.21287378E+03     1.14135388E-02
1.21287708E+03     2.84933741E-03
1.21288037E+03    -5.77793503E-03
1.21288354E+03     7.33114313E-04
1.21288684E+03     9.25082713E-03
1.21289014E+03    -7.90442061E-03
1.21289343E+03    -7.91264791E-03
1.21289673E+03    -5.71957603E-03
1.21290002E+03    -1.00432336E-02
1.21290320E+03    -7.89961405E-03
1.21290649E+03    -5.75240282E-03
1.21290979E+03    -7.89861009E-03
1.21291309E+03    -5.75035252E-03
1.21291638E+03     4.96405456E-03
1.21291968E+03    -1.46675622E-03
1.21292285E+03     7.02839578E-04
1.21292615E+03    -1.00353584E-02
1.21292944E+03    -3.61616956E-03
1.21293274E+03    -3.61188082E-03
1.21293604E+03    -5.74636646E-03
1.21293933E+03    -1.00355269E-02
1.21294250E+03    -1.00305993E-02
1.21294580E+03     7.08891125E-03
1.21294910E+03     6.76697236E-04
1.21295239E+03     6.59674522E-04
1.21295569E+03    -1.44528691E-03
1.21295886E+03     2.80123367E-03
1.21296216E+03    -3.57762375E-03
1.21296545E+03     1.57394558E-02
1.21296875E+03    -1.21488282E-02
1.21297205E+03    -1.00152269E-02
1.21297534E+03     2.83592590E-03
1.21297852E+03    -5.69480518E-03
1.21298181E+03    -1.44356501E-03
1.21298511E+03     2.81404727E-03
1.21298840E+03     2.83647818E-03
1.21299170E+03    -5.70498826E-03
1.21299500E+03    -1.00018596E-02
1.21299817E+03     6.61295839E-04
1.21300146E+03     7.09533319E-03
1.21300476E+03     2.63177585E-02
1.21300806E+03     4.94195474E-03
1.21301135E+03    -1.00059621E-02
1.21301453E+03    -3.59506044E-03
1.21301782E+03     6.99691940E-04
1.21302112E+03    -1.46611023E-03
1.21302441E+03    -1.42616527E-02
1.21302771E+03    -1.42563712E-02
1.21303101E+03     6.83915918E-04
1.21303418E+03    -3.56633565E-03
1.21303748E+03    -9.99485329E-03
1.21304077E+03    -1.44065381E-03
1.21304407E+03     2.81879609E-03
1.21304736E+03     7.32541783E-04
1.21305054E+03    -1.43921422E-03
1.21305383E+03    -3.58153041E-03
1.21305713E+03    -7.83929788E-03
1.21306042E+03    -5.71094267E-03
1.21306372E+03    -1.21011147E-02
1.21306689E+03    -1.44321308E-03
1.21307019E+03     9.24093742E-03
1.21307349E+03    -7.83811416E-03
1.21307678E+03    -1.42313242E-02
1.21308008E+03    -7.83419143E-03
1.21308325E+03    -1.42158801E-02
1.21308655E+03    -3.57078062E-03
1.21308984E+03     2.82375072E-03
1.21309314E+03    -7.83124100E-03
1.21309644E+03     1.13630192E-02
1.21309961E+03    -3.57003417E-03
1.21310291E+03    -3.57396086E-03
1.21310620E+03    -1.40777277E-03
1.21310950E+03     7.30738975E-04
1.21311279E+03     6.96100818E-04
1.21311597E+03    -5.69233531E-03
1.21311926E+03     2.81500607E-03
1.21312256E+03    -5.69032831E-03
1.21312585E+03     2.84376345E-03
1.21312915E+03    -7.80884316E-03
1.21313232E+03     2.85687740E-03
1.21313562E+03    -9.94494651E-03
1.21313892E+03    -3.55183682E-03
1.21314221E+03    -7.80818705E-03
1.21314551E+03    -1.40149810E-03
1.21314868E+03    -7.79820327E-03
1.21315198E+03     4.98925429E-03
1.21315527E+03     2.81310035E-03
1.21315857E+03     2.79913633E-03
1.21316187E+03     4.93422104E-03
1.21316504E+03     1.13395024E-02
1.21316833E+03    -5.68404654E-03
1.21317163E+03     7.04617531E-04
1.21317493E+03     7.07435887E-04
1.21317822E+03     7.09821470E-03
1.21318140E+03     9.16054938E-03
1.21318469E+03     2.79745227E-03
1.21318799E+03    -1.43455749E-03
1.21319128E+03    -7.78804207E-03
1.21319458E+03    -1.44741673E-03
1.21319775E+03     9.18079820E-03
1.21320105E+03    -3.53866699E-03
1.21320435E+03    -3.53696058E-03
1.21320764E+03     2.82134232E-03
1.21321094E+03    -3.55316582E-03
1.21321411E+03     6.81971724E-04
1.21321741E+03     7.08470237E-04
1.21322070E+03     1.33801280E-02
1.21322400E+03     7.07673654E-03
1.21322717E+03     9.17753205E-03
1.21323047E+03    -5.66347968E-03
1.21323376E+03    -5.67813031E-03
1.21323706E+03     6.81960722E-04
1.21324036E+03     7.06475752E-04
1.21324353E+03    -5.69447409E-03
1.21324683E+03    -3.55910975E-03
1.21325012E+03     9.14520025E-03
1.21325342E+03     7.09594635E-04
1.21325671E+03    -1.42092945E-03
1.21325989E+03    -3.54423514E-03
1.21326318E+03     2.82373675E-03
1.21326648E+03    -1.42541272E-03
1.21326978E+03     4.95354924E-03
1.21327295E+03    -9.89642553E-03
1.21327625E+03     4.91116103E-03
1.21327954E+03    -3.54847033E-03
1.21328284E+03     2.82541593E-03
1.21328613E+03     2.77169095E-03
1.21328931E+03     6.88719214E-04
1.21329260E+03     6.70002715E-04
1.21329590E+03    -3.52130923E-03
1.21329919E+03    -3.56027880E-03
1.21330237E+03     2.76635797E-03
1.21330566E+03    -5.67441620E-03
1.21330896E+03     1.54759008E-02
1.21331226E+03     9.09599848E-03
1.21331555E+03    -1.43850013E-03
1.21331873E+03     6.76010095E-04
1.21332202E+03     4.88700811E-03
1.21332532E+03    -3.53639969E-03
1.21332861E+03    -7.76319252E-03
1.21333179E+03    -5.63466595E-03
1.21333508E+03     9.17481352E-03
1.21333838E+03    -7.76121626E-03
1.21334167E+03    -5.64474938E-03
1.21334485E+03     2.83823279E-03
1.21334814E+03     6.63877756E-04
1.21335144E+03    -3.54326377E-03
1.21335474E+03    -1.43408449E-03
1.21335803E+03     6.88665779E-04
1.21336121E+03    -1.82875041E-02
1.21336450E+03     6.97508920E-03
1.21336780E+03     4.85807937E-03
1.21337109E+03    -3.54166469E-03
1.21337427E+03     4.87139728E-03
1.21337756E+03    -1.43452187E-03
1.21338086E+03    -1.41540961E-03
1.21338416E+03     9.07856878E-03
1.21338733E+03     1.33406483E-02
1.21339062E+03    -5.64231956E-03
1.21339392E+03     1.11837517E-02
1.21339722E+03     7.06964126E-03
1.21340039E+03    -1.39980146E-03
1.21340369E+03     2.37922911E-02
1.21340698E+03    -7.73258181E-03
1.21341028E+03     2.79960618E-03
1.21341345E+03    -7.71562709E-03
1.21341675E+03     4.84586600E-03
1.21342004E+03    -3.51305772E-03
1.21342334E+03     2.79607414E-03
1.21342664E+03    -1.42114388E-03
1.21342981E+03     4.87621641E-03
1.21343311E+03     4.85891430E-03
1.21343640E+03    -1.19439103E-02
1.21343970E+03     9.06283595E-03
1.21344287E+03    -1.46947487E-03
1.21344617E+03    -3.51689872E-03
1.21344946E+03     9.06280801E-03
1.21345276E+03    -9.83760227E-03
1.21345593E+03    -7.71028735E-03
1.21345923E+03     6.98121591E-03
1.21346252E+03    -5.63619751E-03
1.21346582E+03     6.93425210E-03
1.21346899E+03    -1.42947980E-03
1.21347229E+03    -5.60304197E-03
1.21347559E+03     9.08331014E-03
1.21347888E+03    -3.54726776E-03
1.21348206E+03    -1.40112406E-02
1.21348535E+03    -1.39589340E-03
1.21348865E+03    -5.62522979E-03
1.21349194E+03     1.11108748E-02
1.21349512E+03    -7.71479821E-03
1.21349841E+03     1.53520415E-02
1.21350171E+03     2.73528229E-03
1.21350500E+03     6.84604398E-04
1.21350818E+03    -7.72492215E-03
1.21351147E+03    -1.46857952E-03
1.21351477E+03     1.11430874E-02
1.21351807E+03    -5.61928889E-03
1.21352124E+03    -3.52875981E-03
1.21352454E+03    -3.52703850E-03
1.21352783E+03     7.08185311E-04
1.21353113E+03     9.03475564E-03
1.21353430E+03     9.04665887E-03
1.21353760E+03     6.37917430E-04
1.21354089E+03    -1.42632448E-03
1.21354407E+03    -3.52464500E-03
1.21354736E+03     6.95351220E-04
1.21355066E+03     6.77423202E-04
1.21355396E+03     1.32670039E-02
1.21355713E+03     2.78811133E-03
1.21356042E+03     6.76530064E-04
1.21356372E+03    -5.59976604E-03
1.21356702E+03     2.74289702E-03
1.21357019E+03    -9.76681709E-03
1.21357349E+03     4.82698437E-03
1.21357678E+03     6.79794408E-04
1.21358008E+03    -1.60414409E-02
1.21358325E+03    -1.39762915E-03
1.21358655E+03    -1.41403754E-03
1.21358984E+03    -3.49433767E-03
1.21359314E+03     9.11243260E-03
1.21359631E+03     2.77087139E-03
1.21359961E+03     9.04257316E-03
1.21360291E+03    -7.66755687E-03
1.21360608E+03     1.11448104E-02
1.21360938E+03     4.85102553E-03
1.21361267E+03    -5.57695515E-03
1.21361597E+03     7.07190717E-04
1.21361914E+03     6.94011897E-03
1.21362244E+03    -3.46344104E-03
1.21362573E+03     4.86184005E-03
1.21362903E+03    -5.58798388E-03
1.21363220E+03     2.81970249E-03
1.21363550E+03    -5.58420364E-03
1.21363879E+03     6.96232216E-03
1.21364197E+03    -1.37728301E-03
1.21364526E+03     1.11662121E-02
1.21364856E+03     6.84380881E-04
1.21365186E+03    -3.46110016E-03
1.21365503E+03     4.89951298E-03
1.21365833E+03     1.11250049E-02
1.21366162E+03     2.79817870E-03
1.21366492E+03    -5.55223273E-03
1.21366809E+03    -1.18083162E-02
1.21367139E+03    -7.63754500E-03
1.21367468E+03    -3.42790270E-03
1.21367786E+03    -3.46908066E-03
1.21368115E+03    -1.17988540E-02
1.21368445E+03     7.01785507E-03
1.21368774E+03     4.87664295E-03
1.21369092E+03     1.11548128E-02
1.21369421E+03     6.97206799E-03
1.21369751E+03     7.25282414E-04
1.21370068E+03     1.74671486E-02
1.21370398E+03     2.15884224E-02
1.21370728E+03     2.82367854E-03
1.21371057E+03     9.07696690E-03
1.21371375E+03     4.90707485E-03
1.21371704E+03     1.73593126E-02
1.21372034E+03    -7.59714004E-03
1.21372351E+03    -1.35447178E-03
1.21372681E+03    -1.36401562E-03
1.21373010E+03     9.06160567E-03
1.21373340E+03     1.11168306E-02
1.21373657E+03     9.08845942E-03
1.21373987E+03     1.32699581E-02
1.21374316E+03     5.04321419E-03
1.21374634E+03     1.11868577E-02
1.21374963E+03     2.95484602E-03
1.21375293E+03    -5.48662758E-03
1.21375623E+03     7.64583529E-04
1.21375940E+03     1.12111764E-02
1.21376270E+03    -9.64957848E-03
1.21376599E+03     7.51108106E-04
1.21376917E+03     9.08773020E-03
1.21377246E+03    -9.65634547E-03
1.21377576E+03    -1.35931175E-03
1.21377905E+03     7.60270515E-04
1.21378223E+03    -3.40501335E-03
1.21378552E+03     7.96523993E-04
1.21378882E+03     1.12243928E-02
1.21379199E+03     2.91425339E-03
1.21379529E+03     1.10970354E-02
1.21379858E+03     2.79411115E-03
1.21380188E+03     4.96228551E-03
1.21380505E+03     2.86024809E-03
1.21380835E+03     9.15636308E-03
1.21381165E+03     4.97449469E-03
1.21381482E+03     2.91794725E-03
1.21381812E+03     7.05933291E-03
1.21382141E+03    -5.46882767E-03
1.21382458E+03     1.33136790E-02
1.21382788E+03     4.94688842E-03
1.21383118E+03     4.98200441E-03
1.21383447E+03     4.88952454E-03
1.21383765E+03    -9.66115389E-03
1.21384094E+03     1.54480841E-02
1.21384424E+03    -1.16457213E-02
1.21384741E+03    -3.39467544E-03
1.21385071E+03     5.01658954E-03
1.21385400E+03    -1.32461521E-03
1.21385718E+03     9.02975816E-03
1.21386047E+03    -1.16824554E-02
1.21386377E+03     1.73654780E-02
1.21386694E+03    -9.63205006E-03
1.21387024E+03    -3.38284927E-03
1.21387354E+03     9.08005890E-03
1.21387683E+03     2.82141310E-03
1.21388000E+03    -5.46329701E-03
1.21388330E+03    -3.42079811E-03
1.21388660E+03    -3.38769704E-03
1.21388977E+03     1.32732121E-02
1.21389307E+03    -7.55204726E-03
1.21389636E+03    -9.61553771E-03
1.21389954E+03    -7.57121062E-03
1.21390283E+03     7.45800033E-04
1.21390613E+03     2.85625341E-03
1.21390930E+03     1.73565578E-02
1.21391260E+03     2.76055024E-03
1.21391589E+03    -1.37011055E-03
1.21391919E+03    -1.27732928E-03
1.21392236E+03    -7.51526374E-03
1.21392566E+03     7.04996847E-03
1.21392896E+03     9.11640376E-03
1.21393213E+03     6.98298821E-03
1.21393542E+03    -3.35946726E-03
1.21393872E+03    -3.43178865E-03
1.21394189E+03    -3.33562656E-03
1.21394519E+03    -1.37836765E-03
1.21394849E+03     9.04730521E-03
1.21395166E+03     7.40485790E-04
1.21395496E+03     2.76666228E-03
1.21395825E+03     6.92338357E-03
1.21396143E+03     6.95269834E-03
1.21396472E+03    -1.38282334E-03
1.21396802E+03     2.73624132E-03
1.21397119E+03     2.13362742E-02
1.21397449E+03     4.82852850E-03
1.21397778E+03     1.51324822E-02
1.21398108E+03     6.89291721E-03
1.21398425E+03    -5.48417633E-03
1.21398755E+03    -3.38783651E-03
1.21399084E+03     4.82932059E-03
1.21399402E+03     7.22851139E-04
1.21399731E+03    -7.55674532E-03
1.21400061E+03     2.13630181E-02
1.21400378E+03     1.30410269E-02
1.21400708E+03     6.86412957E-03
1.21401038E+03    -3.39441351E-03
1.21401355E+03     4.81295493E-03
1.21401685E+03     2.74688937E-03
1.21402014E+03     4.84241825E-03
1.21402332E+03     1.09751020E-02
1.21402661E+03    -7.53964111E-03
1.21402991E+03     6.93029549E-04
1.21403308E+03    -1.36196357E-03
1.21403638E+03    -1.36974512E-03
1.21403967E+03     6.91128836E-04
1.21404285E+03    -1.36686361E-03
1.21404614E+03    -5.47493994E-03
1.21404944E+03    -5.46532311E-03
1.21405261E+03     6.80910016E-04
1.21405591E+03    -1.36774522E-03
1.21405920E+03    -1.36562518E-03
1.21406238E+03     4.79722535E-03
1.21406567E+03     2.32939813E-02
1.21406897E+03    -1.39384961E-03
1.21407214E+03     1.50487954E-02
1.21407544E+03     1.91798229E-02
1.21407874E+03     6.99307362E-04
1.21408191E+03    -7.51548819E-03
1.21408521E+03     6.88511995E-04
1.21408850E+03     2.32851319E-02
1.21409167E+03    -1.34975940E-03
1.21409497E+03     2.12123077E-02
1.21409827E+03     2.73749209E-03
1.21410144E+03     1.70819387E-02
1.21410474E+03     8.90511088E-03
1.21410803E+03     6.85020210E-03
1.21411121E+03     6.84935413E-03
1.21411450E+03    -5.47531573E-03
1.21411780E+03     8.90739076E-03
1.21412097E+03     1.29918950E-02
1.21412427E+03    -3.40484641E-03
1.21412756E+03     2.11869907E-02
1.21413074E+03    -5.46978461E-03
1.21413403E+03     6.83785882E-03
1.21413733E+03     1.70474742E-02
1.21414050E+03     1.09464275E-02
1.21414380E+03     2.77201994E-03
1.21414697E+03     1.09158605E-02
1.21415027E+03     4.79569053E-03
1.21415356E+03    -3.39976582E-03
1.21415674E+03    -7.49634439E-03
1.21416003E+03     1.29652023E-02
1.21416333E+03     8.86700209E-03
1.21416650E+03    -3.38366046E-03
1.21416980E+03     4.79282858E-03
1.21417310E+03    -3.42559139E-03
1.21417627E+03     1.08987205E-02
1.21417957E+03    -3.40047502E-03
1.21418286E+03     1.90862417E-02
1.21418604E+03     1.08870156E-02
1.21418933E+03     1.08717550E-02
1.21419263E+03     4.75587184E-03
1.21419580E+03     1.70333572E-02
1.21419910E+03    -1.15909325E-02
1.21420239E+03    -1.36227161E-03
1.21420557E+03     6.79951441E-03
1.21420886E+03     2.72257905E-03
1.21421204E+03     1.08845243E-02
1.21421533E+03     8.83715041E-03
1.21421863E+03     1.90270673E-02
1.21422180E+03     6.92502654E-04
1.21422510E+03     6.66754495E-04
1.21422839E+03     6.71788177E-04
1.21423157E+03     1.69961471E-02
1.21423486E+03     8.86287354E-03
1.21423816E+03     2.10601967E-02
1.21424133E+03     2.31000185E-02
1.21424463E+03     2.70385249E-03
1.21424792E+03     2.68519693E-03
1.21425110E+03     6.61895785E-04
1.21425439E+03     6.66409673E-04
1.21425757E+03     1.69675760E-02
1.21426086E+03     2.71463185E-03
1.21426416E+03     1.49358260E-02
1.21426733E+03     1.08617786E-02
1.21427063E+03     1.08576762E-02
1.21427393E+03    -1.36653474E-03
1.21427710E+03     6.78087771E-03
1.21428040E+03     7.22145021E-04
1.21428369E+03     1.29335076E-02
1.21428687E+03     1.08691612E-02
1.21429016E+03     1.28972176E-02
1.21429333E+03     1.90137289E-02
1.21429663E+03     8.85939132E-03
1.21429993E+03     1.29342331E-02
1.21430310E+03     8.80385097E-03
1.21430640E+03     2.10067201E-02
1.21430969E+03     2.09969599E-02
1.21431287E+03     4.74549085E-03
1.21431616E+03     4.72925976E-03
1.21431946E+03     6.77165529E-03
1.21432263E+03     1.90129206E-02
1.21432593E+03     1.89650878E-02
1.21432910E+03     1.69120170E-02
1.21433240E+03    -1.37449510E-03
1.21433569E+03     1.28683830E-02
1.21433887E+03     1.49124386E-02
1.21434216E+03     1.08303530E-02
1.21434546E+03     4.76438086E-03
1.21434863E+03     1.28283510E-02
1.21435193E+03     2.70945113E-03
1.21435510E+03     4.73570917E-03
1.21435840E+03     4.73904749E-03
1.21436169E+03     2.50193477E-02
1.21436487E+03     1.69278607E-02
1.21436816E+03     2.09572371E-02
1.21437146E+03     6.56815362E-04
1.21437463E+03     4.72447136E-03
1.21437793E+03     6.88171829E-04
1.21438110E+03     4.73206956E-03
1.21438440E+03     8.79698806E-03
1.21438770E+03     2.70008668E-03
1.21439087E+03     2.29895711E-02
1.21439417E+03     1.48603385E-02
1.21439746E+03     6.77706813E-03
1.21440063E+03     3.31460834E-02
1.21440393E+03     6.78600604E-03
1.21440710E+03    -3.37195513E-03
1.21441040E+03     1.08165536E-02
1.21441370E+03     2.30078734E-02
1.21441687E+03     8.80859792E-03
1.21442017E+03     1.28232455E-02
1.21442334E+03     1.48549629E-02
1.21442664E+03     2.90583037E-02
1.21442993E+03     1.68696567E-02
1.21443311E+03     1.07848393E-02
1.21443640E+03     1.28117744E-02
1.21443970E+03     8.77587683E-03
1.21444287E+03     1.07992282E-02
1.21444617E+03     2.68790848E-03
1.21444934E+03     2.70118844E-02
1.21445264E+03     6.75258692E-04
1.21445593E+03     4.71438095E-03
1.21445911E+03     6.67750777E-04
1.21446240E+03     1.88663211E-02
1.21446558E+03     3.50612029E-02
1.21446887E+03     3.10303643E-02
1.21447217E+03     2.09015924E-02
1.21447534E+03     1.68529637E-02
1.21447864E+03     6.74120756E-03
1.21448181E+03    -7.42022507E-03
1.21448511E+03     2.49243136E-02
1.21448840E+03     8.75152275E-03
1.21449158E+03     2.08902676E-02
1.21449487E+03     2.89734919E-02
1.21449805E+03     2.28763949E-02
1.21450134E+03     3.50122340E-02
1.21450464E+03     8.73320829E-03
1.21450781E+03     1.28244227E-02
1.21451111E+03     1.27787078E-02
1.21451440E+03     1.48120392E-02
1.21451758E+03     2.28756629E-02
1.21452087E+03     1.07747642E-02
1.21452405E+03     3.29254940E-02
1.21452734E+03     1.68129243E-02
1.21453064E+03     2.28583496E-02
1.21453381E+03     1.88459624E-02
1.21453711E+03     2.48650871E-02
1.21454028E+03     1.68421306E-02
1.21454358E+03     4.50632237E-02
1.21454688E+03     3.89614180E-02
1.21455005E+03     4.49883640E-02
1.21455334E+03     4.29962873E-02
1.21455652E+03     1.87963750E-02
1.21455981E+03     2.67252442E-03
1.21456299E+03     3.28786783E-02
1.21456628E+03     3.08999587E-02
1.21456958E+03     1.67945251E-02
1.21457275E+03     1.27495043E-02
1.21457605E+03     1.07306307E-02
1.21457922E+03     1.27326082E-02
1.21458252E+03     3.89170088E-02
1.21458582E+03     6.71252608E-03
1.21458899E+03     3.88674401E-02
1.21459229E+03     2.07654964E-02
1.21459546E+03     3.68337929E-02
1.21459875E+03     2.47830003E-02
1.21460205E+03     2.07639094E-02
1.21460522E+03     2.88283918E-02
1.21460852E+03     3.28557976E-02
1.21461169E+03     3.68348807E-02
1.21461499E+03     1.87401660E-02
1.21461829E+03     4.68622409E-02
1.21462146E+03     1.67219322E-02
1.21462476E+03     2.27353107E-02
1.21462793E+03     2.27452647E-02
1.21463123E+03     2.07455773E-02
1.21463440E+03     3.27576362E-02
1.21463770E+03     4.27829623E-02
1.21464099E+03     2.47280840E-02
1.21464417E+03     3.07633672E-02
1.21464746E+03     5.49011640E-02
1.21465063E+03     2.67101042E-02
1.21465393E+03     4.27596793E-02
1.21465723E+03     1.86651107E-02
1.21466040E+03     3.88093591E-02
1.21466370E+03     2.27367952E-02
1.21466687E+03     2.87081152E-02
1.21467017E+03     2.27131248E-02
1.21467334E+03     3.67620923E-02
1.21467664E+03     4.07496169E-02
1.21467993E+03     4.87147421E-02
1.21468311E+03     5.68047613E-02
1.21468640E+03     2.67141480E-02
1.21468958E+03     3.47145982E-02
1.21469287E+03     5.06697930E-02
1.21469617E+03     3.26929353E-02
1.21469934E+03     2.67066881E-02
1.21470264E+03     3.26784737E-02
1.21470581E+03     5.06744236E-02
1.21470911E+03     2.46580187E-02
1.21471228E+03     5.06109037E-02
1.21471558E+03     3.87233868E-02
1.21471887E+03     3.46133411E-02
1.21472205E+03     2.86561362E-02
1.21472534E+03     3.25840488E-02
1.21472852E+03     2.85840351E-02
1.21473181E+03     2.86137760E-02
1.21473499E+03     2.66220458E-02
1.21473828E+03     5.06450459E-02
1.21474158E+03     4.26200517E-02
1.21474475E+03     3.65929268E-02
1.21474805E+03     3.86074148E-02
1.21475122E+03     4.25678864E-02
1.21475452E+03     3.06278858E-02
1.21475769E+03     4.85384949E-02
1.21476099E+03     4.05701585E-02
1.21476428E+03     5.25494665E-02
1.21476746E+03     5.05565666E-02
1.21477075E+03     3.85143720E-02
1.21477393E+03     4.25039120E-02
1.21477722E+03     4.05127481E-02
1.21478040E+03     3.45043801E-02
1.21478369E+03     5.63949868E-02
1.21478699E+03     4.84337769E-02
1.21479016E+03     5.24384193E-02
1.21479346E+03     5.04648909E-02
1.21479663E+03     2.65115015E-02
1.21479993E+03     4.84576300E-02
1.21480310E+03     5.83948679E-02
1.21480640E+03     6.03868589E-02
1.21480957E+03     5.84043786E-02
1.21481287E+03     4.84533310E-02
1.21481616E+03     4.64529134E-02
1.21481934E+03     6.03918396E-02
1.21482263E+03     6.23480976E-02
1.21482581E+03     5.63902743E-02
1.21482910E+03     6.23569302E-02
1.21483228E+03     7.63036907E-02
1.21483557E+03     6.82629272E-02
1.21483875E+03     7.43103921E-02
1.21484204E+03     6.62656277E-02
1.21484534E+03     6.62679002E-02
1.21484851E+03     6.81842566E-02
1.21485181E+03     6.61844984E-02
1.21485498E+03     9.40110981E-02
1.21485828E+03     7.81072974E-02
1.21486145E+03     7.21626654E-02
1.21486475E+03     8.20960477E-02
1.21486792E+03     7.61391371E-02
1.21487122E+03     6.81887642E-02
1.21487451E+03     1.01866677E-01
1.21487769E+03     5.61892390E-02
1.21488098E+03     8.01085755E-02
1.21488416E+03     1.07944630E-01
1.21488745E+03     1.03869483E-01
1.21489062E+03     8.20609182E-02
1.21489392E+03     7.20939636E-02
1.21489709E+03     7.80697539E-02
1.21490039E+03     6.40694946E-02
1.21490369E+03     8.99555758E-02
1.21490686E+03     7.80155286E-02
1.21491016E+03     9.58101600E-02
1.21491333E+03     9.37659815E-02
1.21491663E+03     8.38780776E-02
1.21491980E+03     8.39350894E-02
1.21492310E+03     7.39656016E-02
1.21492627E+03     1.05669491E-01
1.21492957E+03     1.01744503E-01
1.21493274E+03     1.51166260E-01
1.21493604E+03     1.13486961E-01
1.21493933E+03     1.03555053E-01
1.21494250E+03     1.33299083E-01
1.21494580E+03     1.23428039E-01
1.21494897E+03     1.49151474E-01
1.21495227E+03     1.23309515E-01
1.21495544E+03     1.33227021E-01
1.21495874E+03     1.64937809E-01
1.21496191E+03     1.01500660E-01
1.21496521E+03     1.33064568E-01
1.21496838E+03     1.58810973E-01
1.21497168E+03     1.40918672E-01
1.21497485E+03     1.37013286E-01
1.21497815E+03     1.38909101E-01
1.21498145E+03     1.03454642E-01
1.21498462E+03     1.52778491E-01
1.21498792E+03     1.38969883E-01
1.21499109E+03     1.70380294E-01
1.21499438E+03     1.36817485E-01
1.21499756E+03     1.58591986E-01
1.21500085E+03     1.40863746E-01
1.21500403E+03     1.54554978E-01
1.21500732E+03     2.03987166E-01
1.21501050E+03     1.80237800E-01
1.21501379E+03     1.88133225E-01
1.21501697E+03     1.30737573E-01
1.21502026E+03     1.60385698E-01
1.21502344E+03     1.72107652E-01
1.21502673E+03     1.60336345E-01
1.21503003E+03     1.83776602E-01
1.21503320E+03     1.91746071E-01
1.21503650E+03     1.97866440E-01
1.21503967E+03     2.09592119E-01
1.21504297E+03     2.23170742E-01
1.21504614E+03     1.58256277E-01
1.21504944E+03     1.91619784E-01
1.21505261E+03     2.09466621E-01
1.21505591E+03     2.11126357E-01
1.21505908E+03     2.36880213E-01
1.21506238E+03     2.13218093E-01
1.21506555E+03     2.26928055E-01
1.21506885E+03     2.24786699E-01
1.21507202E+03     2.22987577E-01
1.21507532E+03     2.34599873E-01
1.21507849E+03     2.89666086E-01
1.21508179E+03     2.22563475E-01
1.21508496E+03     2.69889504E-01
1.21508826E+03     2.87480354E-01
1.21509155E+03     2.73670554E-01
1.21509473E+03     2.69530505E-01
1.21509802E+03     2.87382096E-01
1.21510120E+03     2.75584996E-01
1.21510449E+03     3.08796316E-01
1.21510767E+03     2.75334775E-01
1.21511096E+03     3.08804005E-01
1.21511414E+03     3.00899118E-01
1.21511743E+03     2.96950966E-01
1.21512061E+03     2.86875337E-01
1.21512390E+03     3.18386853E-01
1.21512708E+03     3.12477738E-01
1.21513037E+03     3.57517928E-01
1.21513354E+03     2.92644024E-01
1.21513684E+03     3.43717009E-01
1.21514001E+03     3.23971629E-01
1.21514331E+03     3.16103280E-01
1.21514648E+03     4.35328156E-01
1.21514978E+03     3.76693100E-01
1.21515295E+03     3.88470620E-01
1.21515625E+03     4.29629803E-01
1.21515942E+03     4.32984024E-01
1.21516272E+03     3.58638287E-01
1.21516589E+03     4.27338630E-01
1.21516919E+03     4.25264060E-01
1.21517236E+03     4.81773347E-01
1.21517566E+03     4.95635122E-01
1.21517883E+03     4.58457410E-01
1.21518213E+03     4.74148095E-01
1.21518530E+03     5.28183281E-01
1.21518860E+03     4.46276188E-01
1.21519177E+03     5.44063747E-01
1.21519507E+03     5.18551588E-01
1.21519824E+03     5.56961834E-01
1.21520154E+03     4.88868773E-01
1.21520483E+03     5.86596489E-01
1.21520801E+03     5.31720579E-01
1.21521130E+03     5.29266894E-01
1.21521448E+03     5.33474505E-01
1.21521777E+03     5.81952512E-01
1.21522095E+03     6.11290574E-01
1.21522424E+03     5.42609692E-01
1.21522742E+03     5.72272241E-01
1.21523071E+03     6.34792328E-01
1.21523389E+03     5.31011045E-01
1.21523718E+03     5.85481167E-01
1.21524036E+03     5.70243955E-01
1.21524365E+03     5.48176289E-01
1.21524683E+03     5.75693429E-01
1.21525012E+03     5.09082973E-01
1.21525330E+03     4.70405191E-01
1.21525659E+03     4.66274083E-01
1.21525977E+03     4.15451527E-01
1.21526306E+03     3.66375834E-01
1.21526624E+03     4.30861652E-01
1.21526953E+03     3.87740642E-01
1.21527271E+03     3.64372879E-01
1.21527600E+03     4.30011034E-01
1.21527917E+03     4.61307734E-01
1.21528247E+03     4.18687522E-01
1.21528564E+03     4.45771337E-01
1.21528882E+03     5.25188804E-01
1.21529211E+03     4.76855695E-01
1.21529529E+03     5.44880271E-01
1.21529858E+03     6.01336181E-01
1.21530176E+03     7.26762354E-01
1.21530505E+03     6.69003189E-01
1.21530823E+03     8.38088691E-01
1.21531152E+03     7.69954443E-01
1.21531470E+03     8.14372003E-01
1.21531799E+03     8.34352911E-01
1.21532117E+03     8.80689025E-01
1.21532446E+03     8.56931090E-01
1.21532764E+03     8.89552534E-01
1.21533093E+03     9.59939957E-01
1.21533411E+03     8.89107645E-01
1.21533740E+03     8.27285588E-01
1.21534058E+03     9.60132420E-01
1.21534387E+03     9.19864118E-01
1.21534705E+03     9.75873828E-01
1.21535034E+03     8.32325637E-01
1.21535352E+03     9.48651552E-01
1.21535681E+03     9.72217321E-01
1.21535999E+03     9.09931660E-01
1.21536328E+03     9.36939359E-01
1.21536646E+03     8.97051990E-01
1.21536975E+03     8.95419478E-01
1.21537292E+03     8.37614894E-01
1.21537622E+03     7.81442940E-01
1.21537939E+03     8.42527568E-01
1.21538269E+03     7.76977003E-01
1.21538586E+03     7.69349515E-01
1.21538916E+03     7.73127854E-01
1.21539233E+03     6.79744124E-01
1.21539563E+03     7.28463948E-01
1.21539880E+03     6.58638537E-01
1.21540198E+03     6.73922181E-01
1.21540527E+03     5.96243024E-01
1.21540845E+03     6.11914337E-01
1.21541174E+03     6.52974546E-01
1.21541492E+03     4.94154155E-01
1.21541821E+03     4.99758095E-01
1.21542139E+03     4.47894484E-01
1.21542468E+03     4.01337832E-01
1.21542786E+03     4.10767704E-01
1.21543115E+03     3.48906070E-01
1.21543433E+03     3.91662389E-01
1.21543762E+03     3.10258925E-01
1.21544080E+03     2.83136636E-01
1.21544409E+03     2.40364581E-01
1.21544727E+03     1.82421014E-01
1.21545056E+03     1.63018286E-01
1.21545374E+03     1.01052292E-01
1.21545703E+03     8.55210945E-02
1.21546021E+03     5.84673099E-02
1.21546338E+03     6.61639050E-02
1.21546667E+03     4.49544787E-02
1.21546985E+03     3.13822702E-02
1.21547314E+03     6.25703111E-03
1.21547632E+03     2.40652543E-03
1.21547961E+03     1.59341544E-02
1.21548279E+03     1.20394342E-02
1.21548608E+03     1.98493078E-02
1.21548926E+03     1.21080624E-02
1.21549255E+03     6.26225490E-03
1.21549573E+03     1.78638194E-02
1.21549902E+03     6.31616544E-03
1.21550220E+03     1.20448424E-02
1.21550549E+03     4.35404060E-03
1.21550867E+03     2.17703376E-02
1.21551184E+03     1.01969158E-02
1.21551514E+03     4.34094109E-03
1.21551831E+03     1.40210008E-02
1.21552161E+03     8.19219369E-03
1.21552478E+03     1.59292351E-02
1.21552808E+03     4.70447965E-04
1.21553125E+03     4.33625467E-03
1.21553455E+03    -5.30303782E-03
1.21553772E+03     2.42575677E-03
1.21554102E+03     1.20943673E-02
1.21554419E+03     4.33747983E-03
1.21554749E+03     9.48826689E-03
1.21555066E+03    -7.85571581E-04
1.21555383E+03     8.19938164E-03
1.21555713E+03     9.47975460E-03
1.21556030E+03     1.10405637E-03
1.21556360E+03     1.80096924E-02
1.21556677E+03     1.20723341E-02
1.21557007E+03    -9.13823582E-03
1.21557324E+03     9.48973559E-03
1.21557654E+03     1.25966137E-02
1.21557971E+03     6.80084480E-03
1.21558301E+03     9.87132639E-03
1.21558618E+03     1.78508461E-03
1.21558936E+03     1.13523914E-03
1.21559265E+03     1.14319623E-02
1.21559583E+03     6.16052886E-03
1.21559912E+03     2.44307332E-03
1.21560229E+03     1.02057196E-02
1.21560559E+03     1.21292248E-02
1.21560876E+03     3.08335759E-03
1.21561206E+03     7.59524293E-03
1.21561523E+03     1.33489016E-02
1.21561841E+03     5.34541148E-04
1.21562170E+03     1.78813667E-03
1.21562488E+03     1.59250759E-02
1.21562817E+03     1.27577484E-02
1.21563135E+03    -5.90074481E-03
1.21563464E+03     2.43952894E-03
1.21563782E+03     5.66491392E-03
1.21564111E+03     5.66744991E-03
1.21564429E+03     1.83252932E-03
1.21564758E+03    -1.01714119E-04
1.21565076E+03     6.92684436E-03
1.21565393E+03     8.85878224E-03
1.21565723E+03     2.55572964E-02
1.21566040E+03    -9.10769310E-03
1.21566370E+03     2.42798310E-03
1.21566687E+03     3.11407307E-03
1.21567017E+03     5.02393674E-03
1.21567334E+03     1.47275254E-02
1.21567651E+03     1.27135953E-02
1.21567981E+03     3.07059828E-02
1.21568298E+03     2.75023095E-02
1.21568628E+03     1.01835104E-02
1.21568945E+03     1.27387410E-02
1.21569275E+03     2.15680134E-02
1.21569592E+03     1.97722372E-02
1.21569922E+03    -5.23021771E-03
1.21570239E+03     1.10361027E-02
1.21570557E+03     1.03804534E-02
1.21570886E+03     4.81838398E-02
1.21571204E+03     6.94373529E-03
1.21571533E+03     1.72388181E-02
1.21571851E+03    -2.02304940E-03
1.21572180E+03     1.57716982E-02
1.21572498E+03     1.12983910E-02
1.21572815E+03     1.08072665E-02
1.21573145E+03     1.56496223E-02
1.21573462E+03     2.10764948E-02
1.21573792E+03     2.04192959E-02
1.21574109E+03     8.89947172E-03
1.21574438E+03     2.74911933E-02
1.21574756E+03     1.78666301E-02
1.21575073E+03     1.72610730E-02
1.21575403E+03     1.78662669E-02
1.21575720E+03     3.19906473E-02
1.21576050E+03     6.80969432E-02
1.21576367E+03     5.89730218E-02
1.21576697E+03     4.92983125E-02
1.21577014E+03     4.48550917E-02
1.21577332E+03     8.20893273E-02
1.21577661E+03     1.43655688E-01
1.21577979E+03     1.53129891E-01
1.21578308E+03     1.81513086E-01
1.21578625E+03     2.53960818E-01
1.21578955E+03     3.04682493E-01
1.21579272E+03     2.55142003E-01
1.21579590E+03     3.50867152E-01
1.21579919E+03     4.21795905E-01
1.21580237E+03     4.06714141E-01
1.21580566E+03     5.05424976E-01
1.21580884E+03     4.97381628E-01
1.21581213E+03     5.48492372E-01
1.21581531E+03     6.20214045E-01
1.21581848E+03     5.49208224E-01
1.21582178E+03     6.12366796E-01
1.21582495E+03     6.16563201E-01
1.21582825E+03     6.57601476E-01
1.21583142E+03     7.11760223E-01
1.21583459E+03     7.57187963E-01
1.21583789E+03     8.23597014E-01
1.21584106E+03     6.85807228E-01
1.21584436E+03     8.30378532E-01
1.21584753E+03     8.42182934E-01
1.21585083E+03     8.35851192E-01
1.21585400E+03     8.48332167E-01
1.21585718E+03     8.81002963E-01
1.21586047E+03     7.98650682E-01
1.21586365E+03     8.00882459E-01
1.21586694E+03     7.94430554E-01
1.21587012E+03     8.09749603E-01
1.21587329E+03     7.52701938E-01
1.21587659E+03     7.94028461E-01
1.21587976E+03     8.27716708E-01
1.21588306E+03     8.17266762E-01
1.21588623E+03     7.55184591E-01
1.21588953E+03     7.23340213E-01
1.21589270E+03     7.61928856E-01
1.21589587E+03     7.89818466E-01
1.21589917E+03     7.25266099E-01
1.21590234E+03     7.36302793E-01
1.21590564E+03     7.42033899E-01
1.21590881E+03     7.61959672E-01
1.21591199E+03     6.65796578E-01
1.21591528E+03     7.11347282E-01
1.21591846E+03     7.32393146E-01
1.21592175E+03     6.87642336E-01
1.21592493E+03     6.74960732E-01
1.21592810E+03     6.64928734E-01
1.21593140E+03     6.64837837E-01
1.21593457E+03     6.08616054E-01
1.21593787E+03     6.32025898E-01
1.21594104E+03     6.38044000E-01
1.21594421E+03     6.13236547E-01
1.21594751E+03     5.45387506E-01
1.21595068E+03     5.76251209E-01
1.21595398E+03     5.93413234E-01
1.21595715E+03     6.01003826E-01
1.21596033E+03     5.81641912E-01
1.21596362E+03     4.74359304E-01
1.21596680E+03     5.08855283E-01
1.21597009E+03     5.08758962E-01
1.21597327E+03     5.18479943E-01
1.21597644E+03     4.62589890E-01
1.21597974E+03     5.41363716E-01
1.21598291E+03     4.99454379E-01
1.21598621E+03     4.42779660E-01
1.21598938E+03     4.87474501E-01
1.21599255E+03     4.50907320E-01
1.21599585E+03     3.89360756E-01
1.21599902E+03     4.08488125E-01
1.21600232E+03     4.10722822E-01
1.21600549E+03     4.10520285E-01
1.21600867E+03     3.93307000E-01
1.21601196E+03     3.95052850E-01
1.21601514E+03     3.35613608E-01
1.21601843E+03     3.87574613E-01
1.21602161E+03     3.79961163E-01
1.21602478E+03     3.81749541E-01
1.21602808E+03     3.74353528E-01
1.21603125E+03     3.76089305E-01
1.21603442E+03     3.93482804E-01
1.21603772E+03     3.79955232E-01
1.21604089E+03     3.51270229E-01
1.21604419E+03     3.31928223E-01
1.21604736E+03     3.03070277E-01
1.21605054E+03     3.00860256E-01
1.21605383E+03     3.20345581E-01
1.21605701E+03     3.28210711E-01
1.21606030E+03     2.80268341E-01
1.21606348E+03     2.87488282E-01
1.21606665E+03     2.64589161E-01
1.21606995E+03     2.56664932E-01
1.21607312E+03     2.31695130E-01
1.21607642E+03     2.98917651E-01
1.21607959E+03     2.49148667E-01
1.21608276E+03     2.58737087E-01
1.21608606E+03     2.35708162E-01
1.21608923E+03     2.35400274E-01
1.21609241E+03     2.25981385E-01
1.21609570E+03     2.22133726E-01
1.21609888E+03     2.18312591E-01
1.21610217E+03     1.96963534E-01
1.21610535E+03     2.10413426E-01
1.21610852E+03     1.81633368E-01
1.21611182E+03     1.81655452E-01
1.21611499E+03     1.73879892E-01
1.21611816E+03     1.93169773E-01
1.21612146E+03     1.54712528E-01
1.21612463E+03     2.16390193E-01
1.21612793E+03     1.94962785E-01
1.21613110E+03     1.79655626E-01
1.21613428E+03     2.02909976E-01
1.21613757E+03     2.16160148E-01
1.21614075E+03     1.50743216E-01
1.21614392E+03     1.56495064E-01
1.21614722E+03     1.68085054E-01
1.21615039E+03     1.54544637E-01
1.21615369E+03     1.66071966E-01
1.21615686E+03     1.58486620E-01
1.21616003E+03     1.56587645E-01
1.21616333E+03     1.37339637E-01
1.21616650E+03     1.39125139E-01
1.21616968E+03     1.27792940E-01
1.21617297E+03     1.35462567E-01
1.21617615E+03     1.43195271E-01
1.21617944E+03     1.62287235E-01
1.21618262E+03     1.39230728E-01
1.21618579E+03     1.71922967E-01
1.21618909E+03     1.33643433E-01
1.21619226E+03     1.19927175E-01
1.21619543E+03     1.14287712E-01
1.21619873E+03     1.23902351E-01
1.21620190E+03     1.06651448E-01
1.21620520E+03     1.14214383E-01
1.21620837E+03     9.31762755E-02
1.21621155E+03     1.22063145E-01
1.21621484E+03     1.22096919E-01
1.21621802E+03     1.16156980E-01
1.21622119E+03     1.08545594E-01
1.21622449E+03     1.08497888E-01
1.21622766E+03     1.00865453E-01
1.21623083E+03     1.06537938E-01
1.21623413E+03     1.20026052E-01
1.21623730E+03     1.00860670E-01
1.21624060E+03     1.06511354E-01
1.21624377E+03     1.10392451E-01
1.21624695E+03     8.35926980E-02
1.21625024E+03     8.15925822E-02
1.21625342E+03     1.22189119E-01
1.21625659E+03     8.54138881E-02
1.21625989E+03     1.02876835E-01
1.21626306E+03     7.78341964E-02
1.21626624E+03     7.77395368E-02
1.21626953E+03     1.06652796E-01
1.21627271E+03     1.10758059E-01
1.21627588E+03     6.44196346E-02
1.21627917E+03     9.52311903E-02
1.21628235E+03     1.12408265E-01
1.21628564E+03     7.02902600E-02
1.21628882E+03     1.00858301E-01
1.21629199E+03     8.36819187E-02
1.21629529E+03     7.39087984E-02
1.21629846E+03     7.96195120E-02
1.21630164E+03     5.47437333E-02
1.21630493E+03     6.82037026E-02
1.21630811E+03     6.23219460E-02
1.21631128E+03     7.40218312E-02
1.21631458E+03     9.12516862E-02
1.21631775E+03     6.04849271E-02
1.21632092E+03     7.58086368E-02
1.21632422E+03     6.82153255E-02
1.21632739E+03     6.82895780E-02
1.21633057E+03     5.86381145E-02
1.21633386E+03     8.55056569E-02
1.21633704E+03     7.97086507E-02
1.21634033E+03     4.90161218E-02
1.21634351E+03     6.24453500E-02
1.21634668E+03     6.24538437E-02
1.21634998E+03     7.02267066E-02
1.21635315E+03     8.35585594E-02
1.21635632E+03     5.28211817E-02
1.21635962E+03     5.85611314E-02
1.21636279E+03     6.82809800E-02
1.21636597E+03     6.25985637E-02
1.21636926E+03     6.05939738E-02
1.21637244E+03     8.54508355E-02
1.21637561E+03     7.21410662E-02
1.21637891E+03     6.62012845E-02
1.21638208E+03     4.51314971E-02
1.21638525E+03     4.12991233E-02
1.21638855E+03     6.43893033E-02
1.21639172E+03     4.90666963E-02
1.21639490E+03     4.33173627E-02
1.21639819E+03     4.70718928E-02
1.21640137E+03     4.31804657E-02
1.21640454E+03     5.28579652E-02
1.21640784E+03     5.48074692E-02
1.21641101E+03     5.47198802E-02
1.21641418E+03     5.86253330E-02
1.21641748E+03     4.52018268E-02
1.21642065E+03     4.52110954E-02
1.21642383E+03     4.70721722E-02
1.21642712E+03     3.56012173E-02
1.21643030E+03     5.67784086E-02
1.21643347E+03     4.52280268E-02
1.21643677E+03     3.35620195E-02
1.21643994E+03     3.16806622E-02
1.21644312E+03     4.70839143E-02
1.21644641E+03     3.74960564E-02
1.21644958E+03     3.17113660E-02
1.21645276E+03     4.90539297E-02
1.21645605E+03     2.40271054E-02
1.21645923E+03     4.13031094E-02
1.21646240E+03     4.70874906E-02
1.21646570E+03     3.94762382E-02
1.21646887E+03     3.94430533E-02
1.21647205E+03     3.94019112E-02
1.21647534E+03     2.59437803E-02
1.21647852E+03     3.94472256E-02
1.21648169E+03     4.32481542E-02
1.21648499E+03     3.36416848E-02
1.21648816E+03     3.55455317E-02
1.21649133E+03     3.37060764E-02
1.21649463E+03     4.12569717E-02
1.21649780E+03     2.78708283E-02
1.21650098E+03     3.55571397E-02
1.21650427E+03     3.93989980E-02
1.21650745E+03     2.01871134E-02
1.21651062E+03     3.17554995E-02
1.21651392E+03     2.97399871E-02
1.21651709E+03     3.54896933E-02
1.21652026E+03     2.97876876E-02
1.21652356E+03     2.01945640E-02
1.21652673E+03     2.40105037E-02
1.21652991E+03     4.33056727E-02
1.21653320E+03     2.59336624E-02
1.21653638E+03     4.32241820E-02
1.21653955E+03     2.59567089E-02
1.21654272E+03     3.55517678E-02
1.21654602E+03     4.71449234E-02
1.21654919E+03     2.79438552E-02
1.21655237E+03     3.74649316E-02
1.21655566E+03     2.59667132E-02
1.21655884E+03     3.56027037E-02
1.21656201E+03     3.17025483E-02
1.21656531E+03     2.40758918E-02
1.21656848E+03     3.18062194E-02
1.21657166E+03     2.98667178E-02
1.21657495E+03     1.82982050E-02
1.21657812E+03     2.40697432E-02
1.21658130E+03     1.83179751E-02
1.21658459E+03     1.25312647E-02
1.21658777E+03     1.83267277E-02
1.21659094E+03     5.85287102E-02
1.21659424E+03     1.25113223E-02
1.21659741E+03     3.75686958E-02
1.21660059E+03     2.59950235E-02
1.21660376E+03     4.32331227E-02
1.21660706E+03     1.83772445E-02
1.21661023E+03     2.78850626E-02
1.21661340E+03     1.63833909E-02
1.21661670E+03     2.21330039E-02
1.21661987E+03     1.06128426E-02
1.21662305E+03     3.17620635E-02
1.21662634E+03     1.45009188E-02
1.21662952E+03     2.40564309E-02
1.21663269E+03     2.21834164E-02
1.21663599E+03     2.60559749E-02
1.21663916E+03     1.06476024E-02
1.21664233E+03     3.93855870E-02
1.21664551E+03     2.22047400E-02
1.21664880E+03     2.02195290E-02
1.21665198E+03     4.13235500E-02
1.21665515E+03     2.98331175E-02
1.21665845E+03     2.21705604E-02
1.21666162E+03     3.55690233E-02
1.21666479E+03     1.25580486E-02
1.21666809E+03     2.40965895E-02
1.21667126E+03     3.37128229E-02
1.21667444E+03     2.59630121E-02
1.21667773E+03     3.17925848E-02
1.21668091E+03     2.02432442E-02
1.21668408E+03     2.22547371E-02
1.21668726E+03     1.63953714E-02
1.21669055E+03     2.40987688E-02
1.21669373E+03     2.59991623E-02
1.21669690E+03     1.83335971E-02
1.21670020E+03     1.06089364E-03
1.21670337E+03     2.21421607E-02
1.21670654E+03     3.36290449E-02
1.21670972E+03     6.82689669E-03
1.21671301E+03     2.02666335E-02
1.21671619E+03     2.21926328E-02
1.21671936E+03     1.64137613E-02
1.21672266E+03     2.21863892E-02
1.21672583E+03     1.26060396E-02
1.21672900E+03     2.41033453E-02
1.21673230E+03     2.78969016E-02
1.21673547E+03     2.79247109E-02
1.21673865E+03     1.06462771E-02
1.21674182E+03     2.21831296E-02
1.21674512E+03     1.44852838E-02
1.21674829E+03     1.44838402E-02
1.21675146E+03     8.77088588E-03
1.21675476E+03     1.83301531E-02
1.21675793E+03     2.02610847E-02
1.21676111E+03     2.02825107E-02
1.21676428E+03     2.79244743E-02
1.21676758E+03     4.93462849E-03
1.21677075E+03     1.45129403E-02
1.21677393E+03     2.02657282E-02
1.21677722E+03     1.64702479E-02
1.21678040E+03     1.83776692E-02
1.21678357E+03     1.26060098E-02
1.21678674E+03     5.00272121E-03
1.21679004E+03     1.26007730E-02
1.21679321E+03     1.83327161E-02
1.21679639E+03     6.85108546E-03
1.21679968E+03     8.76862928E-03
1.21680286E+03     2.79887207E-02
1.21680603E+03     1.06775770E-02
1.21680920E+03     1.83223914E-02
1.21681250E+03     1.64256003E-02
1.21681567E+03     6.88977446E-03
1.21681885E+03    -7.91523722E-04
1.21682214E+03     1.64095555E-02
1.21682532E+03     2.21984126E-02
1.21682849E+03     2.78817713E-02
1.21683167E+03     8.76685232E-03
1.21683496E+03     1.64391901E-02
1.21683813E+03     1.83669366E-02
1.21684131E+03     1.83385350E-02
1.21684460E+03     8.76616314E-03
1.21684778E+03     4.94425697E-03
1.21685095E+03     2.02393867E-02
1.21685413E+03     2.02520620E-02
1.21685742E+03     1.26072448E-02
1.21686060E+03     1.63732637E-02
1.21686377E+03     6.86401268E-03
1.21686694E+03     1.82847548E-02
1.21687024E+03     6.85213087E-03
1.21687341E+03     1.63833834E-02
1.21687659E+03     4.93978709E-03
1.21687988E+03     2.78653335E-02
1.21688306E+03     1.06873708E-02
1.21688623E+03     4.93242405E-03
1.21688940E+03     1.63807273E-02
1.21689270E+03     3.73763219E-02
1.21689587E+03     3.01991613E-03
1.21689905E+03     3.02715343E-03
1.21690222E+03    -2.70478916E-03
1.21690552E+03     1.25574432E-02
1.21690869E+03     3.02675623E-03
1.21691187E+03     2.01912448E-02
1.21691516E+03     4.95098997E-03
1.21691833E+03     6.82295440E-03
1.21692151E+03     4.90933331E-03
1.21692468E+03     3.01199476E-03
1.21692798E+03     8.72999895E-03
1.21693115E+03     1.44523121E-02
1.21693433E+03     1.44740408E-02
1.21693750E+03     1.44423358E-02
1.21694080E+03    -8.07413482E-04
1.21694397E+03     1.44698555E-02
1.21694714E+03     3.00325989E-03
1.21695032E+03     2.20675152E-02
1.21695361E+03     1.25305457E-02
1.21695679E+03     8.74431897E-03
1.21695996E+03     1.63846333E-02
1.21696326E+03     1.06107993E-02
1.21696643E+03     1.10392808E-03
1.21696960E+03     1.44248586E-02
1.21697278E+03     2.01992933E-02
1.21697607E+03     2.20229328E-02
1.21697925E+03     1.25082778E-02
1.21698242E+03     8.74099322E-03
1.21698560E+03     1.44245457E-02
1.21698889E+03     1.06108328E-02
1.21699207E+03     6.80765230E-03
1.21699524E+03     1.25067439E-02
1.21699841E+03     1.25321113E-02
1.21700171E+03     1.05968807E-02
1.21700488E+03     8.69903434E-03
1.21700806E+03     4.90348414E-03
1.21701123E+03     1.44024491E-02
1.21701453E+03     1.06016872E-02
1.21701770E+03     1.44331614E-02
1.21702087E+03     1.24893822E-02
1.21702405E+03     1.06529770E-02
1.21702734E+03     4.90872981E-03
1.21703052E+03     1.09280017E-03
1.21703369E+03    -8.02895636E-04
1.21703687E+03    -2.69870088E-03
1.21704016E+03     1.05885044E-02
1.21704333E+03     1.24920942E-02
1.21704651E+03     1.44140469E-02
1.21704968E+03     2.38905940E-02
1.21705298E+03     1.62785184E-02
1.21705615E+03     1.05844494E-02
1.21705933E+03     4.89200605E-03
1.21706250E+03    -6.45928597E-03
1.21706580E+03     1.24803940E-02
1.21706897E+03     1.24977930E-02
1.21707214E+03     6.79481542E-03
1.21707532E+03     1.62795186E-02
1.21707861E+03     4.89882100E-03
1.21708179E+03     1.62666757E-02
1.21708496E+03     8.67733080E-03
1.21708813E+03     2.39092633E-02
1.21709143E+03     2.57611480E-02
1.21709460E+03     4.90221288E-03
1.21709778E+03     6.82251528E-03
1.21710095E+03    -7.91343220E-04
1.21710425E+03     2.38454919E-02
1.21710742E+03     4.89328196E-03
1.21711060E+03     1.05733583E-02
1.21711377E+03     1.43520366E-02
1.21711707E+03     6.79419469E-03
1.21712024E+03     1.06277708E-02
1.21712341E+03     1.81823149E-02
1.21712659E+03     6.80642202E-03
1.21712988E+03    -6.46484084E-03
1.21713306E+03     2.57484075E-02
1.21713623E+03     1.43824425E-02
1.21713940E+03     1.06095206E-02
1.21714258E+03     2.19154693E-02
1.21714587E+03     2.00417470E-02
1.21714905E+03     6.81423582E-03
1.21715222E+03    -4.56994725E-03
1.21715540E+03     4.89004608E-03
1.21715869E+03     1.06210811E-02
1.21716187E+03     1.62319411E-02
1.21716504E+03     1.43735660E-02
1.21716821E+03     1.43438885E-02
1.21717151E+03    -4.56910860E-03
1.21717468E+03     1.24822967E-02
1.21717786E+03     2.98377243E-03
1.21718103E+03     1.10591017E-03
1.21718420E+03     1.05651002E-02
1.21718750E+03    -6.45351969E-03
1.21719067E+03     1.05946632E-02
1.21719385E+03    -7.84625357E-04
1.21719702E+03     8.66808370E-03
1.21720032E+03     1.05852308E-02
1.21720349E+03     2.99580116E-03
1.21720667E+03     6.78570848E-03
1.21720984E+03     3.00756656E-03
1.21721313E+03     1.25001827E-02
1.21721631E+03     8.69730860E-03
1.21721948E+03     1.06055895E-02
1.21722266E+03    -4.55400301E-03
1.21722583E+03     8.72049108E-03
1.21722913E+03     1.13445334E-03
1.21723230E+03     1.10033387E-03
1.21723547E+03    -7.68269529E-04
1.21723865E+03     3.04137962E-03
1.21724194E+03     1.24603203E-02
1.21724512E+03     1.05705010E-02
1.21724829E+03     6.82240445E-03
1.21725146E+03     8.66638403E-03
1.21725464E+03    -7.42216303E-04
1.21725793E+03     1.24336304E-02
1.21726111E+03     4.88661090E-03
1.21726428E+03     2.56674197E-02
1.21726746E+03    -2.64365273E-03
1.21727075E+03     8.65955651E-03
1.21727393E+03    -2.62718950E-03
1.21727710E+03    -7.54079898E-04
1.21728027E+03    -7.62269075E-04
1.21728345E+03     6.81369100E-03
1.21728674E+03     1.24777965E-02
1.21728992E+03     1.05390036E-02
1.21729309E+03     8.66345409E-03
1.21729626E+03     6.79233950E-03
1.21729956E+03     3.00971325E-03
1.21730273E+03     6.80685416E-03
1.21730591E+03     1.24370223E-02
1.21730908E+03     1.80865005E-02
1.21731226E+03    -2.65080016E-03
1.21731555E+03     3.00530624E-03
1.21731873E+03     1.12027838E-03
1.21732190E+03    -4.53261286E-03
1.21732507E+03     1.12842582E-03
1.21732825E+03     6.77674264E-03
1.21733154E+03     8.63679405E-03
1.21733472E+03    -6.39489526E-03
1.21733789E+03    -8.27979017E-03
1.21734106E+03     1.62335820E-02
1.21734424E+03     1.43999867E-02
1.21734753E+03     1.05485925E-02
1.21735071E+03    -7.54099921E-04
1.21735388E+03     3.02915904E-03
1.21735706E+03     2.56845951E-02
1.21736035E+03     1.13957841E-03
1.21736353E+03     3.03043239E-03
1.21736670E+03    -8.27657711E-03
1.21736987E+03     3.05174291E-03
1.21737305E+03     1.24048069E-02
1.21737634E+03     4.95031290E-03
1.21737952E+03     3.02753481E-03
1.21738269E+03     1.43712871E-02
1.21738586E+03     3.00892838E-03
1.21738904E+03     8.64384230E-03
1.21739233E+03     1.24137737E-02
1.21739551E+03    -4.48973617E-03
1.21739868E+03     6.78066444E-03
1.21740186E+03     8.69635493E-03
1.21740503E+03     4.91399877E-03
1.21740833E+03    -2.61849910E-03
1.21741150E+03     1.24027375E-02
1.21741467E+03     1.05622876E-02
1.21741785E+03    -6.38771243E-03
1.21742102E+03     8.70771613E-03
1.21742432E+03     6.76250365E-03
1.21742749E+03    -7.49344472E-04
1.21743066E+03     1.23851299E-02
1.21743384E+03    -2.62858416E-03
1.21743701E+03     4.90087317E-03
1.21744031E+03     1.16907619E-03
1.21744348E+03    -1.20230038E-02
1.21744666E+03    -7.61711330E-04
1.21744983E+03    -4.50662896E-03
1.21745300E+03     8.69399309E-03
1.21745630E+03     4.89041302E-03
1.21745947E+03     6.76126871E-03
1.21746265E+03    -7.38360744E-04
1.21746582E+03     3.04950005E-03
1.21746899E+03     8.66784714E-03
1.21747229E+03     1.16052188E-03
1.21747546E+03     1.24050202E-02
1.21747864E+03    -4.48864838E-03
1.21748181E+03     1.21025089E-03
1.21748499E+03    -7.29024003E-04
1.21748816E+03     4.88413544E-03
1.21749146E+03    -7.47027341E-04
1.21749463E+03     4.90626693E-03
1.21749780E+03     3.05540999E-03
1.21750098E+03     1.05268052E-02
1.21750415E+03     1.17322977E-03
1.21750745E+03    -4.48898831E-03
1.21751062E+03     1.14036945E-03
1.21751379E+03     1.14831666E-03
1.21751697E+03     4.92628617E-03
1.21752014E+03     3.06033995E-03
1.21752344E+03     4.96548368E-03
1.21752661E+03     1.05251800E-02
1.21752979E+03     4.90035815E-03
1.21753296E+03     8.65408126E-03
1.21753613E+03    -2.56728730E-03
1.21753931E+03    -2.58799898E-03
1.21754260E+03     4.91422927E-03
1.21754578E+03     1.15133717E-03
1.21754895E+03     1.18049642E-03
1.21755212E+03     1.05397953E-02
1.21755530E+03     1.05647929E-02
1.21755859E+03     6.78532943E-03
1.21756177E+03     4.91044670E-03
1.21756494E+03    -2.60125217E-03
1.21756812E+03     3.02163768E-03
1.21757129E+03     3.03310785E-03
1.21757446E+03     8.66284966E-03
1.21757776E+03     8.65272805E-03
1.21758093E+03     6.78656157E-03
1.21758411E+03     4.90500499E-03
1.21758728E+03     8.64897761E-03
1.21759045E+03     1.16643554E-03
1.21759363E+03     1.05475625E-02
1.21759692E+03     1.42590925E-02
1.21760010E+03     1.42877148E-02
1.21760327E+03    -4.46528848E-03
1.21760645E+03     8.66230857E-03
1.21760962E+03     8.66463594E-03
1.21761292E+03     1.80357452E-02
1.21761609E+03     6.78488379E-03
1.21761926E+03     8.65561422E-03
1.21762244E+03     6.80123921E-03
1.21762561E+03    -6.33999100E-03
1.21762878E+03     3.01651284E-03
1.21763208E+03     1.16961321E-03
1.21763525E+03    -7.14146765E-04
1.21763843E+03     1.17011322E-03
1.21764160E+03     8.62617977E-03
1.21764478E+03     4.88605769E-03
1.21764795E+03     1.05079710E-02
1.21765125E+03     8.65257066E-03
1.21765442E+03     1.15863560E-03
1.21765759E+03    -2.55566952E-03
1.21766077E+03     8.61702859E-03
1.21766394E+03     3.03585804E-03
1.21766711E+03     1.16024807E-03
1.21767041E+03    -6.32493105E-03
1.21767358E+03     3.05949664E-03
1.21767676E+03    -6.79054472E-04
1.21767993E+03     4.89710830E-03
1.21768311E+03     1.16422959E-03
1.21768628E+03     3.01015237E-03
1.21768958E+03     1.42044527E-02
1.21769275E+03     1.04891267E-02
1.21769592E+03    -4.44115652E-03
1.21769910E+03    -7.16025301E-04
1.21770227E+03     4.89733834E-03
1.21770544E+03     8.61643627E-03
1.21770862E+03     1.16037007E-03
1.21771191E+03    -1.00417817E-02
1.21771509E+03    -2.58509815E-03
1.21771826E+03     1.23252338E-02
1.21772144E+03    -6.28628815E-03
1.21772461E+03     6.72926800E-03
1.21772778E+03    -8.17769673E-03
1.21773108E+03     8.62722658E-03
1.21773425E+03    -2.56897905E-03
1.21773743E+03     6.75122347E-03
1.21774060E+03     1.16897048E-03
1.21774377E+03    -6.30650856E-03
1.21774695E+03     8.63122847E-03
1.21775024E+03    -2.54246779E-03
1.21775342E+03     1.23463375E-02
1.21775659E+03     1.42065343E-02
1.21775977E+03    -2.54950020E-03
1.21776294E+03     3.04178637E-03
1.21776611E+03    -4.43897722E-03
1.21776929E+03     1.04712788E-02
1.21777258E+03    -6.28008321E-03
1.21777576E+03    -1.00277001E-02
1.21777893E+03    -2.57540611E-03
1.21778210E+03    -4.38539637E-03
1.21778528E+03    -2.52208626E-03
1.21778845E+03    -1.00114234E-02
1.21779163E+03     3.05799744E-03
1.21779492E+03     1.23774083E-02
1.21779810E+03     1.29909359E-03
1.21780127E+03     1.26040285E-03
1.21780444E+03    -2.55666161E-03
1.21780762E+03     1.28474052E-03
1.21781079E+03     6.90723350E-03
1.21781396E+03    -6.35510776E-04
1.21781726E+03     1.21830613E-03
1.21782043E+03    -9.93763003E-03
1.21782361E+03     3.08342907E-03
1.21782678E+03    -2.54358165E-03
1.21782996E+03    -5.37201995E-04
1.21783313E+03     1.17318868E-03
1.21783630E+03     4.91771474E-03
1.21783960E+03     1.23776495E-03
1.21784277E+03    -2.46243784E-03
1.21784595E+03     1.25277499E-02
1.21784912E+03     1.18873431E-03
1.21785229E+03    -6.00171159E-04
1.21785547E+03    -6.08681643E-04
1.21785864E+03    -2.50859023E-03
1.21786194E+03    -9.93796997E-03
1.21786511E+03    -5.46086754E-04
1.21786829E+03    -6.14550477E-03
1.21787146E+03    -5.44737617E-04
1.21787463E+03     8.82032048E-03
1.21787781E+03    -4.24997043E-03
1.21788098E+03     6.91717956E-03
1.21788428E+03     3.19407368E-03
1.21788745E+03    -2.44783377E-03
1.21789062E+03    -6.13635231E-04
1.21789380E+03    -6.29183138E-04
1.21789697E+03     8.79527349E-03
1.21790015E+03     2.55081290E-03
1.21790332E+03     1.30675512E-03
1.21790662E+03    -7.45996740E-03
1.21790979E+03     8.79059918E-03
1.21791296E+03     2.57236673E-03
1.21791614E+03     1.39800599E-02
1.21791931E+03    -9.87983402E-03
1.21792249E+03     3.85169731E-03
1.21792566E+03    -3.71110579E-03
1.21792883E+03     8.05950537E-03
1.21793213E+03     4.92772646E-03
1.21793530E+03    -6.16426021E-03
1.21793848E+03    -5.02922712E-03
1.21794165E+03     1.23423000E-03
1.21794482E+03     1.97346811E-03
1.21794800E+03    -5.79169951E-04
1.21795117E+03    -2.43321876E-03
1.21795435E+03    -1.14224257E-03
1.21795764E+03    -1.16495125E-03
1.21796082E+03    -3.01840669E-03
1.21796399E+03     1.69746764E-02
1.21796716E+03     5.72737353E-03
1.21797034E+03    -7.98874628E-03
1.21797351E+03     4.45072027E-03
1.21797668E+03     1.49569300E-04
1.21797986E+03     3.21478304E-03
1.21798315E+03     4.52129170E-03
1.21798633E+03    -1.17164403E-02
1.21798950E+03     1.44431076E-04
1.21799268E+03    -1.15509483E-03
1.21799585E+03     1.20035727E-02
1.21799902E+03     4.49030753E-03
1.21800220E+03     1.02002481E-02
1.21800537E+03     1.07447635E-02
1.21800867E+03     6.95893681E-03
1.21801184E+03     1.44171510E-02
1.21801501E+03     6.34656614E-03
1.21801819E+03     7.61120999E-03
1.21802136E+03    -5.49337268E-03
1.21802454E+03     7.13368878E-04
1.21802771E+03     7.92238396E-04
1.21803088E+03     8.18483252E-03
1.21803406E+03    -3.60334641E-03
1.21803735E+03     1.19531648E-02
1.21804053E+03     7.23484438E-04
1.21804370E+03     1.32350964E-04
1.21804688E+03    -3.56296636E-03
1.21805005E+03     6.35077106E-03
1.21805322E+03     5.74850244E-03
1.21805640E+03     2.07189042E-02
1.21805957E+03    -4.24032472E-03
1.21806274E+03    -4.87070269E-04
1.21806604E+03     1.42387126E-03
1.21806921E+03     8.90403148E-03
1.21807239E+03     1.41535478E-03
1.21807556E+03     7.61147123E-03
1.21807874E+03     7.71831349E-03
1.21808191E+03     1.26887476E-02
1.21808508E+03    -1.10815093E-02
1.21808826E+03     2.01452784E-02
1.21809143E+03    -2.25432822E-03
1.21809473E+03    -2.30799755E-03
1.21809790E+03     4.61739628E-03
1.21810107E+03    -6.69120764E-03
1.21810425E+03     2.23130002E-04
1.21810742E+03    -1.08913891E-03
1.21811060E+03     7.11125648E-03
1.21811377E+03     3.32607306E-03
1.21811694E+03     5.28415106E-03
1.21812012E+03     5.26879774E-03
1.21812329E+03     1.46211423E-02
1.21812659E+03     5.17094415E-03
1.21812976E+03     3.43240798E-03
1.21813293E+03     3.35085741E-03
1.21813611E+03     7.10490765E-03
1.21813928E+03    -2.26861797E-03
1.21814246E+03     9.07113589E-03
1.21814563E+03     7.13349367E-03
1.21814880E+03     3.44359339E-03
1.21815198E+03    -2.25423998E-03
1.21815515E+03     1.48322643E-03
1.21815845E+03    -2.15810211E-03
1.21816162E+03     1.85823310E-02
1.21816479E+03     1.09753404E-02
1.21816797E+03     7.16200192E-03
1.21817114E+03     2.42441259E-02
1.21817432E+03    -9.74977110E-03
1.21817749E+03     7.23268511E-03
1.21818066E+03     1.29704373E-02
1.21818384E+03     2.04779226E-02
1.21818701E+03     1.10312747E-02
1.21819031E+03     5.34855621E-03
1.21819348E+03    -2.21170881E-03
1.21819666E+03     5.35065914E-03
1.21819983E+03     3.57515272E-03
1.21820300E+03     2.43280716E-02
1.21820618E+03     1.30370557E-02
1.21820935E+03     3.47294752E-03
1.21821252E+03     7.39443302E-03
1.21821570E+03     1.47854304E-02
1.21821887E+03     1.56608538E-03
1.21822205E+03     7.28440844E-03
1.21822534E+03     5.45173278E-03
1.21822852E+03     7.25126453E-03
1.21823169E+03     9.33839474E-03
1.21823486E+03     1.30686443E-02
1.21823804E+03     1.12545555E-02
1.21824121E+03     1.88182127E-02
1.21824438E+03     7.33788172E-03
1.21824756E+03     1.12281702E-02
1.21825073E+03     1.68599263E-02
1.21825391E+03     3.19567844E-02
1.21825708E+03     5.56528056E-03
1.21826038E+03     5.49009116E-03
1.21826355E+03     1.68960802E-02
1.21826672E+03     7.36717414E-03
1.21826990E+03     2.07658093E-02
1.21827307E+03     2.07952093E-02
1.21827625E+03     9.30625480E-03
1.21827942E+03    -7.76896719E-03
1.21828259E+03    -1.47444254E-04
1.21828577E+03     1.88727155E-02
1.21828894E+03     1.69652514E-02
1.21829211E+03     2.46554352E-02
1.21829529E+03     7.51069468E-03
1.21829846E+03     2.84067970E-02
1.21830176E+03     7.55215576E-03
1.21830493E+03     1.51247205E-02
1.21830811E+03     1.13695599E-02
1.21831128E+03     5.65112522E-03
1.21831445E+03     2.28250418E-02
1.21831763E+03     9.45911929E-03
1.21832080E+03    -1.93192391E-03
1.21832397E+03     1.13695208E-02
1.21832715E+03     1.14638321E-02
1.21833032E+03     1.14011224E-02
1.21833350E+03    -7.64081674E-03
1.21833667E+03     2.07811873E-02
1.21833984E+03    -9.56529938E-03
1.21834314E+03     7.57583510E-03
1.21834631E+03     7.62201520E-03
1.21834949E+03     9.57848132E-03
1.21835266E+03     7.56293489E-03
1.21835583E+03     5.62953902E-03
1.21835901E+03     1.90140884E-02
1.21836218E+03     1.14660785E-02
1.21836536E+03     3.70500889E-03
1.21836853E+03    -1.96918403E-03
1.21837170E+03     9.61328577E-03
1.21837488E+03     1.71797350E-02
1.21837805E+03    -5.70553076E-03
1.21838123E+03     1.90690272E-02
1.21838440E+03    -5.67617174E-03
1.21838770E+03     1.94096752E-03
1.21839087E+03     1.95044570E-03
1.21839404E+03     5.71416691E-03
1.21839722E+03     1.96669623E-03
1.21840039E+03     1.14857601E-02
1.21840356E+03     1.91965094E-03
1.21840674E+03     7.62958359E-03
1.21840991E+03     7.71383243E-03
1.21841309E+03     1.14776026E-02
1.21841626E+03     7.71980640E-03
1.21841943E+03     1.91577582E-03
1.21842261E+03     6.41528459E-05
1.21842578E+03     1.53569113E-02
1.21842896E+03     1.53763108E-02
1.21843213E+03     5.78239700E-03
1.21843530E+03     5.12264064E-03
1.21843860E+03    -5.78020583E-04
1.21844177E+03     7.00587640E-04
1.21844495E+03     8.99469107E-03
1.21844812E+03    -8.19508918E-03
1.21845129E+03    -7.56248087E-03
1.21845447E+03     3.26777669E-03
1.21845764E+03     7.07518263E-03
1.21846082E+03     3.27316648E-03
1.21846399E+03    -1.81771663E-03
1.21846716E+03     3.88441165E-03
1.21847034E+03     7.22414115E-04
1.21847351E+03    -3.09958518E-03
1.21847668E+03     1.24248862E-03
1.21847986E+03     8.98171682E-03
1.21848303E+03    -3.72424792E-03
1.21848621E+03     7.74005754E-03
1.21848938E+03     1.16167525E-02
1.21849255E+03    -1.17540697E-03
1.21849585E+03     3.91230918E-03
1.21849902E+03    -4.37129894E-03
1.21850220E+03    -4.36547678E-03
1.21850537E+03     8.06832337E-04
1.21850854E+03    -5.11550636E-04
1.21851172E+03     2.11593229E-02
1.21851489E+03     1.47328910E-03
1.21851807E+03     8.38426501E-03
1.21852124E+03     3.30988201E-03
1.21852441E+03    -4.35003871E-03
1.21852759E+03     3.28985299E-03
1.21853076E+03     2.10017175E-03
1.21853394E+03     7.19855027E-03
1.21853711E+03    -3.03317537E-03
1.21854028E+03     1.73368324E-02
1.21854346E+03     2.14688876E-03
1.21854663E+03    -1.10863009E-03
1.21854980E+03    -4.81325813E-04
1.21855298E+03    -4.35589202E-04
1.21855615E+03    -3.09124612E-03
1.21855933E+03     5.93245542E-03
1.21856262E+03     1.41929404E-03
1.21856580E+03     8.02106573E-04
1.21856897E+03     3.42167262E-03
1.21857214E+03     1.09974258E-02
1.21857532E+03    -1.70528365E-03
1.21857849E+03    -2.34832708E-03
1.21858167E+03     3.96757619E-03
1.21858484E+03     3.98524292E-03
1.21858801E+03    -8.74856114E-03
1.21859119E+03    -4.24581394E-03
1.21859436E+03     8.53165146E-03
1.21859753E+03    -9.38011706E-03
1.21860071E+03    -9.36761126E-03
1.21860388E+03     5.32014901E-03
1.21860706E+03    -1.12756826E-02
1.21861023E+03     6.25437917E-03
1.21861340E+03     3.63997999E-03
1.21861658E+03     1.81377865E-03
1.21861975E+03    -3.94267775E-03
1.21862292E+03     2.44817720E-03
1.21862610E+03     1.14738103E-03
1.21862927E+03    -2.65403069E-03
1.21863245E+03     4.97953687E-03
1.21863562E+03    -5.85428067E-03
1.21863879E+03     1.81697635E-03
1.21864197E+03    -5.85359754E-03
1.21864526E+03     5.61391655E-03
1.21864844E+03    -7.61392701E-04
1.21865161E+03    -3.31061240E-03
1.21865479E+03     8.86451174E-03
1.21865796E+03    -2.64509954E-03
1.21866113E+03     1.19034911E-03
1.21866431E+03    -2.63732416E-03
1.21866748E+03     3.91663052E-04
1.21867065E+03    -1.51986256E-03
1.21867383E+03     3.88895336E-04
1.21867700E+03     8.06560460E-03
1.21868018E+03    -5.35522262E-03
1.21868335E+03    -5.35418140E-03
1.21868652E+03     2.30012089E-03
1.21868970E+03     3.86140018E-04
1.21869287E+03     3.80924786E-04
1.21869604E+03    -1.52661942E-03
1.21869922E+03     2.29075924E-03
1.21870239E+03    -3.44255264E-03
1.21870557E+03    -1.54098670E-03
1.21870874E+03    -3.44155007E-03
1.21871191E+03     8.05475470E-03
1.21871509E+03    -3.43542453E-03
1.21871826E+03    -3.43796215E-03
1.21872144E+03    -1.52222277E-03
1.21872461E+03     3.55014228E-04
1.21872778E+03     3.56039644E-04
1.21873096E+03     3.55365250E-04
1.21873413E+03     3.56391683E-04
1.21873730E+03    -1.55876158E-03
1.21874048E+03     3.58446792E-04
1.21874365E+03    -3.47428396E-03
1.21874683E+03    -1.56402332E-03
1.21875000E+03    -1.56334566E-03
1.21875317E+03    -3.47329839E-03
1.21875635E+03    -1.56723591E-03
1.21875952E+03    -3.47264134E-03
1.21876270E+03    -1.56588096E-03
1.21876587E+03    -1.56520063E-03
1.21876904E+03     3.49304028E-04
1.21877222E+03     3.50333692E-04
1.21877539E+03     2.26254365E-03
1.21877856E+03     4.17545857E-03
