READ SERR 1 2
@0761100201/analysis/pnspec.pco
!
0.332783997 2.61998177E-3 1.65129974E-2 5.92319411E-4 1.75331738E-2 1.74455456E-2 8.76286067E-5 4.37336394E-6 4.34884243E-3 1.07281411E-3 7.6623905E-21 1.28384287E-4 8.03750208E-6 7.00186456E-6 3.12438118E-7 1.96192104E-7 4.49271454E-3 2.34895409E-3   4.25869878E-3 7.7521638E-4
0.338023007 2.61901319E-3 1.74080562E-2 5.86031878E-4 1.74122322E-2 1.73255801E-2 8.6651904E-5 4.33127025E-6 4.35473025E-3 1.10705814E-3 7.5892456E-21 1.29294611E-4 8.21971935E-6 6.96264942E-6 3.0943707E-7 1.94297584E-7 4.38049901E-3 2.34813709E-3   4.20499267E-3 7.80851871E-4
0.3432585 2.61649489E-3 1.75417159E-2 5.69952535E-4 1.72492806E-2 1.71636008E-2 8.56799452E-5 4.28903877E-6 4.31811763E-3 1.14707113E-3 7.51325727E-21 1.29795473E-4 8.44166789E-6 6.9323205E-6 3.06449891E-7 1.92402439E-7 4.26929072E-3 2.34663417E-3   4.14667884E-3 7.85850571E-4
0.34849 2.61500478E-3 1.64927356E-2 5.54687751E-4 1.70393083E-2 1.69545915E-2 8.47159099E-5 4.24695008E-6 4.23553539E-3 1.19393459E-3 7.43863168E-21 1.29934735E-4 8.7061444E-6 6.91360538E-6 3.03496989E-7 1.90512566E-7 4.1565611E-3 2.34437897E-3   4.08377266E-3 7.90113525E-4
0.353717983 2.61299312E-3 1.73126124E-2 5.47240314E-4 1.67812519E-2 1.6697485E-2 8.37671905E-5 4.20542983E-6 4.10586549E-3 1.24851218E-3 7.36797237E-21 1.2976065E-4 9.01295971E-6 6.9096327E-6 3.00615028E-7 1.88645345E-7 4.04104358E-3 2.34132935E-3   4.01682081E-3 7.93534971E-4
0.358942509 2.61150301E-3 1.62730664E-2 5.29452285E-4 1.64786372E-2 1.63957961E-2 8.2841565E-5 4.16482089E-6 3.93139618E-3 1.3114165E-3 7.30356779E-21 1.29327644E-4 9.35893149E-6 6.92343838E-6 2.9784195E-7 1.86820003E-7 3.92245874E-3 2.3374788E-3   3.94673552E-3 7.96050997E-4
0.364163518 2.60950625E-3 1.62855424E-2 5.15975174E-4 1.61343012E-2 1.60523653E-2 8.19353736E-5 4.12498412E-6 3.71396565E-3 1.38414733E-3 7.2474948E-21 1.2867336E-4 9.74425711E-6 6.95975814E-6 2.95195434E-7 1.8502918E-7 3.8000124E-3 2.33276584E-3   3.87385581E-3 7.97636516E-4
0.369380504 2.60749459E-3 1.58295762E-2 5.00307651E-4 1.57587714E-2 1.56777203E-2 8.10522324E-5 4.08601181E-6 3.4621621E-3 1.46651512E-3 7.20088754E-21 1.2786685E-4 1.01602982E-5 7.01865565E-6 2.92680966E-7 1.83279695E-7 3.67444707E-3 2.32726824E-3   3.79933789E-3 7.98381865E-4
0.374593496 2.60549784E-3 1.50580192E-2 4.86837816E-4 1.53573137E-2 1.52771287E-2 8.01846472E-5 4.04765979E-6 3.1795986E-3 1.56010839E-3 7.16559342E-21 1.26927305E-4 1.06066345E-5 7.10563654E-6 2.90314262E-7 1.8155707E-7 3.54557554E-3 2.32090964E-3   3.723467E-3 7.98310968E-4
0.379803002 2.60400772E-3 1.54661639E-2 4.87192476E-4 1.49468211E-2 1.48674781E-2 7.93427171E-5 4.01038915E-6 2.87900795E-3 1.66356284E-3 7.143804E-21 1.25903491E-4 1.1069601E-5 7.2225339E-6 2.88156315E-7 1.79884566E-7 3.41652613E-3 2.31380411E-3   3.64838331E-3 7.97519868E-4
0.385008514 2.60148942E-3 1.5014939E-2 4.72681917E-4 1.45361051E-2 1.44575853E-2 7.85197844E-5 3.9739366E-6 2.56809196E-3 1.77673704E-3 7.13683355E-21 1.24821323E-4 1.15434996E-5 7.3722822E-6 2.86227333E-7 1.78242445E-7 3.28782503E-3 2.30595306E-3   3.57466773E-3 7.96134816E-4
0.390209973 2.59999931E-3 1.41011328E-2 4.5817811E-4 1.41354604E-2 1.40577462E-2 7.7713943E-5 3.93813025E-6 2.25597923E-3 1.89829641E-3 7.14630573E-21 1.23707418E-4 1.20196164E-5 7.55693782E-6 2.8456958E-7 1.76633179E-7 3.16079427E-3 2.29739468E-3   3.50330514E-3 7.94292951E-4
0.395408005 2.59801745E-3 1.43143749E-2 4.59664298E-4 1.37535678E-2 1.36766434E-2 7.69247272E-5 3.90299647E-6 1.95122359E-3 2.02607969E-3 7.17398074E-21 1.2258577E-4 1.2489043E-5 7.77797231E-6 2.83238364E-7 1.75052691E-7 3.03657097E-3 2.28817831E-3   3.43523454E-3 7.92141829E-4
0.40060252 2.59649754E-3 1.26582431E-2 4.39606112E-4 1.33946473E-2 1.33185014E-2 7.61456104E-5 3.86819556E-6 1.65959029E-3 2.15783389E-3 7.22212281E-21 1.21470694E-4 1.29456766E-5 8.03759667E-6 2.82296412E-7 1.73487621E-7 2.9153151E-3 2.27826484E-3   3.37091298E-3 7.8980648E-4
0.405793011 2.59399414E-3 1.35037433E-2 4.41766519E-4 1.30675295E-2 1.29921436E-2 7.53861241E-5 3.8340263E-6 1.3911986E-3 2.28772452E-3 7.29220941E-21 1.203992E-4 1.33750336E-5 8.33170816E-6 2.81838481E-7 1.71959698E-7 2.79948022E-3 2.26784195E-3   3.31203989E-3 7.87464378E-4
0.410979509 2.59248912E-3 1.24242734E-2 4.27492021E-4 1.27704004E-2 1.26957595E-2 7.46402729E-5 3.80061829E-6 1.14819221E-3 2.41192686E-3 7.38684162E-21 1.19383803E-4 1.37734005E-5 8.65997117E-6 2.81950435E-7 1.70459685E-7 2.68861349E-3 2.25688145E-3   3.25885112E-3 7.85224373E-4
0.416162014 2.59001553E-3 1.27913095E-2 4.28985164E-4 1.25017483E-2 1.24278395E-2 7.39088937E-5 3.76778735E-6 9.33119911E-4 2.52517592E-3 7.50890892E-21 1.18443844E-4 1.41351738E-5 9.01944077E-6 2.82738512E-7 1.68981217E-7 2.58307345E-3 2.24541337E-3   3.21204518E-3 7.83193216E-4
0.421340495 2.58848071E-3 1.22406101E-2 4.19287593E-4 1.22578712E-2 1.21846767E-2 7.31946056E-5 3.73557032E-6 7.4689585E-4 2.62196292E-3 7.66196399E-21 1.17547439E-4 1.44563346E-5 9.40597874E-6 2.84321942E-7 1.675335E-7 2.48307968E-3 2.23345635E-3   3.17225372E-3 7.81430514E-4
0.42651549 2.58651376E-3 1.19912596E-2 4.18337149E-4 1.203347E-2 1.19609749E-2 7.24943893E-5 3.70407088E-6 5.88490919E-4 2.69709853E-3 7.85133665E-21 1.16804324E-4 1.47355076E-5 9.81613266E-6 2.86841981E-7 1.66114731E-7 2.38864566E-3 2.22096615E-3   3.14022228E-3 7.80038477E-4
0.431686521 2.5845021E-3 1.13444002E-2 4.01492551E-4 1.18243806E-2 1.17525654E-2 7.1815055E-5 3.67343887E-6 4.57219488E-4 2.74514477E-3 8.08195444E-21 1.16206647E-4 1.49703801E-5 1.0241878E-5 2.90423998E-7 1.6473598E-7 2.30068527E-3 2.20799958E-3   3.11692012E-3 7.79048714E-4
0.436853528 2.58250535E-3 1.09345149E-2 4.01514088E-4 1.16259567E-2 1.15547972E-2 7.11590619E-5 3.64384937E-6 3.50619259E-4 2.76226224E-3 8.360392E-21 1.15777286E-4 1.51618588E-5 1.06759162E-5 2.95187647E-7 1.63406455E-7 2.21991492E-3 2.1945592E-3   3.10324878E-3 7.78475136E-4
0.442016482 2.58047879E-3 1.13542099E-2 3.9851258E-4 1.1433891E-2 1.1363362E-2 7.05288403E-5 3.61517868E-6 2.6537638E-4 2.74599134E-3 8.69614413E-21 1.15540686E-4 1.53129095E-5 1.11125401E-5 3.01263668E-7 1.62130732E-7 2.14691367E-3 2.18058191E-3   3.10014468E-3 7.78309186E-4
0.44717598 2.57901847E-3 1.11895278E-2 3.91116162E-4 1.1246087E-2 1.11761633E-2 6.9924361E-5 3.58799525E-6 1.98400114E-4 2.69519282E-3 9.10047146E-21 1.1552441E-4 1.54268091E-5 1.15449848E-5 3.08762367E-7 1.60907689E-7 2.08271621E-3 2.16602487E-3   3.10874963E-3 7.78525427E-4
0.452331483 2.57648528E-3 1.11637199E-2 3.88630229E-4 1.10625494E-2 1.09931994E-2 6.93507245E-5 3.56223109E-6 1.46650156E-4 2.61039054E-3 9.58713881E-21 1.15757342E-4 1.55075504E-5 1.19667493E-5 3.17772248E-7 1.59747046E-7 2.02859263E-3 2.1508378E-3   3.13037238E-3 7.79083988E-4
0.457482994 2.57501006E-3 1.05252657E-2 3.79386736E-4 1.08849276E-2 1.08161205E-2 6.88070868E-5 3.53795576E-6 1.07219945E-4 2.49345228E-3 1.01743021E-20 1.16271352E-4 1.55596608E-5 1.23727568E-5 3.28380736E-7 1.58654998E-7 1.98581326E-3 2.13492662E-3   3.16654588E-3 7.79933529E-4
0.46263051 2.57250667E-3 1.0228605E-2 3.7325226E-4 1.07176062E-2 1.06493086E-2 6.82977552E-5 3.51527979E-6 7.76600646E-5 2.34804838E-3 1.08818817E-20 1.17099728E-4 1.55875532E-5 1.27572794E-5 3.40612132E-7 1.57635625E-7 1.95596763E-3 2.11823825E-3   3.21892346E-3 7.81012292E-4
0.467774004 2.57098675E-3 1.05626099E-2 3.77740973E-4 1.05672227E-2 1.04993982E-2 6.7824607E-5 3.49433344E-6 5.58749198E-5 2.17997446E-3 1.17288758E-20 1.18271651E-4 1.55957787E-5 1.31144689E-5 3.54387282E-7 1.56697084E-7 1.94058998E-3 2.10079458E-3   3.28892516E-3 7.82251649E-4
0.47291398 2.56900489E-3 9.74121597E-3 3.69451736E-4 1.04402369E-2 1.0372851E-2 6.73860195E-5 3.47513742E-6 3.99284181E-5 1.99465384E-3 1.27421624E-20 1.19824552E-4 1.55886046E-5 1.34424527E-5 3.69678531E-7 1.5583592E-7 1.9409185E-3 2.08246382E-3   3.37843923E-3 7.83590775E-4
0.478049994 2.56700814E-3 1.05322422E-2 3.73164483E-4 1.03455791E-2 1.02785975E-2 6.69812871E-5 3.45758735E-6 2.85057904E-5 1.79819809E-3 1.39549053E-20 1.21820616E-4 1.55691923E-5 1.37380048E-5 3.86419458E-7 1.55050728E-7 1.95867196E-3 2.06316193E-3   3.48994648E-3 7.84986769E-4
0.483182013 2.56499648E-3 1.03729554E-2 3.73019197E-4 1.02890758E-2 1.02224657E-2 6.66096894E-5 3.44161731E-6 2.0172205E-5 1.59755838E-3 1.53801246E-20 1.24266255E-4 1.55419475E-5 1.40019511E-5 4.04346679E-7 1.54334501E-7 1.99386827E-3 2.04292149E-3   3.62373912E-3 7.86395976E-4
0.488309979 2.56298482E-3 1.09901717E-2 3.76491749E-4 1.02788415E-2 1.02125742E-2 6.62674574E-5 3.4271136E-6 1.42215895E-5 1.39837759E-3 1.70486997E-20 1.27235093E-4 1.55086836E-5 1.42329436E-5 4.23304925E-7 1.53687225E-7 2.04766239E-3 2.02167942E-3   3.78186931E-3 7.87783007E-4
0.493433982 2.56100297E-3 1.0082515E-2 3.65502317E-4 1.03206327E-2 1.0254682E-2 6.59505531E-5 3.41385748E-6 9.99507392E-6 1.20598276E-3 1.8980412E-20 1.30793618E-4 1.5471318E-5 1.44313017E-5 4.43041756E-7 1.53099052E-7 2.12022755E-3 1.99943082E-3   3.96517385E-3 7.89166079E-4
0.498554498 2.55951285E-3 1.0285845E-2 3.65540967E-4 1.04188155E-2 1.03531601E-2 6.56554548E-5 3.40164797E-6 6.99547536E-6 1.0240319E-3 2.11981963E-20 1.35046343E-4 1.54309364E-5 1.45985396E-5 4.63355917E-7 1.52558911E-7 2.21162708E-3 1.97609048E-3   4.17471398E-3 7.90607533E-4
0.50367099 2.55697966E-3 9.80664697E-3 3.66193941E-4 1.05734048E-2 1.05080279E-2 6.53772659E-5 3.39027383E-6 4.89168406E-6 8.57471547E-4 2.36833619E-20 1.40062213E-4 1.53886504E-5 1.47344745E-5 4.83754718E-7 1.52058945E-7 2.31986563E-3 1.95191742E-3   4.40753205E-3 7.92137813E-4
0.50878346 2.55551934E-3 1.08534889E-2 3.70885711E-4 1.07820826E-2 1.07169747E-2 6.51079317E-5 3.37933625E-6 3.4107245E-6 7.07709405E-4 2.64291153E-20 1.45988801E-4 1.53446272E-5 1.48414747E-5 5.03980232E-7 1.51584231E-7 2.44312221E-3 1.92690769E-3   4.66177147E-3 7.93843355E-4
0.513891995 2.55298615E-3 1.06056994E-2 3.6639694E-4 1.10387821E-2 1.09739406E-2 6.48418281E-5 3.36844778E-6 2.36995379E-6 5.75856713E-4 2.94030138E-20 1.52996348E-4 1.52987868E-5 1.49212374E-5 5.23700976E-7 1.5111678E-7 2.57829158E-3 1.90118386E-3   4.93317097E-3 7.95808039E-4
0.518996477 2.55149603E-3 1.09590953E-2 3.71430331E-4 1.13337021E-2 1.12691289E-2 6.45730979E-5 3.35728305E-6 1.64006906E-6 4.62104537E-4 3.25519837E-20 1.6130085E-4 1.52508783E-5 1.49754405E-5 5.42585042E-7 1.50646329E-7 2.72118696E-3 1.87490217E-3   5.21558477E-3 7.98132911E-4
0.524097443 2.54949927E-3 1.10258125E-2 3.71026195E-4 1.16535639E-2 1.15892719E-2 6.4292537E-5 3.34551601E-6 1.12937755E-6 3.65852407E-4 3.58019602E-20 1.71174615E-4 1.52005559E-5 1.50057567E-5 5.60328886E-7 1.50158129E-7 2.86661228E-3 1.84824876E-3   5.50106168E-3 8.00930138E-4
0.529194951 2.54800916E-3 1.10587422E-2 3.68871551E-4 1.19821019E-2 1.1918107E-2 6.39954596E-5 3.33282151E-6 7.73231648E-7 2.85914371E-4 3.90583215E-20 1.82954827E-4 1.51474851E-5 1.50138067E-5 5.76660284E-7 1.49640329E-7 3.00847925E-3 1.8214361E-3   5.78000955E-3 8.04318814E-4
0.534288526 2.54550576E-3 1.1337582E-2 3.73897958E-4 1.23009272E-2 1.22372517E-2 6.36754266E-5 3.31890305E-6 5.25929352E-7 2.20704635E-4 4.22092624E-20 1.97051311E-4 1.50915093E-5 1.50011538E-5 5.91353398E-7 1.49082837E-7 3.14007304E-3 1.79469155E-3   6.04162272E-3 8.08430079E-4
0.539377987 2.54398584E-3 1.17373057E-2 3.76356096E-4 1.25908311E-2 1.25275031E-2 6.33275122E-5 3.30356465E-6 3.55040328E-7 1.68406958E-4 4.513153E-20 2.13952415E-4 1.50327205E-5 1.4969346E-5 6.0423838E-7 1.48478776E-7 3.25445016E-3 1.76824688E-3   6.27459958E-3 8.13433842E-4
0.544463992 2.54201889E-3 1.21814059E-2 3.82779632E-4 1.28332479E-2 1.2770297E-2 6.29511196E-5 3.28643887E-6 2.37720741E-7 1.27118794E-4 4.76990663E-20 2.34234511E-4 1.49716034E-5 1.49200177E-5 6.15209728E-7 1.47826569E-7 3.34492931E-3 1.7423199E-3   6.4679943E-3 8.19521549E-4
0.549546003 2.53999233E-3 1.21667525E-2 3.79785546E-4 1.3011585E-2 1.29490467E-2 6.25386892E-5 3.26752865E-6 1.57678727E-7 9.49539681E-5 4.97919431E-20 2.58606306E-4 1.49087118E-5 1.48544632E-5 6.24231291E-7 1.471237E-7 3.40549741E-3 1.71704707E-3   6.61203405E-3 8.2694809E-4
0.554623961 2.53799558E-3 1.25594055E-2 3.79590463E-4 1.31115243E-2 1.30494284E-2 6.20961364E-5 3.24694747E-6 0 7.03796468E-5 5.12900641E-20 2.87624571E-4 1.48457384E-5 1.47748488E-5 6.31267653E-7 1.4638627E-7 3.43097746E-3 1.69274863E-3 6.69808965E-3   8.35963176E-4
0.559698462 2.53650546E-3 1.29117351E-2 3.83259787E-4 1.31256757E-2 1.30640538E-2 6.16216857E-5 3.22465348E-6 0 5.1764524E-5 5.21163335E-20 3.22067062E-4 1.47841583E-5 1.46828161E-5 6.36420566E-7 1.45621527E-7 3.41855292E-3 1.6694779E-3 6.72177691E-3   8.46940908E-4
0.564769506 2.53450871E-3 1.34170661E-2 3.86072323E-4 1.3050708E-2 1.29895899E-2 6.11179639E-5 3.20081153E-6 0 3.78203586E-5 5.22158246E-20 3.62626713E-4 1.47260462E-5 1.45802696E-5 6.39804171E-7 1.44850858E-7 3.3668878E-3 1.64732814E-3 6.68135192E-3   8.60283093E-4
0.569836497 2.53251195E-3 1.23926699E-2 3.70571739E-4 1.2889226E-2 1.28286369E-2 6.05887108E-5 3.1756831E-6 0 2.74767808E-5 5.15688628E-20 4.09913919E-4 1.46737348E-5 1.4469194E-5 6.41568136E-7 1.44096802E-7 3.27673694E-3 1.62634684E-3 6.57862471E-3   8.76433274E-4
0.574899554 2.53048539E-3 1.35075161E-2 3.81487451E-4 1.26492446E-2 1.25892041E-2 6.00399762E-5 3.14930503E-6 0 1.98672406E-5 5.01926249E-20 4.6439431E-4 1.46298989E-5 1.43516036E-5 6.41888448E-7 1.43387723E-7 3.15082911E-3 1.60654052E-3 6.41879393E-3    8.95863166E-4
0.579959035 2.52899528E-3 1.18410718E-2 3.6115729E-4 1.23433303E-2 1.2283857E-2 5.94734229E-5 3.12201723E-6 0 1.43066245E-5 4.81395658E-20 5.26316056E-4 1.45973045E-5 1.42295621E-5 6.40955022E-7 1.42758395E-7 2.99362652E-3 1.58787239E-3 6.20999234E-3   9.19010257E-4
0.585014999 2.52699852E-3 1.19922273E-2 3.63077561E-4 1.19874598E-2 1.19285639E-2 5.88960065E-5 3.09416987E-6 0 1.02655677E-5 4.54931985E-20 5.95615886E-4 1.45788208E-5 1.41050705E-5 6.38961126E-7 1.42247188E-7 2.81098229E-3 1.57027924E-3 5.9625865E-3   9.462749E-4
0.590067506 2.5255084E-3 1.1035596E-2 3.49414651E-4 1.15995258E-2 1.15412129E-2 5.83131732E-5 3.06603238E-6 0 7.34177638E-6 4.23614217E-20 6.71850401E-4 1.45746062E-5 1.3980085E-5 6.36096331E-7 1.41893906E-7 2.60967691E-3 1.5536719E-3 5.6882943E-3   9.77978576E-4
0.595116496 2.52351165E-3 1.09604141E-2 3.43525491E-4 1.11976583E-2 1.11399293E-2 5.77285646E-5 3.03787306E-6 0 5.23374047E-6 3.88682799E-20 7.54131528E-4 1.45712538E-5 1.38565265E-5 6.32537819E-7 1.41746298E-7 2.39691162E-3 1.5379457E-3 5.39919874E-3   1.01426826E-3
0.600161552 2.52148509E-3 1.06995357E-2 3.40072293E-4 1.07988324E-2 1.07416837E-2 5.71484925E-5 3.00991951E-6 0 3.71846272E-6 3.51451852E-20 8.41077126E-4 1.46034654E-5 1.37361649E-5 6.28448163E-7 1.41852965E-7 2.17982032E-3 1.52299181E-3 5.1068184E-3   1.05513772E-3
0.605203032 2.51999497E-3 1.09874532E-2 3.41006933E-4 1.04173226E-2 1.03607504E-2 5.65726259E-5 2.98240138E-6 0 2.63206107E-6 3.13211939E-20 9.30830953E-4 1.46585799E-5 1.36206845E-5 6.23968845E-7 1.42263218E-7 1.96496607E-3 1.50869344E-3 4.82118875E-3   1.10041129E-3
0.610240996 2.51799822E-3 1.0280692E-2 3.28884576E-4 1.00639146E-2 1.00079058E-2 5.60087756E-5 2.95540167E-6 0 1.85520196E-6 2.75162956E-20 1.0210661E-3 1.47388055E-5 1.35116443E-5 6.19221112E-7 1.43032537E-7 1.75803457E-3 1.49494223E-3 4.55030147E-3   1.14973856E-3
0.615275502 2.5165081E-3 1.04347635E-2 3.31009127E-4 9.74536035E-3 9.68990475E-3 5.54554645E-5 2.92923755E-6 0 1.30150136E-6 2.38353338E-20 1.10907177E-3 1.4846406E-5 1.34105776E-5 6.14311148E-7 1.44212919E-7 1.56358699E-3 1.48164097E-3 4.29972634E-3   1.20263302E-3
0.620307028 2.51501799E-3 9.52229928E-3 3.14146484E-4 9.4641149E-3 9.40919947E-3 5.49156794E-5 2.90400294E-6 0 9.08113975E-7 2.03628118E-20 1.19186356E-3 1.49835787E-5 1.33187305E-5 6.09316942E-7 1.45856063E-7 1.38489809E-3 1.46868918E-3 4.07237187E-3   1.25850679E-3
0.625334501 2.51245499E-3 8.9165885E-3 3.09540133E-4 9.21921246E-3 9.16481949E-3 5.4392327E-5 2.87986086E-6 0 6.32972387E-7 1.7166602E-20 1.26610475E-3 1.51540626E-5 1.32377572E-5 6.04301079E-7 1.48036207E-7 1.22423563E-3 1.45601202E-3 3.86897824E-3   1.31683226E-3
0.630358458 2.51153111E-3 8.94863997E-3 3.04203131E-4 9.00556706E-3 8.95168353E-3 5.38827553E-5 2.8569093E-6 0 4.36185445E-7 1.4281787E-20 1.32916938E-3 1.53582951E-5 1.31683701E-5 5.99332509E-7 1.50758396E-7 1.08201429E-3 1.44354557E-3 3.68754123E-3   1.37684355E-3
0.635379493 2.50947475E-3 8.24871007E-3 2.96632439E-4 8.81667621E-3 8.76328629E-3 5.33902421E-5 2.83529471E-6 0 2.98425704E-7 1.17317491E-20 1.37812877E-3 1.56007882E-5 1.31119832E-5 5.94441417E-7 1.54084816E-7 9.58188844E-4 1.43123104E-3 3.52494372E-3   1.43819884E-3
0.640396476 2.5075078E-3 8.08381755E-3 2.93386547E-4 8.64462182E-3 8.59170966E-3 5.29120807E-5 2.81501184E-6 0 2.02639839E-7 9.52059197E-21 1.41066033E-3 1.58854782E-5 1.30697263E-5 5.89660146E-7 1.58048493E-7 8.51786288E-4 1.41902757E-3 3.37692071E-3   1.50059431E-3
0.645410478 2.50649452E-3 8.24469421E-3 2.90160562E-4 8.48122686E-3 8.42877571E-3 5.24509123E-5 2.79631399E-6 0 1.36527504E-7 7.63699509E-21 1.42509374E-3 1.62174711E-5 1.30427297E-5 5.85013026E-7 1.62672478E-7 7.61184376E-4 1.40689674E-3 3.23869777E-3   1.56396243E-3
0.6504215 2.50452757E-3 7.99199007E-3 2.8622523E-4 8.31906032E-3 8.2670562E-3 5.20043177E-5 2.77937033E-6 0 9.12049103E-8 6.05915251E-21 1.420505E-3 1.66031459E-5 1.30321068E-5 5.80518758E-7 1.67968125E-7 6.84423139E-4 1.39481202E-3 3.10562691E-3   1.62843475E-3
0.655428529 2.50250101E-3 7.59678893E-3 2.82644498E-4 8.15215614E-3 8.10058415E-3 5.15714419E-5 2.76437709E-6 0 0 4.75851319E-21 1.39681145E-3 1.70504845E-5 1.30389553E-5 5.76195362E-7 1.73930644E-7 6.19414088E-4 1.38275535E-3 2.97368853E-3 1.69431092E-3 
0.660432518 2.50148773E-3 7.456291E-3 2.72532343E-4 7.97658786E-3 7.92543497E-3 5.11523867E-5 2.75157845E-6 0 0 3.70192041E-21 1.3547797E-3 1.75697896E-5 1.30644667E-5 5.72057388E-7 1.80540695E-7 5.64057729E-4 1.37070951E-3 2.83973222E-3 1.76201761E-3
0.665433526 2.49949098E-3 7.76141509E-3 2.79683707E-4 7.79033126E-3 7.73958443E-3 5.07468139E-5 2.74128752E-6 0 0 2.85520452E-21 1.29596959E-3 1.8174107E-5 1.31097422E-5 5.68120129E-7 1.87763533E-7 5.1642413E-4 1.35866541E-3 2.70175096E-3 1.83199358E-3
0.670431018 2.49800086E-3 7.94136617E-3 2.78491498E-4 7.59347295E-3 7.54312053E-3 5.03525334E-5 2.73381761E-6 0 0 2.18527749E-21 1.22264354E-3 1.88799204E-5 1.3175938E-5 5.64400864E-7 1.95543436E-7 4.74827742E-4 1.34661852E-3 2.55893217E-3 1.90454896E-3
0.675425529 2.49651074E-3 7.30459997E-3 2.66775081E-4 7.38772377E-3 7.33775273E-3 4.99712114E-5 2.72960233E-6 0 0 1.66114972E-21 1.13757665E-3 1.97082154E-5 1.32404039E-5 5.60916021E-7 2.03812178E-7 4.37860959E-4 1.33456639E-3 2.41152477E-3 1.97978062E-3
0.680416524 2.49451399E-3 7.28717027E-3 2.65208655E-4 7.17613567E-3 7.12653622E-3 4.95994027E-5 2.72919169E-6 0 0 1.25528051E-21 1.04390003E-3 2.06854711E-5 1.33363837E-5 5.57687542E-7 2.12484792E-7 4.04423045E-4 1.32251065E-3 2.26073805E-3 2.05744314E-3
0.685404539 2.49350071E-3 7.15659745E-3 2.63685943E-4 6.96237152E-3 6.9131325E-3 4.92394392E-5 2.73311889E-6 0 0 9.4375199E-22 9.44865344E-4 2.18451496E-5 1.34597803E-5 5.5473879E-7 2.21462102E-7 3.73692485E-4 1.31045689E-3 2.10843049E-3 2.13687262E-3
0.690389514 2.49147415E-3 6.88283751E-3 2.5676607E-4 6.75025582E-3 6.70136604E-3 4.88896185E-5 2.74209515E-6 0 0 7.06436174E-22 8.43661081E-4 2.32293842E-5 1.36063691E-5 5.52096367E-7 2.30640353E-7 3.45096836E-4 1.29841326E-3 1.95687194E-3 2.21696217E-3
0.695371032 2.49001384E-3 6.70765573E-3 2.57509644E-4 6.5432894E-3 6.49474049E-3 4.85485907E-5 2.75681077E-6 0 0 5.26828374E-22 7.43247685E-4 2.4890167E-5 1.37774141E-5 5.49787671E-7 2.39900402E-7 3.18272098E-4 1.28638628E-3 1.80848385E-3 2.29613669E-3
0.700350046 2.48900056E-3 6.74524531E-3 2.52236758E-4 6.3442979E-3 6.29607961E-3 4.82179785E-5 2.77804452E-6 0 0 3.91577376E-22 6.4618024E-4 2.68928288E-5 1.39746571E-5 5.47845673E-7 2.49128959E-7 2.930029E-4 1.2743877E-3 1.66555436E-3 2.37251236E-3
0.705325961 2.486974E-3 6.30558562E-3 2.47548596E-4 6.15525758E-3 6.10736152E-3 4.78957591E-5 2.80663971E-6 0 0 2.90166972E-22 5.54560916E-4 2.93167705E-5 1.42001963E-5 5.46303738E-7 2.5821015E-7 2.69188924E-4 1.26243383E-3 1.53010571E-3 2.4439441E-3
0.712782979 4.9700141E-3 5.78168547E-3 1.67600199E-4 5.89394197E-3 5.84651157E-3 4.74304652E-5 2.86640216E-6 0 0 1.8616894E-22 4.31712659E-4 3.40444531E-5 1.46021048E-5 5.44883051E-7 2.71262252E-7 2.36340129E-4 1.24463241E-3 1.34574377E-3 2.53575342E-3
0.720235467 2.48250365E-3 6.27058465E-3 2.4306339E-4 5.65465866E-3 5.60767623E-3 4.69825172E-5 2.94519532E-6 0 0 1.15955296E-22 3.25504545E-4 4.01724392E-5 1.50772239E-5 5.44445754E-7 2.8350857E-7 2.06366778E-4 1.22699584E-3 1.18240644E-3 2.60737981E-3
0.727679491 4.96149063E-3 5.46722719E-3 1.62657205E-4 5.44033386E-3 5.39377797E-3 4.65556441E-5 3.05069693E-6 0 0 7.33202982E-23 2.40904745E-4 4.86112622E-5 1.56636634E-5 5.45380544E-7 2.94449336E-7 1.80042538E-4 1.20963424E-3 1.04639085E-3 2.64864019E-3
0.737596512 4.95550036E-3 5.14931744E-3 1.5828156E-4 5.18241758E-3 5.13640558E-3 4.60123483E-5 3.23050722E-6 0 0 3.85838117E-23 1.54873938E-4 6.39821592E-5 1.66397931E-5 5.48676496E-7 3.06995133E-7 1.49726446E-4 1.18692801E-3 8.99326289E-4 2.66084261E-3
0.747501969 4.95001674E-3 4.83005354E-3 1.52872963E-4 4.95394832E-3 4.90844902E-3 4.54990113E-5 3.45927424E-6 0 0 1.98763271E-23 9.60454345E-5 8.56413462E-5 1.79318595E-5 5.54699E-7 3.16929345E-7 1.24830854E-4 1.1648353E-3 7.87824101E-4 2.62700929E-3
0.757396996 4.94498014E-3 4.55103489E-3 1.50037449E-4 4.75484505E-3 4.7098319E-3 4.50129519E-5 3.73588614E-6 0 0 9.98361851E-24 5.78130202E-5 1.14986244E-4 1.96836008E-5 5.63780986E-7 3.24289175E-7 1.04762039E-4 1.14340556E-3 7.03983591E-4 2.5605741E-3
0.767281532 4.93952632E-3 4.84152883E-3 1.51350221E-4 4.5883148E-3 4.54376265E-3 4.45519618E-5 4.05478386E-6 0 0 4.87356966E-24 3.39933649E-5 1.52806548E-4 2.21203463E-5 5.75413651E-7 3.2930194E-7 8.87963033E-5 1.12264592E-3 6.40018494E-4 2.47842236E-3
0.777155519 4.93448973E-3 4.19121003E-3 1.4371713E-4 4.45643906E-3 4.41232556E-3 4.41133598E-5 4.40593067E-6 0 0 2.30659714E-24 1.96358706E-5 1.98706068E-4 2.55934356E-5 5.89536569E-7 3.32315949E-7 7.61755364E-5 1.10252609E-3 5.89318457E-4 2.39504245E-3
0.787019491 4.92948294E-3 4.31857305E-3 1.44828562E-4 4.35607182E-3 4.31237649E-3 4.36955597E-5 4.77574304E-6 0 0 6.32655895E-25 1.11846357E-5 2.50614772E-4 3.06462061E-5 6.08211622E-7 3.33729503E-7 6.62528109E-5 1.08296715E-3 5.46956202E-4 2.31803698E-3
0.796873987 4.92501259E-3 4.18899022E-3 1.41212397E-4 4.2771399E-3 4.23384365E-3 4.32962188E-5 5.14821522E-6 0 0 0 6.29369197E-6 3.04507994E-4 3.80919228E-5 6.31213595E-7 3.33932974E-7 5.84823174E-5 1.06389297E-3 5.0965749E-4 2.24680407E-3
0.806719542 4.92051244E-3 4.13066754E-3 1.40526769E-4 4.20434633E-3 4.16143145E-3 4.29151987E-5 5.50640925E-6 0 0 0 3.50214623E-6 3.54620657E-4 4.90874336E-5 6.59553905E-7 3.33271998E-7 5.24523348E-5 1.04524638E-3 4.75661654E-4 2.17436138E-3
0.8165555 4.91550565E-3 3.89902317E-3 1.36450122E-4 4.12143208E-3 4.07888182E-3 4.25506987E-5 5.83606879E-6 0 0 0 1.91985305E-6 3.94609408E-4 6.51614391E-5 6.94897665E-7 3.32035E-7 4.7853242E-5 1.02693669E-3 4.4434992E-4 2.09118798E-3
0.826382518 4.91148233E-3 4.14432073E-3 1.38965654E-4 4.01651207E-3 3.97430919E-3 4.22030098E-5 6.12610302E-6 0 0 0 1.03145624E-6 4.18687414E-4 8.81590313E-5 7.39845689E-7 3.3043986E-7 4.45053229E-5 1.00890757E-3 4.16113122E-4 1.98970898E-3
0.836201549 4.90751863E-3 4.04321868E-3 1.35976865E-4 3.88537603E-3 3.84350587E-3 4.18701129E-5 6.36955565E-6 0 0 0 5.41768031E-7 4.22973128E-4 1.20068435E-4 7.98515316E-7 3.28640567E-7 4.22937846E-5 9.91125708E-4 3.91904032E-4 1.86710223E-3
0.846011996 4.90295887E-3 3.82318278E-3 1.330417E-4 3.73217487E-3 3.69062298E-3 4.15518043E-5 6.5641193E-6 0 0 0 2.77201707E-7 4.06514766E-4 1.62585042E-4 8.77300465E-7 3.26740491E-7 4.11140354E-5 9.73573595E-4 3.72760056E-4 1.72603014E-3
0.855814457 4.8995316E-3 3.51262349E-3 1.28800108E-4 3.56749212E-3 3.52624618E-3 4.12458066E-5 6.71121643E-6 0 0 0 1.3789122E-7 3.71574133E-4 2.16410743E-4 9.85951488E-7 3.24813925E-7 4.08292908E-5 9.56284115E-4 3.59363155E-4 1.5736249E-3
0.865609527 4.89547849E-3 3.62812472E-3 1.28635817E-4 3.40403663E-3 3.36308428E-3 4.09522581E-5 6.81532856E-6 0 0 0 6.66241249E-8 3.23173619E-4 2.80464505E-4 1.13918406E-6 3.22913309E-7 4.12274603E-5 9.39326477E-4 3.51560389E-4 1.41898787E-3
0.875396967 4.89202142E-3 3.33225215E-3 1.24711645E-4 3.25129391E-3 3.21062328E-3 4.06704567E-5 6.88311957E-6 0 0 0 1.8589418E-8 2.67643831E-4 3.51561699E-4 1.35980179E-6 3.21074225E-7 4.20094002E-5 9.22736886E-4 3.48094152E-4 1.26999489E-3
0.885177493 4.88847494E-3 3.08462628E-3 1.22117082E-4 3.11311614E-3 3.07271769E-3 4.03984523E-5 6.92170397E-6 0 0 0 0 2.11327351E-4 4.24087135E-4 1.68202268E-6 3.19332003E-7 4.2808897E-5 9.06571746E-4 3.46769171E-4 1.13223027E-3
0.894950986 4.88501787E-3 3.09639261E-3 1.20199526E-4 2.98646558E-3 2.94633023E-3 4.01353354E-5 6.9379339E-6 0 0 0 0 1.59302523E-4 4.90623701E-4 2.15712134E-6 3.17718985E-7 4.32307097E-5 8.90843978E-4 3.4471546E-4 1.00820127E-3
0.907158017 7.32198358E-3 2.71955109E-3 9.4778894E-5 2.83272355E-3 2.79290345E-3 3.9820261E-5 6.93526454E-6 0 0 0 0 1.05846906E-4 5.51394536E-4 3.09202915E-6 3.1597159E-7 4.26513798E-5 8.71922588E-4 3.36464873E-4 8.74279824E-4
0.921795487 7.31551647E-3 2.59249797E-3 9.19976228E-5 2.63399049E-3 2.59453221E-3 3.94582203E-5 6.9120947E-6 0 0 0 0 5.96800128E-5 5.77524595E-4 4.92697291E-6 3.14380173E-7 3.9968676E-5 8.50197917E-4 3.14137869E-4 7.40869727E-4
0.936419964 7.30898976E-3 2.53844308E-3 9.06569403E-5 2.40840251E-3 2.36929092E-3 3.91115755E-5 6.87609418E-6 0 0 0 0 3.12651318E-5 5.43645816E-4 7.92152878E-6 3.13580813E-7 3.51440394E-5 8.29458702E-4 2.77199317E-4 6.37466786E-4
0.951032519 7.30350614E-3 2.27569346E-3 8.57908308E-5 2.16916855E-3 2.13039061E-3 3.87779037E-5 6.83387952E-6 0 0 0 0 1.55053403E-5 4.59848146E-4 1.2379156E-5 3.13879355E-7 2.89948966E-5 8.09613965E-4 2.30842401E-4 5.66058967E-4
0.9680655 9.72950459E-3 1.95407262E-3 7.08433727E-5 1.9123829E-3 1.87398132E-3 3.84015439E-5 6.78171591E-6 0 0 0 0 6.63284209E-6 3.31538089E-4 1.93928481E-5 3.16134759E-7 2.1691143E-5 7.87405937E-4 1.75989175E-4 5.24233445E-4
0.987516999 9.7219944E-3 1.68641272E-3 6.71410598E-5 1.68707385E-3 1.6490909E-3 3.79830162E-5 6.72250007E-6 0 0 0 0 2.35433299E-6 1.93926069E-4 2.8269973E-5 3.21746285E-7 1.48366016E-5 7.62980315E-4 1.24689643E-4 5.14989661E-4
1.00937951 1.21405125E-2 1.50547281E-3 5.8025933E-5 1.51819119E-3 1.4806696E-3 3.7521655E-5 6.66156393E-6 0 0 0 0 7.08190612E-7 8.90991723E-5 3.53292053E-5 3.32833821E-7 9.9036215E-6 7.36548507E-4 8.79663567E-5 5.14120096E-4
1.03365505 1.21350288E-2 1.26279297E-3 5.52042911E-5 1.36859319E-3 1.33158045E-3 3.701272E-5 6.61040531E-6 0 0 0 0 1.62438525E-7 3.11855292E-5 3.49315742E-5 3.5161878E-7 6.98382973E-6 7.08265812E-4 6.6254288E-5 4.76834975E-4
1.05791497 1.21249557E-2 1.33141258E-3 5.48993412E-5 1.21896493E-3 1.1824579E-3 3.65070373E-5 6.5959448E-6 0 0 0 0 3.19935793E-8 9.66225616E-6 2.61317255E-5 3.78518308E-7 5.4606694E-6 6.81119913E-4 5.4768323E-5 3.98308563E-4
1.08216 1.21200085E-2 1.12556561E-3 5.10355349E-5 1.08182721E-3 1.04581518E-3 3.60120284E-5 6.6467428E-6 0 0 0 0 1.96376804E-9 2.76759602E-6 1.49452771E-5 4.12823056E-7 4.43321369E-6 6.55182812E-4 4.67647951E-5 3.14660021E-4
1.10640001 1.21200085E-2 9.96050192E-4 4.87361467E-5 9.74602881E-4 9.39063262E-4 3.55396187E-5 6.79292543E-6 0 0 0 0 0 7.26780286E-7 6.72356737E-6 4.67948951E-7 3.56762212E-6 6.30537106E-4 3.96567702E-5 2.50590529E-4
1.13063502 1.21150017E-2 8.39549641E-4 4.71449093E-5 8.93509306E-4 8.58410902E-4 3.50983828E-5 7.05602906E-6 0 0 0 0 0 1.68557179E-7 2.50154471E-6 5.70211853E-7 2.8084296E-6 6.0719304E-4 3.29786781E-5 2.05134405E-4
1.15486503 1.21150017E-2 8.49749893E-4 4.72971115E-5 8.28628137E-4 7.93936895E-4 3.46912275E-5 7.44796807E-6 0 0 0 0 0 3.35023245E-8 8.21485457E-7 7.96169957E-7 2.17467664E-6 5.85113827E-4 2.69709599E-5 1.70578322E-4
1.17910004 1.21199489E-2 7.62525538E-4 4.52023996E-5 7.74259795E-4 7.39944517E-4 3.43152678E-5 7.99132977E-6 0 0 0 0 0 0 2.49478148E-7 1.35051664E-6 1.67711198E-6 5.64214366E-4 2.19026733E-5 1.42559031E-4
1.20333993 1.21200085E-2 6.97592914E-4 4.49796353E-5 7.27962586E-4 6.93996728E-4 3.39658218E-5 8.69578616E-6 0 0 0 0 0 0 7.00879923E-8 2.76384617E-6 1.30689693E-6 5.444329E-4 1.79209183E-5 1.18806303E-4
1.22758496 1.21250153E-2 7.39215757E-4 4.55591871E-5 6.90648099E-4 6.57007098E-4 3.36409576E-5 9.65035088E-6 0 0 0 0 0 0 1.76157275E-8 6.24824224E-6 1.04532864E-6 5.25685784E-4 1.50682563E-5 9.92915375E-5
1.25183499 1.21250153E-2 5.83096E-4 4.41795273E-5 6.67754211E-4 6.34412281E-4 3.33419266E-5 1.13492051E-5 0 0 0 0 0 0 3.83840026E-9 1.37885845E-5 8.75437252E-7 5.0789013E-4 1.33478043E-5 8.71572774E-5
1.27609992 1.2139976E-2 6.54909585E-4 4.40731674E-5 6.6491589E-4 6.31844217E-4 3.30717157E-5 1.49006937E-5 0 0 0 0 0 0 4.36157832E-10 2.67766191E-5 7.82003099E-7 4.9094978E-4 1.26953155E-5 8.5739317E-5
1.30037999 1.21400356E-2 6.40118902E-4 4.03348786E-5 6.80785335E-4 6.47955167E-4 3.28301467E-5 2.33182091E-5 0 0 0 0 0 0 0 4.28066633E-5 7.39869165E-7 4.74817876E-4 1.27784788E-5 9.34940763E-5
1.32467496 1.21549368E-2 7.39073439E-4 3.9478E-5 7.06371211E-4 6.73761184E-4 3.26100271E-5 4.43429126E-5 0 0 0 0 0 0 0 5.44065042E-5 7.04958154E-7 4.59472911E-4 1.28374368E-5 1.01996491E-4
1.34898996 1.21600628E-2 7.90012477E-4 4.00237514E-5 7.42290285E-4 7.09887827E-4 3.24024331E-5 9.72072812E-5 0 0 0 0 0 0 0 5.41362024E-5 6.32973808E-7 4.44911275E-4 1.20325521E-5 1.00967547E-4
1.37331998 1.21699572E-2 8.35100422E-4 4.04403654E-5 8.26143718E-4 7.93941843E-4 3.22018604E-5 2.22992297E-4 0 0 0 0 0 0 0 4.20722463E-5 5.14198064E-7 4.31121123E-4 1.01445648E-5 8.7097389E-5
1.39767504 1.21850371E-2 9.7965938E-4 4.21007317E-5 1.03342906E-3 1.00142136E-3 3.20077052E-5 4.82652453E-4 0 0 0 0 0 0 0 2.57939209E-5 3.7915774E-7 4.18046286E-4 7.76108573E-6 6.67884815E-5
1.41961002 9.75000858E-3 1.33766839E-3 5.17880871E-5 1.36637595E-3 1.33453449E-3 3.18413768E-5 8.57387378E-4 0 0 0 0 0 0 0 1.37413299E-5 2.74567981E-7 4.06817649E-4 5.83494284E-6 5.04786367E-5
1.43912005 9.75996256E-3 1.59404136E-3 5.47921991E-5 1.74342736E-3 1.71172118E-3 3.17061567E-5 1.26209843E-3 0 0 0 0 0 0 0 6.98277154E-6 2.07067842E-7 3.97250114E-4 4.57000851E-6 4.06127838E-5
1.45621002 7.33006001E-3 2.10185256E-3 6.98141594E-5 2.04702117E-3 2.01541791E-3 3.16033256E-5 1.58359518E-3 0 0 0 0 0 0 0 3.56643568E-6 1.65693649E-7 3.89148161E-4 3.79165635E-6 3.51507297E-5
1.47086501 7.32493401E-3 2.24411418E-3 7.14143898E-5 2.20770738E-3 2.17617443E-3 3.15330872E-5 1.756237E-3 0 0 0 0 0 0 0 1.95102166E-6 1.40800267E-7 3.82417988E-4 3.32429613E-6 3.21032676E-5
1.48307991 4.89002466E-3 2.36382335E-3 8.91265518E-5 2.24004569E-3 2.20855605E-3 3.14896024E-5 1.79712416E-3 0 0 0 0 0 0 0 1.14890497E-6 1.25081726E-7 3.7693794E-4 3.03027605E-6 3.01897635E-5
1.49286008 4.89002466E-3 2.32381187E-3 8.86255002E-5 2.18697684E-3 2.15550908E-3 3.14677418E-5 1.75024604E-3 0 0 0 0 0 0 0 7.48703656E-7 1.15037572E-7 3.72630224E-4 2.84317389E-6 2.89259515E-5
1.50264502 4.89497185E-3 2.28417781E-3 8.77749408E-5 2.07145582E-3 2.03999807E-3 3.14575882E-5 1.6404877E-3 0 0 0 0 0 0 0 4.83596807E-7 1.06604759E-7 3.68398556E-4 2.68673512E-6 2.78350126E-5
1.51487994 7.34001398E-3 1.92204223E-3 6.72558162E-5 1.8572167E-3 1.82575325E-3 3.14634453E-5 1.43295561E-3 0 0 0 0 0 0 0 2.78315611E-7 9.77125865E-8 3.6320035E-4 2.5225911E-6 2.66986681E-5
1.5295701 7.35002756E-3 1.56501692E-3 6.24184759E-5 1.54793018E-3 1.51643984E-3 3.14903518E-5 1.13114354E-3 0 0 0 0 0 0 0 1.37675826E-7 8.85240041E-8 3.57072218E-4 2.35350512E-6 2.56443618E-5
1.54917502 1.2255013E-2 1.15229574E-3 4.35725196E-5 1.1412669E-3 1.10971951E-3 3.15474026E-5 7.33648369E-4 0 0 0 0 0 0 0 5.27423403E-8 7.77454616E-8 3.49081092E-4 2.15276395E-6 2.47068165E-5
1.57369494 1.22649074E-2 7.04674632E-4 3.78148834E-5 7.55760178E-4 7.24160403E-4 3.15997495E-5 3.59064841E-4 0 0 0 0 0 0 0 1.35731764E-8 6.52983871E-8 3.39367689E-4 1.90826131E-6 2.37407403E-5
1.5982399 1.22800469E-2 5.25858311E-4 3.50251903E-5 5.36334061E-4 5.04758034E-4 3.15760444E-5 1.50735548E-4 0 0 0 0 0 0 0 2.73540279E-9 5.36763274E-8 3.29994771E-4 1.65547374E-6 2.23158258E-5
1.62281001 1.22900009E-2 4.31820634E-4 3.3242326E-5 4.31393564E-4 3.99931247E-4 3.14623067E-5 5.72232457E-5 0 0 0 0 0 0 0 0 4.31838885E-8 3.21026921E-4 1.40140867E-6 2.0236479E-5
1.6473999 1.22999549E-2 4.15784685E-4 3.391059E-5 3.83256702E-4 3.51968687E-4 3.12880111E-5 2.03280433E-5 0 0 0 0 0 0 0 0 3.41626745E-8 3.12459975E-4 1.16522415E-6 1.79812996E-5
1.67201495 1.23150349E-2 3.70482303E-4 3.45764129E-5 3.59221129E-4 3.28130613E-4 3.10905307E-5 6.75367346E-6 0 0 0 0 0 0 0 0 2.67881504E-8 3.0426326E-4 9.64091782E-7 1.61228036E-5
1.69665504 1.23249888E-2 3.69680463E-4 3.42444146E-5 3.45077831E-4 3.14185425E-4 3.08923954E-5 2.04413004E-6 0 0 0 0 0 0 0 0 2.1037966E-8 2.96399201E-4 8.051652E-7 1.49158905E-5
1.72131491 1.23350024E-2 3.39921564E-4 3.34843353E-5 3.35235265E-4 3.04525194E-4 3.07100781E-5 5.49544268E-7 0 0 0 0 0 0 0 0 1.67233658E-8 2.88854819E-4 6.87892054E-7 1.44161995E-5
1.74600005 1.23500228E-2 3.33879143E-4 3.35342993E-5 3.27764283E-4 2.97178543E-4 3.05857466E-5 1.29640995E-7 0 0 0 0 0 0 0 0 1.35739828E-8 2.81653221E-4 6.09969618E-7 1.4772143E-5
1.77070498 1.23550296E-2 3.62793042E-4 3.3219967E-5 3.22264328E-4 2.91648641E-4 3.06156799E-5 0 0 0 0 0 0 0 0 0 1.13152518E-8 2.74803373E-4 5.68723692E-7 1.62652123E-5
1.79542506 1.23649836E-2 3.51014896E-4 3.38092032E-5 3.18679377E-4 2.87744944E-4 3.09344287E-5 0 0 0 0 0 0 0 0 0 9.68684333E-9 2.68249278E-4 5.56080465E-7 1.89298789E-5
1.82017004 1.23800039E-2 3.60499573E-4 3.36724625E-5 3.16028338E-4 2.84409354E-4 3.16189835E-5 0 0 0 0 0 0 0 0 0 8.41493097E-9 2.61851121E-4 5.52470567E-7 2.19973335E-5
1.84493494 1.23849511E-2 3.58174671E-4 3.59645164E-5 3.12436692E-4 2.79849599E-4 3.25870969E-5 0 0 0 0 0 0 0 0 0 7.24302351E-9 2.55467225E-4 5.30518662E-7 2.38446082E-5
1.86970997 1.23900175E-2 3.1200287E-4 3.54919393E-5 3.06116737E-4 2.72528647E-4 3.35880904E-5 0 0 0 0 0 0 0 0 0 6.03127948E-9 2.4908912E-4 4.71809244E-7 2.29616599E-5
1.89450502 1.24050379E-2 3.60712234E-4 3.70663474E-5 2.96925427E-4 2.6257179E-4 3.43536412E-5 0 0 0 0 0 0 0 0 0 4.81675944E-9 2.42860886E-4 3.82738591E-7 1.93233464E-5
1.91932011 1.24099851E-2 3.47080262E-4 3.62284809E-5 2.86557828E-4 2.51777907E-4 3.47799178E-5 0 0 0 0 0 0 0 0 0 3.73731757E-9 2.36952284E-4 2.89024143E-7 1.45328559E-5
1.94414496 1.24149919E-2 3.29109811E-4 3.639637E-5 2.76965933E-4 2.42020396E-4 3.49455295E-5 0 0 0 0 0 0 0 0 0 2.88707236E-9 2.31416241E-4 2.13065533E-7 1.0388203E-5
1.96898508 1.24250054E-2 3.07282375E-4 3.61072453E-5 2.68983131E-4 2.33995263E-4 3.49878756E-5 0 0 0 0 0 0 0 0 0 2.26141883E-9 2.26191478E-4 1.60872659E-7 7.64065044E-6
1.99383998 1.24299526E-2 3.18952661E-4 3.56603596E-5 2.6241265E-4 2.27414901E-4 3.49977381E-5 0 0 0 0 0 0 0 0 0 1.80476356E-9 2.21201655E-4 1.27231417E-7 6.08421351E-6
2.01870489 1.24350786E-2 2.57790176E-4 3.51770796E-5 2.56761268E-4 2.21744136E-4 3.50171358E-5 0 0 0 0 0 0 0 0 0 1.46289625E-9 2.16401619E-4 1.05073667E-7 5.23598146E-6
2.04358006 1.24399662E-2 2.84839713E-4 3.64174703E-5 2.51684454E-4 2.16616958E-4 3.50674854E-5 0 0 0 0 0 0 0 0 0 1.20000576E-9 2.1177184E-4 8.96935362E-8 4.7542253E-6
2.06847 1.24499798E-2 3.1487862E-4 3.63230101E-5 2.4704347E-4 2.11867169E-4 3.51763119E-5 0 0 0 0 0 0 0 0 0 9.94456739E-10 2.07303237E-4 7.8604657E-8 4.48434048E-6
2.09336996 1.2450099E-2 2.31819562E-4 3.64379885E-5 2.42807771E-4 2.07425241E-4 3.53825271E-5 0 0 0 0 0 0 0 0 0 8.31626934E-10 2.02994241E-4 7.02836473E-8 4.35988341E-6
2.11827517 1.24548674E-2 3.24075925E-4 3.68678775E-5 2.38977576E-4 2.03227872E-4 3.57497047E-5 0 0 0 0 0 0 0 0 0 6.99677205E-10 1.98844718E-4 6.33998098E-8 4.31906028E-6
2.14318991 1.24599934E-2 2.6192161E-4 3.7540045E-5 2.35560598E-4 1.99189613E-4 3.63709951E-5 0 0 0 0 0 0 0 0 0 5.89172988E-10 1.94850392E-4 5.68515972E-8 4.28177509E-6
2.16811514 1.24651194E-2 2.89814838E-4 3.73960174E-5 2.32591468E-4 1.95219443E-4 3.7372025E-5 0 0 0 0 0 0 0 0 0 4.94345065E-10 1.90994208E-4 5.0172293E-8 4.1745684E-6
2.19304991 1.24698877E-2 2.41581612E-4 3.98055927E-5 2.30128149E-4 1.91242594E-4 3.88855442E-5 0 0 0 0 0 0 0 0 0 4.12730267E-10 1.87232581E-4 4.35655139E-8 3.96604082E-6
2.21798992 1.24700069E-2 1.94624634E-4 4.04710045E-5 2.28199729E-4 1.87212136E-4 4.09875938E-5 0 0 0 0 0 0 0 0 0 3.43156142E-10 1.83496493E-4 3.74444866E-8 3.6778606E-6
2.24293494 1.24750137E-2 2.45849165E-4 4.35118309E-5 2.26726508E-4 1.83109194E-4 4.36173141E-5 0 0 0 0 0 0 0 0 0 2.8389055E-10 1.79712486E-4 3.19725189E-8 3.36445373E-6
2.26788521 1.24751329E-2 2.28378703E-4 4.53707398E-5 2.25473908E-4 1.7895794E-4 4.65159683E-5 0 0 0 0 0 0 0 0 0 2.32832503E-10 1.75850553E-4 2.70458962E-8 3.08009703E-6
2.29284 1.24799013E-2 1.80457297E-4 4.74803019E-5 2.24117161E-4 1.74841931E-4 4.9275237E-5 0 0 0 0 0 0 0 0 0 1.88701707E-10 1.7195566E-4 2.25702887E-8 2.86351292E-6
2.31780005 1.24800205E-2 2.35992629E-4 4.89753111E-5 2.22388524E-4 1.70893371E-4 5.14951535E-5 0 0 0 0 0 0 0 0 0 1.51333737E-10 1.68127372E-4 1.86116598E-8 2.74723675E-6
2.34276485 1.24849081E-2 2.01110801E-4 5.02184557E-5 2.20187794E-4 1.67242411E-4 5.29453719E-5 0 0 0 0 0 0 0 0 0 1.2079153E-10 1.6445911E-4 1.52931001E-8 2.76788592E-6
2.36773491 1.24850273E-2 2.20981135E-4 5.16066502E-5 2.17562323E-4 1.63957608E-4 5.36047191E-5 0 0 0 0 0 0 0 0 0 9.65792515E-11 1.61000353E-4 1.26445858E-8 2.94451411E-6
2.39270496 1.24850273E-2 1.92577718E-4 5.06178549E-5 2.1460843E-4 1.61001502E-4 5.36069383E-5 0 0 0 0 0 0 0 0 0 7.77024695E-11 1.57762115E-4 1.05791038E-8 3.2287262E-6
2.41767979 1.24899149E-2 1.52650304E-4 5.23307281E-5 2.11397477E-4 1.58217954E-4 5.31795304E-5 0 0 0 0 0 0 0 0 0 6.30155164E-11 1.54727109E-4 8.95325858E-9 3.48182539E-6
2.44265485 1.24850273E-2 2.32345308E-4 5.02475414E-5 2.07961813E-4 1.55399335E-4 5.25624819E-5 0 0 0 0 0 0 0 0 0 5.14965397E-11 1.51859145E-4 7.6333615E-9 3.53250607E-6
2.46763492 1.24950409E-2 2.11910083E-4 4.85770215E-5 2.04345182E-4 1.52409615E-4 5.19355599E-5 0 0 0 0 0 0 0 0 0 4.23267844E-11 1.49113926E-4 6.52549126E-9 3.28912415E-6
2.49261999 1.24900341E-2 2.43461458E-4 4.78363945E-5 2.00659517E-4 1.49268497E-4 5.13910236E-5 0 0 0 0 0 0 0 0 0 3.49127116E-11 1.46456383E-4 5.57849411E-9 2.80650056E-6
2.51760507 1.24950409E-2 1.6352121E-4 4.646054E-5 1.97062225E-4 1.46113758E-4 5.09484598E-5 0 0 0 0 0 0 0 0 0 2.88458285E-11 1.43867088E-4 4.76782835E-9 2.24187511E-6
2.54259014 1.24900341E-2 2.49811041E-4 4.79238843E-5 1.93676926E-4 1.43087906E-4 5.05890166E-5 0 0 0 0 0 0 0 0 0 2.38447508E-11 1.41338518E-4 4.0780308E-9 1.74528304E-6
2.56757498 1.24949217E-2 1.68304818E-4 4.64668374E-5 1.90547464E-4 1.40259144E-4 5.02883231E-5 0 0 0 0 0 0 0 0 0 1.97100634E-11 1.38870382E-4 3.49356744E-9 1.38523842E-6
2.59256506 1.24950409E-2 2.1799143E-4 4.7530848E-5 1.87650003E-4 1.37621071E-4 5.00289389E-5 0 0 0 0 0 0 0 0 0 1.62910432E-11 1.36465154E-4 2.99810576E-9 1.15289481E-6
2.61755514 1.24949217E-2 1.09694323E-4 4.6270954E-5 1.84953402E-4 1.35136361E-4 4.98170375E-5 0 0 0 0 0 0 0 0 0 1.34690809E-11 1.34126298E-4 2.57704325E-9 1.00746968E-6
2.64254999 1.25000477E-2 2.48143508E-4 4.63177421E-5 1.82449527E-4 1.32767775E-4 4.96817556E-5 0 0 0 0 0 0 0 0 0 1.1143593E-11 1.31853696E-4 2.21816321E-9 9.11837958E-7
2.66754508 1.24950409E-2 2.19013295E-4 4.62814096E-5 1.80143237E-4 1.30487504E-4 4.96557295E-5 0 0 0 0 0 0 0 0 0 9.22750591E-12 1.29641936E-4 1.91137839E-9 8.43641999E-7
2.69254017 1.24999285E-2 1.39674419E-4 4.66337042E-5 1.78032482E-4 1.28273488E-4 4.97589936E-5 0 0 0 0 0 0 0 0 0 7.64443803E-12 1.2747971E-4 1.64799019E-9 7.92122876E-7
2.71753502 1.24950409E-2 1.96128385E-4 4.61051968E-5 1.76078625E-4 1.26108731E-4 4.99698945E-5 0 0 0 0 0 0 0 0 0 6.33030347E-12 1.25354796E-4 1.42067647E-9 7.5251495E-7
2.74252987 1.24999285E-2 1.02082631E-4 4.67733662E-5 1.74204455E-4 1.23982245E-4 5.02222101E-5 0 0 0 0 0 0 0 0 0 5.23447952E-12 1.23258986E-4 1.22363886E-9 7.2203602E-7
2.76752496 1.24950409E-2 2.04825366E-4 4.8386657E-5 1.72317799E-4 1.21893012E-4 5.04247873E-5 0 0 0 0 0 0 0 0 0 4.31953431E-12 1.21194389E-4 1.05265208E-9 6.9756419E-7
2.79252005 1.25000477E-2 1.11493115E-4 4.50762491E-5 1.70344094E-4 1.19847202E-4 5.04968884E-5 0 0 0 0 0 0 0 0 0 3.55825764E-12 1.19171513E-4 9.04656128E-10 6.74779187E-7
2.81752014 1.24999285E-2 2.04043667E-4 4.58331051E-5 1.68260856E-4 1.1785276E-4 5.04080926E-5 0 0 0 0 0 0 0 0 0 2.92904785E-12 1.17202952E-4 7.77103992E-10 6.49028038E-7
2.84251499 1.24950409E-2 1.81734838E-4 4.48630672E-5 1.66096434E-4 1.15914641E-4 5.01817885E-5 0 0 0 0 0 0 0 0 0 2.4123262E-12 1.15296658E-4 6.67568445E-10 6.17313788E-7
2.86751008 1.25000477E-2 1.44106001E-4 4.45713194E-5 1.63897159E-4 1.14031958E-4 4.98651971E-5 0 0 0 0 0 0 0 0 0 1.98906711E-12 1.13451453E-4 5.73639081E-10 5.79929406E-7
2.89250994 1.24999285E-2 1.65743259E-4 4.53823741E-5 1.6171165E-4 1.12202266E-4 4.95093918E-5 0 0 0 0 0 0 0 0 0 1.6421157E-12 1.11661779E-4 4.93172281E-10 5.39993266E-7
2.91751003 1.25000477E-2 8.14153245E-5 4.63336874E-5 1.59574251E-4 1.10423935E-4 4.91503088E-5 0 0 0 0 0 0 0 0 0 1.35715777E-12 1.09922075E-4 4.24327407E-10 5.01436773E-7
2.94251013 1.24999285E-2 7.84924632E-5 4.59681723E-5 1.5750785E-4 1.08695051E-4 4.88128062E-5 0 0 0 0 0 0 0 0 0 1.12260375E-12 1.08227548E-4 3.65426606E-10 4.67133162E-7
2.96750998 1.25000477E-2 1.18840879E-4 4.51670494E-5 1.5552681E-4 1.07012973E-4 4.85138371E-5 0 0 0 0 0 0 0 0 0 9.29127218E-13 1.06574262E-4 3.14919424E-10 4.38391766E-7
2.99251008 1.25000477E-2 1.21633791E-4 4.57117894E-5 1.53603905E-4 1.05374951E-4 4.8228947E-5 0 0 0 0 0 0 0 0 0 7.69268546E-13 1.04959152E-4 2.71460271E-10 4.15530508E-7
3.01750517 1.24949217E-2 1.49291707E-4 4.59007169E-5 1.50771972E-4 1.03778963E-4 4.69930092E-5 0 0 0 0 0 0 0 0 0 6.37051284E-13 1.0338032E-4 2.33967234E-10 3.98408929E-7
3.04250002 1.25000477E-2 1.27623309E-4 4.42789315E-5 1.47598214E-4 1.02222199E-4 4.53760222E-5 0 0 0 0 0 0 0 0 0 5.27594949E-13 1.01835867E-4 2.01582445E-10 3.86127454E-7
3.06750011 1.24999285E-2 1.42853736E-4 4.35786969E-5 1.44572899E-4 1.00700861E-4 4.38720344E-5 0 0 0 0 0 0 0 0 0 4.36962288E-13 1.00324432E-4 1.73630124E-10 3.76253411E-7
3.09249997 1.25000477E-2 1.34121932E-4 4.50058506E-5 1.4168433E-4 9.92095956E-5 4.24747304E-5 0 0 0 0 0 0 0 0 0 3.61905601E-13 9.88447064E-5 1.49538382E-10 3.6473736E-7
3.11750007 1.25000477E-2 1.28422485E-4 4.43891076E-5 1.38914053E-4 9.77423042E-5 4.11717519E-5 0 0 0 0 0 0 0 0 0 2.99731458E-13 9.73947681E-5 1.28794794E-10 3.47404466E-7
3.14249992 1.24999285E-2 1.51119617E-4 4.50411208E-5 1.36242306E-4 9.62949198E-5 3.99473829E-5 0 0 0 0 0 0 0 0 0 2.48189436E-13 9.59724712E-5 1.10932721E-10 3.22331459E-7
3.16750002 1.25000477E-2 7.43455748E-5 4.31834669E-5 1.33649912E-4 9.48674715E-5 3.87824475E-5 0 0 0 0 0 0 0 0 0 2.05426157E-13 9.45761931E-5 9.55396803E-11 2.91179219E-7
3.19250011 1.24999285E-2 1.5982351E-4 4.49781801E-5 1.31118446E-4 9.34640921E-5 3.76543503E-5 0 0 0 0 0 0 0 0 0 1.69940857E-13 9.32057883E-5 8.2267082E-11 2.58220922E-7
3.21749997 1.25000477E-2 1.40366727E-4 4.42272358E-5 1.28638159E-4 9.2090384E-5 3.6547779E-5 0 0 0 0 0 0 0 0 0 1.40513645E-13 9.18624573E-5 7.08247766E-11 2.27851373E-7
3.24250007 1.25000477E-2 1.219798E-4 4.27130472E-5 1.26203828E-4 9.075056E-5 3.54532604E-5 0 0 0 0 0 0 0 0 0 1.16147665E-13 9.05479246E-5 6.0971006E-11 2.02576743E-7
3.26749992 1.24999285E-2 1.70263491E-4 4.27091691E-5 1.23818696E-4 8.94465629E-5 3.43721367E-5 0 0 0 0 0 0 0 0 0 9.60083589E-14 8.92638272E-5 5.24974994E-11 1.82679074E-7
3.29250002 1.25000477E-2 1.93699059E-4 4.39539326E-5 1.21491226E-4 8.81776359E-5 3.33135868E-5 0 0 0 0 0 0 0 0 0 7.93842463E-14 8.80104853E-5 4.52183395E-11 1.67105384E-7
3.31750011 1.24999285E-2 5.63711947E-5 4.21512632E-5 1.19228731E-4 8.69416617E-5 3.22870692E-5 0 0 0 0 0 0 0 0 0 6.56702408E-14 8.67870986E-5 3.89673155E-11 1.5452369E-7
3.34249997 1.25000477E-2 1.87869809E-4 4.31938279E-5 1.17038639E-4 8.57357227E-5 3.13029159E-5 0 0 0 0 0 0 0 0 0 5.43522543E-14 8.55918042E-5 3.35959628E-11 1.43886737E-7
3.36750007 1.25000477E-2 1.02082209E-4 4.33257483E-5 1.14921422E-4 8.45568284E-5 3.03645957E-5 0 0 0 0 0 0 0 0 0 4.50022134E-14 8.44222668E-5 2.89750845E-11 1.34530097E-7
3.39249992 1.24999285E-2 2.12692743E-4 4.27233135E-5 1.12873371E-4 8.34023158E-5 2.94710608E-5 0 0 0 0 0 0 0 0 0 3.72672101E-14 8.32762162E-5 2.49940624E-11 1.26073175E-7
3.41750002 1.25000477E-2 5.29125646E-5 4.23484926E-5 1.10887449E-4 8.22701113E-5 2.86173363E-5 0 0 0 0 0 0 0 0 0 3.08593483E-14 8.21517897E-5 2.15595423E-11 1.18302779E-7
3.44250011 1.24999285E-2 1.86807592E-5 4.26418228E-5 1.0895251E-4 8.11590508E-5 2.77934541E-5 0 0 0 0 0 0 0 0 0 2.5546761E-14 8.10479396E-5 1.85941627E-11 1.11097151E-7
3.46749997 1.25000477E-2 2.87303064E-5 4.29063475E-5 1.07060412E-4 8.00688213E-5 2.69915909E-5 0 0 0 0 0 0 0 0 0 2.11415578E-14 7.99644113E-5 1.60335079E-11 1.04390132E-7
3.49250007 1.25000477E-2 1.18034237E-4 4.30107102E-5 1.05204781E-4 7.9000034E-5 2.62047488E-5 0 0 0 0 0 0 0 0 0 1.74915929E-14 7.89018522E-5 1.38239854E-11 9.81622392E-8
3.51749992 1.24999285E-2 6.98391814E-5 4.40477452E-5 1.03384577E-4 7.79533439E-5 2.54312345E-5 0 0 0 0 0 0 0 0 0 1.44704263E-14 7.78609101E-5 1.191937E-11 9.24184178E-8
3.54250002 1.25000477E-2 9.17353318E-5 4.29132524E-5 1.01603291E-4 7.69291801E-5 2.46741056E-5 0 0 0 0 0 0 0 0 0 1.19725583E-14 7.68420141E-5 1.02793225E-11 8.71551649E-8
3.56750011 1.24999285E-2 1.3132309E-4 4.22571939E-5 9.98640899E-5 7.59272007E-5 2.39368856E-5 0 0 0 0 0 0 0 0 0 9.90868883E-15 7.58448805E-5 8.86786044E-12 8.2312404E-8
3.59249997 1.25000477E-2 6.50673901E-5 4.22981866E-5 9.81713383E-5 7.49464307E-5 2.3224904E-5 0 0 0 0 0 0 0 0 0 8.20330318E-15 7.48686653E-5 7.65294685E-12 7.77604683E-8
3.61750007 1.25000477E-2 1.34869924E-5 4.14651186E-5 9.65256258E-5 7.39856478E-5 2.25399835E-5 0 0 0 0 0 0 0 0 0 6.79353966E-15 7.39122916E-5 6.60665229E-12 7.33446086E-8
3.64249992 1.24999285E-2 1.0876227E-5 4.10725843E-5 9.49265013E-5 7.30436586E-5 2.18828427E-5 0 0 0 0 0 0 0 0 0 5.62719139E-15 7.29746826E-5 5.70481553E-12 6.89676298E-8
3.66750002 1.25000477E-2 6.23103624E-5 4.10905523E-5 9.33731644E-5 7.21197794E-5 2.12533851E-5 0 0 0 0 0 0 0 0 0 4.66168564E-15 7.20551252E-5 4.92701973E-12 6.46476863E-8
3.69250011 1.24999285E-2 7.55836372E-5 4.16339826E-5 9.18635997E-5 7.1213617E-5 2.06499844E-5 0 0 0 0 0 0 0 0 0 3.86220088E-15 7.11531102E-5 4.25596407E-12 6.05021242E-8
3.71749997 1.25000477E-2 1.04495652E-4 4.09071326E-5 9.03980399E-5 7.03249243E-5 2.00731156E-5 0 0 0 0 0 0 0 0 0 3.20010636E-15 7.02682446E-5 3.67688562E-12 5.66717695E-8
3.74250007 1.25000477E-2 1.23421181E-4 4.19455646E-5 8.89756411E-5 6.94533592E-5 1.95222838E-5 0 0 0 0 0 0 0 0 0 2.65182532E-15 6.94001137E-5 3.17713737E-12 5.32417275E-8
3.76749992 1.24999285E-2 9.76532829E-5 4.14630085E-5 8.75953265E-5 6.85981358E-5 1.89971852E-5 0 0 0 0 0 0 0 0 0 2.19763524E-15 6.85479317E-5 2.74567326E-12 5.02041146E-8
3.79250002 1.25000477E-2 5.8881571E-5 4.10873981E-5 8.62551751E-5 6.77583957E-5 1.84967812E-5 0 0 0 0 0 0 0 0 0 1.82122862E-15 6.77109201E-5 2.37297573E-12 4.74706319E-8
3.81750011 1.24999285E-2 8.5749256E-5 4.06294203E-5 8.49503849E-5 6.69332512E-5 1.80171337E-5 0 0 0 0 0 0 0 0 0 1.50912716E-15 6.68883367E-5 2.05087379E-12 4.49112996E-8
3.84249997 1.25000477E-2 1.07692904E-4 4.11045185E-5 8.36771287E-5 6.61222293E-5 1.75548957E-5 0 0 0 0 0 0 0 0 0 1.25027325E-15 6.60798323E-5 1.77242596E-12 4.23986215E-8
3.86750007 1.25000477E-2 1.66608908E-4 4.16349358E-5 8.24310846E-5 6.53251991E-5 1.71058782E-5 0 0 0 0 0 0 0 0 0 1.03563997E-15 6.5285356E-5 1.53177167E-12 3.98458546E-8
3.89249992 1.24999285E-2 7.31203909E-5 4.13110174E-5 8.12100843E-5 6.45423061E-5 1.66677783E-5 0 0 0 0 0 0 0 0 0 8.57769143E-16 6.4505075E-5 1.32387829E-12 3.72324784E-8
3.91750002 1.25000477E-2 8.10236161E-5 4.02913283E-5 8.00137495E-5 6.37735575E-5 1.62401921E-5 0 0 0 0 0 0 0 0 0 7.10430514E-16 6.3738953E-5 1.1443497E-12 3.4606142E-8
3.94250011 1.24999285E-2 1.09852976E-4 4.10775865E-5 7.88418183E-5 6.3018997E-5 1.58228195E-5 0 0 0 0 0 0 0 0 0 5.88441676E-16 6.29869392E-5 9.89365491E-13 3.20568248E-8
3.96749997 1.25000477E-2 1.01436082E-4 3.9941584E-5 7.7695775E-5 6.22784428E-5 1.54173285E-5 0 0 0 0 0 0 0 0 0 4.87458779E-16 6.22487714E-5 8.55576406E-13 2.96735543E-8
3.99250007 1.25000477E-2 1.53492831E-4 4.00653662E-5 7.65763471E-5 6.15517056E-5 1.50246424E-5 0 0 0 0 0 0 0 0 0 4.03879762E-16 6.15241952E-5 7.40086215E-13 2.75096834E-8
4.01749992 1.25000477E-2 1.23903243E-4 4.01916186E-5 7.5484495E-5 6.08383016E-5 1.4646198E-5 0 0 0 0 0 0 0 0 0 3.34693502E-16 6.08127266E-5 6.40364226E-13 2.55729677E-8
4.04250002 1.24998093E-2 6.93461188E-5 3.97071781E-5 7.44199424E-5 6.01376632E-5 1.42822828E-5 0 0 0 0 0 0 0 0 0 2.77402284E-16 6.01138236E-5 5.5421672E-13 2.38390516E-8
4.06750011 1.25000477E-2 6.66848282E-5 4.0141138E-5 7.33821362E-5 5.9449063E-5 1.39330705E-5 0 0 0 0 0 0 0 0 0 2.29929317E-16 5.94267913E-5 4.79739458E-13 2.22719443E-8
4.09500027 1.50001049E-2 -1.8147326E-5 3.6003803E-5 7.22683108E-5 5.87051145E-5 1.35631981E-5 0 0 0 0 0 0 0 0 0 1.87146014E-16 5.86844108E-5 4.09522188E-13 2.0704622E-8
4.12250042 1.25000477E-2 5.94153389E-5 4.02672013E-5 7.11795146E-5 5.7974361E-5 1.32051528E-5 0 0 0 0 0 0 0 0 0 1.52106868E-16 5.79550942E-5 3.49341378E-13 1.92658138E-8
4.14750004 1.24998093E-2 1.73652879E-5 4.04848324E-5 7.02105026E-5 5.73220423E-5 1.2888464E-5 0 0 0 0 0 0 0 0 0 1.26041904E-16 5.73039833E-5 3.02476712E-13 1.80578965E-8
4.17500019 1.50001049E-2 7.68596947E-5 3.70202615E-5 6.91677924E-5 5.66177987E-5 1.25499946E-5 0 0 0 0 0 0 0 0 0 1.02560423E-16 5.66009694E-5 2.58299702E-13 1.68260481E-8
4.20250034 1.25000477E-2 -5.10601167E-5 4.05671999E-5 6.81480524E-5 5.59268228E-5 1.22212259E-5 0 0 0 0 0 0 0 0 0 8.33486773E-17 5.59111431E-5 2.20469205E-13 1.56815503E-8
4.22749996 1.24998093E-2 1.04124825E-4 4.22225894E-5 6.72427341E-5 5.53104437E-5 1.19322885E-5 0 0 0 0 0 0 0 0 0 6.9070362E-17 5.52957317E-5 1.91032018E-13 1.47133399E-8
4.25249958 1.25000477E-2 7.47549639E-5 4.01999387E-5 6.63585088E-5 5.47046293E-5 1.16538786E-5 0 0 0 0 0 0 0 0 0 5.72376492E-17 5.46908232E-5 1.6556991E-13 1.38069849E-8
4.27750015 1.25000477E-2 1.298032E-4 3.95998104E-5 6.54938995E-5 5.41088411E-5 1.1385061E-5 0 0 0 0 0 0 0 0 0 4.74255832E-17 5.40958827E-5 1.43532037E-13 1.29576359E-8
4.30249977 1.25000477E-2 2.5369176E-5 3.94352828E-5 6.46480185E-5 5.35227518E-5 1.11252657E-5 0 0 0 0 0 0 0 0 0 3.9287959E-17 5.35105901E-5 1.24450824E-13 1.21612631E-8
4.32750034 1.25000477E-2 3.06028051E-5 4.07975022E-5 6.38197525E-5 5.29461322E-5 1.08736212E-5 0 0 0 0 0 0 0 0 0 3.25381718E-17 5.29347199E-5 1.07922121E-13 1.14144907E-8
4.35249996 1.24998093E-2 1.21927711E-4 4.10507564E-5 6.30083232E-5 5.23789204E-5 1.06294019E-5 0 0 0 0 0 0 0 0 0 2.69442802E-17 5.23682029E-5 9.36058549E-14 1.0714877E-8
4.37749958 1.25000477E-2 3.89459965E-5 4.03187732E-5 6.22140506E-5 5.18209745E-5 1.0393077E-5 0 0 0 0 0 0 0 0 0 2.23121399E-17 5.18109155E-5 8.12055501E-14 1.00603987E-8
4.40250015 1.25000477E-2 2.07680932E-5 4.08325504E-5 6.14362652E-5 5.1272109E-5 1.01641599E-5 0 0 0 0 0 0 0 0 0 1.84788195E-17 5.12626575E-5 7.04629971E-14 9.44892431E-9
4.42749977 1.25000477E-2 4.96634311E-6 4.14698334E-5 6.06747635E-5 5.07320001E-5 9.94276525E-6 0 0 0 0 0 0 0 0 0 1.53077416E-17 5.07231198E-5 6.11544506E-14 8.87762575E-9
4.45250034 1.25000477E-2 6.88641958E-5 4.15217364E-5 5.99288287E-5 5.02003168E-5 9.72851194E-6 0 0 0 0 0 0 0 0 0 1.26834986E-17 5.01919712E-5 5.30841274E-14 8.34264657E-9
4.47749996 1.24998093E-2 8.8241366E-5 4.13593734E-5 5.91972603E-5 4.96767898E-5 9.52046867E-6 0 0 0 0 0 0 0 0 0 1.05108443E-17 4.96689536E-5 4.60849247E-14 7.83956278E-9
4.50249958 1.25000477E-2 1.23313323E-4 4.13249727E-5 5.8479749E-5 4.916131E-5 9.3184417E-6 0 0 0 0 0 0 0 0 0 8.71130042E-18 4.91539431E-5 4.00136806E-14 7.36426786E-9
4.52750015 1.25000477E-2 6.11052601E-5 4.15209906E-5 5.77751598E-5 4.86537901E-5 9.12136784E-6 0 0 0 0 0 0 0 0 0 7.22037354E-18 4.8646878E-5 3.47473379E-14 6.91389035E-9
4.55249977 1.25000477E-2 2.43089344E-5 4.18445197E-5 5.70834782E-5 4.81542302E-5 8.92924891E-6 0 0 0 0 0 0 0 0 0 5.98518485E-18 4.81477437E-5 3.01800245E-14 6.48725651E-9
4.57750034 1.25000477E-2 -1.18944699E-5 4.01767975E-5 5.64046786E-5 4.76625064E-5 8.7421713E-6 0 0 0 0 0 0 0 0 0 4.96176143E-18 4.76564237E-5 2.62188918E-14 6.08444761E-9
4.60249996 1.24998093E-2 8.05870295E-5 4.09237073E-5 5.57385538E-5 4.71784879E-5 8.56006591E-6 0 0 0 0 0 0 0 0 0 4.11371601E-18 4.71727835E-5 2.27831009E-14 5.70598413E-9
4.63000011 1.50001049E-2 4.19499265E-5 3.602379E-5 5.50209297E-5 4.66548372E-5 8.36609252E-6 0 0 0 0 0 0 0 0 0 3.34974172E-18 4.66495185E-5 1.95338859E-14 5.3183129E-9
4.65750027 1.25000477E-2 8.10177735E-5 4.05940009E-5 5.43172937E-5 4.61396885E-5 8.17760429E-6 0 0 0 0 0 0 0 0 0 2.72425111E-18 4.61347299E-5 1.67402577E-14 4.95827646E-9
4.68249989 1.25000477E-2 9.12735486E-5 3.98796547E-5 5.3689957E-5 4.56789166E-5 8.01104215E-6 0 0 0 0 0 0 0 0 0 2.25891569E-18 4.567426E-5 1.45567609E-14 4.65432626E-9
4.70749998 1.24998093E-2 5.6701243E-5 4.07677435E-5 5.30735051E-5 4.52250933E-5 7.84841268E-6 0 0 0 0 0 0 0 0 0 1.87309694E-18 4.52207205E-5 1.26607395E-14 4.37018821E-9
4.73250008 1.25000477E-2 1.13003582E-4 4.1592175E-5 5.24681564E-5 4.47781604E-5 7.68999689E-6 0 0 0 0 0 0 0 0 0 1.55320231E-18 4.47740567E-5 1.10141007E-14 4.10384171E-9
4.75749969 1.25000477E-2 3.70971247E-5 3.96380165E-5 5.18734196E-5 4.43380522E-5 7.53536506E-6 0 0 0 0 0 0 0 0 0 1.28799838E-18 4.43341996E-5 9.58396519E-15 3.85352283E-9
4.78250027 1.25000477E-2 -3.10914438E-5 3.9470815E-5 5.12894985E-5 4.39046671E-5 7.38483095E-6 0 0 0 0 0 0 0 0 0 1.06816149E-18 4.39010473E-5 8.34175834E-15 3.61785313E-9
4.80749989 1.25000477E-2 1.06109277E-4 4.03155063E-5 5.07163859E-5 4.34778303E-5 7.23855419E-6 0 0 0 0 0 0 0 0 0 8.85893892E-19 4.34744361E-5 7.26242068E-15 3.39583184E-9
4.83249998 1.24998093E-2 1.25491337E-4 3.991423E-5 5.01537543E-5 4.305736E-5 7.09639517E-6 0 0 0 0 0 0 0 0 0 7.34778955E-19 4.30541731E-5 6.32438675E-15 3.1867855E-9
4.85750008 1.25000477E-2 5.15649408E-5 3.99395649E-5 4.96017346E-5 4.26430997E-5 6.95863537E-6 0 0 0 0 0 0 0 0 0 6.09467141E-19 4.26401093E-5 5.5088702E-15 2.99021274E-9
4.88249969 1.25000477E-2 4.03438644E-5 4.00509562E-5 4.90596321E-5 4.22349331E-5 6.82469727E-6 0 0 0 0 0 0 0 0 0 5.05541047E-19 4.22321282E-5 4.79968001E-15 2.80566637E-9
4.90750027 1.25000477E-2 6.92815956E-5 4.00186764E-5 4.85274504E-5 4.18328236E-5 6.69462497E-6 0 0 0 0 0 0 0 0 0 4.19371989E-19 4.18301897E-5 4.18295871E-15 2.63268296E-9
4.93249989 1.25000477E-2 7.73223219E-5 4.03554841E-5 4.8005204E-5 4.14366878E-5 6.56851716E-6 0 0 0 0 0 0 0 0 0 3.47922531E-19 4.14342176E-5 3.64655011E-15 2.47069165E-9
4.95749998 1.24998093E-2 6.58066856E-5 3.89968263E-5 4.74928784E-5 4.10464272E-5 6.44644888E-6 0 0 0 0 0 0 0 0 0 2.88684664E-19 4.10441098E-5 3.17993829E-15 2.31905628E-9
4.98250008 1.25000477E-2 7.35269714E-5 3.87100263E-5 4.69907827E-5 4.0661831E-5 6.32894944E-6 0 0 0 0 0 0 0 0 0 2.39563396E-19 4.06596555E-5 2.77388298E-15 2.17708207E-9
5.00749969 1.25000477E-2 9.60215766E-5 4.02121477E-5 4.64983532E-5 4.02826772E-5 6.21567551E-6 0 0 0 0 0 0 0 0 0 1.98815484E-19 4.02806327E-5 2.42031914E-15 2.04408379E-9
5.03250027 1.25000477E-2 8.87529823E-5 4.01232282E-5 4.60152696E-5 3.99087367E-5 6.10653296E-6 0 0 0 0 0 0 0 0 0 1.65003714E-19 3.99068158E-5 2.11230027E-15 1.9194244E-9
5.05749989 1.25000477E-2 1.04206869E-4 4.08872147E-5 4.55410627E-5 3.95398674E-5 6.00119665E-6 0 0 0 0 0 0 0 0 0 1.36939143E-19 3.9538063E-5 1.84383508E-15 1.80251758E-9
5.08249998 1.24998093E-2 7.69976468E-5 4.06414983E-5 4.50751431E-5 3.91759604E-5 5.89918227E-6 0 0 0 0 0 0 0 0 0 1.13639649E-19 3.91742687E-5 1.60976092E-15 1.69282144E-9
5.10750008 1.25000477E-2 5.28884812E-5 3.98285047E-5 4.46174272E-5 3.88169428E-5 5.800483E-6 0 0 0 0 0 0 0 0 0 9.42982732E-20 3.8815353E-5 1.40564705E-15 1.58984259E-9
5.13249969 1.25000477E-2 3.42278508E-5 3.93916343E-5 4.41671473E-5 3.84627092E-5 5.70443808E-6 0 0 0 0 0 0 0 0 0 7.82429301E-20 3.84612176E-5 1.22762317E-15 1.49312906E-9
5.15999985 1.50001049E-2 4.67677091E-5 3.53807227E-5 4.36801383E-5 3.80785241E-5 5.60161607E-6 0 0 0 0 0 0 0 0 0 6.37566518E-20 3.80771307E-5 1.05828794E-15 1.39360357E-9
5.1875 1.24998093E-2 6.37023186E-5 3.89864545E-5 4.320058E-5 3.76996322E-5 5.50094728E-6 0 0 0 0 0 0 0 0 0 5.18794852E-20 3.76983335E-5 9.11846532E-16 1.30049049E-9
5.21249962 1.25000477E-2 7.3959287E-5 4.00512254E-5 4.27711093E-5 3.73599069E-5 5.41120198E-6 0 0 0 0 0 0 0 0 0 4.30324396E-20 3.73586881E-5 7.96722049E-16 1.22130572E-9
5.23750019 1.25000477E-2 3.97918448E-5 3.96638206E-5 4.23469319E-5 3.70245834E-5 5.32235026E-6 0 0 0 0 0 0 0 0 0 3.56886494E-20 3.70234338E-5 6.96209255E-16 1.14692322E-9
5.26249981 1.25000477E-2 6.85786581E-5 4.05224964E-5 4.19279786E-5 3.66937347E-5 5.23424205E-6 0 0 0 0 0 0 0 0 0 2.95949132E-20 3.66926579E-5 6.0846363E-16 1.07706999E-9
5.28750038 1.25000477E-2 5.84923509E-5 4.08258347E-5 4.15143295E-5 3.6367448E-5 5.14688281E-6 0 0 0 0 0 0 0 0 0 2.45398057E-20 3.63664367E-5 5.31871099E-16 1.01149256E-9
5.3125 1.24998093E-2 4.54275869E-5 4.12304616E-5 4.11062647E-5 3.60458289E-5 5.06043489E-6 0 0 0 0 0 0 0 0 0 2.03493685E-20 3.60448794E-5 4.65038346E-16 9.49967549E-10
5.33749962 1.25000477E-2 1.15667004E-4 4.25790968E-5 4.07045081E-5 3.57288773E-5 4.97563042E-6 0 0 0 0 0 0 0 0 0 1.68768352E-20 3.57279823E-5 4.06722722E-16 8.92271035E-10
5.36250019 1.25000477E-2 -4.91417586E-6 4.22993799E-5 4.03091763E-5 3.54165059E-5 4.89266858E-6 0 0 0 0 0 0 0 0 0 1.39994971E-20 3.54156691E-5 3.55826736E-16 8.38173253E-10
5.38749981 1.25000477E-2 5.99903105E-5 4.31892404E-5 3.99205746E-5 3.51085582E-5 4.81201505E-6 0 0 0 0 0 0 0 0 0 1.16152895E-20 3.51077724E-5 3.1138964E-16 7.87436727E-10
5.41250038 1.25000477E-2 1.06534484E-4 4.41823577E-5 3.9538696E-5 3.48048379E-5 4.73385808E-6 0 0 0 0 0 0 0 0 0 9.63884326E-21 3.48040994E-5 2.72568214E-16 7.3982015E-10
5.4375 1.24998093E-2 1.19049932E-4 4.56179732E-5 3.91632966E-5 3.4505174E-5 4.65812354E-6 0 0 0 0 0 0 0 0 0 7.99973317E-21 3.45044791E-5 2.38637319E-16 6.95099089E-10
5.46249962 1.25000477E-2 7.59920949E-5 4.59132752E-5 3.87944419E-5 3.42094536E-5 4.58499062E-6 0 0 0 0 0 0 0 0 0 6.63999607E-21 3.42087988E-5 2.08975297E-16 6.53077981E-10
5.48750019 1.25000477E-2 1.69717587E-5 4.38802053E-5 3.84317027E-5 3.39175931E-5 4.51410961E-6 0 0 0 0 0 0 0 0 0 5.5115852E-21 3.39169783E-5 1.83042377E-16 6.13587514E-10
5.51249981 1.25000477E-2 2.87016992E-5 4.39824362E-5 3.80751117E-5 3.36295707E-5 4.44553962E-6 0 0 0 0 0 0 0 0 0 4.57530924E-21 3.36289959E-5 1.60376133E-16 5.76485581E-10
5.53750038 1.25000477E-2 1.3580441E-4 4.38360621E-5 3.7724647E-5 3.33453318E-5 4.37931658E-6 0 0 0 0 0 0 0 0 0 3.79839318E-21 3.33447897E-5 1.40565462E-16 5.41635681E-10
5.5625 1.24998093E-2 9.81893827E-5 4.14345632E-5 3.73802141E-5 3.30647817E-5 4.31543094E-6 0 0 0 0 0 0 0 0 0 3.15364365E-21 3.30642724E-5 1.23247383E-16 5.08904141E-10
5.58749962 1.25000477E-2 2.54976949E-5 4.1044972E-5 3.7041933E-5 3.27877933E-5 4.25414009E-6 0 0 0 0 0 0 0 0 0 2.61855958E-21 3.27873131E-5 1.08102553E-16 4.7815979E-10
5.61250019 1.25000477E-2 3.34519391E-5 4.05413266E-5 3.67093344E-5 3.25142064E-5 4.19512753E-6 0 0 0 0 0 0 0 0 0 2.17431109E-21 3.25137553E-5 9.48483076E-17 4.49274312E-10
5.63749981 1.25000477E-2 -1.03155185E-6 4.00692297E-5 3.63821709E-5 3.22439009E-5 4.13827229E-6 0 0 0 0 0 0 0 0 0 1.80538449E-21 3.22434789E-5 8.32403034E-17 4.22130747E-10
5.66250038 1.25000477E-2 1.71177671E-5 4.01447833E-5 3.60600316E-5 3.19767569E-5 4.08327332E-6 0 0 0 0 0 0 0 0 0 1.49888691E-21 3.19763603E-5 7.30662863E-17 3.96620514E-10
5.69000006 1.49998665E-2 2.7886028E-5 3.72255636E-5 3.57110694E-5 3.16865808E-5 4.02448723E-6 0 0 0 0 0 0 0 0 0 1.22205656E-21 3.16862097E-5 6.33357504E-17 3.70356634E-10
5.72000027 1.50001049E-2 3.62985957E-5 3.69683185E-5 3.53363394E-5 3.13742894E-5 3.9620495E-6 0 0 0 0 0 0 0 0 0 9.77167784E-22 3.13739474E-5 5.41843932E-17 3.43654133E-10
5.74750042 1.25000477E-2 4.07296466E-5 4.22313788E-5 3.49979018E-5 3.10919895E-5 3.90591185E-6 0 0 0 0 0 0 0 0 0 7.9543897E-22 3.10916694E-5 4.69571541E-17 3.2085043E-10
5.77250004 1.24998093E-2 1.60516392E-5 4.10428547E-5 3.46945417E-5 3.08388117E-5 3.85573094E-6 0 0 0 0 0 0 0 0 0 6.60104568E-22 3.08385097E-5 4.1248152E-17 3.01464131E-10
5.79749966 1.25000477E-2 2.80033964E-5 4.13806774E-5 3.43955144E-5 3.05888861E-5 3.8066255E-6 0 0 0 0 0 0 0 0 0 5.4782308E-22 3.0588606E-5 3.62426009E-17 2.8326308E-10
5.82499981 1.50001049E-2 6.86798885E-5 3.82093094E-5 3.40715706E-5 3.03177567E-5 3.75381387E-6 0 0 0 0 0 0 0 0 0 4.46590138E-22 3.03174929E-5 3.14555942E-17 2.64548272E-10
5.85249996 1.24998093E-2 2.51628353E-5 4.20933538E-5 3.37526872E-5 3.00502979E-5 3.70238899E-6 0 0 0 0 0 0 0 0 0 3.63653568E-22 3.00500506E-5 2.7293448E-17 2.47053572E-10
5.87749958 1.25000477E-2 1.04450904E-4 4.40002696E-5 3.34676079E-5 2.98103641E-5 3.65724281E-6 0 0 0 0 0 0 0 0 0 3.01919308E-22 2.98101313E-5 2.40033073E-17 2.32182412E-10
5.90250015 1.25000477E-2 3.90742862E-5 4.42934033E-5 3.31866904E-5 2.95732898E-5 3.61340108E-6 0 0 0 0 0 0 0 0 0 2.50680836E-22 2.95730715E-5 2.11144667E-17 2.18209145E-10
5.92749977 1.25000477E-2 3.50769324E-6 4.38160787E-5 3.29097529E-5 2.93389439E-5 3.57080899E-6 0 0 0 0 0 0 0 0 0 2.08142414E-22 2.93387384E-5 1.85766369E-17 2.0507325E-10
5.95499992 1.49998665E-2 -2.87317143E-5 4.14751084E-5 3.26093941E-5 2.90842545E-5 3.52513939E-6 0 0 0 0 0 0 0 0 0 1.69733673E-22 2.90840635E-5 1.61431427E-17 1.91540062E-10
5.98250008 1.25000477E-2 -1.62811175E-5 4.60286756E-5 3.23131098E-5 2.88326046E-5 3.48050639E-6 0 0 0 0 0 0 0 0 0 1.38219083E-22 2.88324263E-5 1.40216262E-17 1.78865367E-10
6.00749969 1.25000477E-2 7.15434508E-5 4.48652099E-5 3.20471481E-5 2.86066079E-5 3.44053933E-6 0 0 0 0 0 0 0 0 0 1.14728661E-22 2.86064405E-5 1.23406017E-17 1.68077913E-10
6.03250027 1.25000477E-2 8.42065201E-5 4.50942207E-5 3.17843624E-5 2.83832796E-5 3.40108204E-6 0 0 0 0 0 0 0 0 0 9.52216139E-23 2.83831214E-5 1.08625242E-17 1.5794073E-10
6.05749989 1.25000477E-2 3.2173557E-5 4.55667068E-5 3.1524869E-5 2.8162689E-5 3.36218022E-6 0 0 0 0 0 0 0 0 0 7.90292656E-23 2.81625416E-5 9.56323524E-18 1.48419721E-10
6.08249998 1.24998093E-2 1.00510288E-5 4.55015252E-5 3.12688171E-5 2.79448868E-5 3.32393051E-6 0 0 0 0 0 0 0 0 0 6.55942008E-23 2.79447486E-5 8.42140836E-18 1.39482537E-10
6.10750008 1.25000477E-2 -3.53880532E-5 4.42295459E-5 3.1016647E-5 2.77298768E-5 3.28676811E-6 0 0 0 0 0 0 0 0 0 5.44507769E-23 2.77297459E-5 7.41810362E-18 1.31098049E-10
6.13249969 1.25000477E-2 6.18761851E-6 4.32858687E-5 3.07683622E-5 2.75176008E-5 3.25076053E-6 0 0 0 0 0 0 0 0 0 4.52087318E-23 2.75174771E-5 6.5363903E-18 1.23236032E-10
6.15750027 1.25000477E-2 3.39130565E-5 4.25281432E-5 3.05240828E-5 2.73079222E-5 3.21615812E-6 0 0 0 0 0 0 0 0 0 3.75434146E-23 2.73078076E-5 5.76127119E-18 1.15868343E-10
6.18249989 1.25000477E-2 -1.08235563E-5 4.32563393E-5 3.02837088E-5 2.71006902E-5 3.1830175E-6 0 0 0 0 0 0 0 0 0 3.11826902E-23 2.71005811E-5 5.07938651E-18 1.08969785E-10
6.20749998 1.24998093E-2 1.12186397E-4 4.56288144E-5 3.00469092E-5 2.68957228E-5 3.15118655E-6 0 0 0 0 0 0 0 0 0 2.59010377E-23 2.6895621E-5 4.4790242E-18 1.02520221E-10
6.23250008 1.25000477E-2 8.13733859E-5 4.38514835E-5 2.98135019E-5 2.66928964E-5 3.12060433E-6 0 0 0 0 0 0 0 0 0 2.15134864E-23 2.66928E-5 3.95009348E-18 9.65062127E-11
6.25749969 1.25000477E-2 3.57533499E-5 4.50754706E-5 2.95829213E-5 2.64921309E-5 3.09078928E-6 0 0 0 0 0 0 0 0 0 1.78670605E-23 2.649204E-5 3.4838461E-18 9.0918599E-11
6.28499985 1.50001049E-2 4.57123315E-5 4.07509215E-5 2.93323101E-5 2.62737012E-5 3.05860999E-6 0 0 0 0 0 0 0 0 0 1.45714537E-23 2.62736157E-5 3.0352828E-18 8.52604931E-11
6.3125 1.24998093E-2 5.28304408E-5 4.40436743E-5 2.908444E-5 2.60577526E-5 3.0266865E-6 0 0 0 0 0 0 0 0 0 1.1865955E-23 2.60576726E-5 2.64312454E-18 8.00676192E-11
6.33749962 1.25000477E-2 5.74321257E-6 4.39610667E-5 2.88618048E-5 2.58638102E-5 2.99799444E-6 0 0 0 0 0 0 0 0 0 9.84933151E-24 2.58637356E-5 2.33168008E-18 7.57297489E-11
6.36499977 1.50001049E-2 -5.22988412E-5 4.12663321E-5 2.86199047E-5 2.56532003E-5 2.96670464E-6 0 0 0 0 0 0 0 0 0 8.02939469E-24 2.56531293E-5 2.03234534E-18 7.13044138E-11
6.39499998 1.49998665E-2 -9.39876991E-5 4.08759588E-5 2.83598929E-5 2.54266906E-5 2.93320227E-6 0 0 0 0 0 0 0 0 0 6.42175178E-24 2.54266233E-5 1.74952381E-18 6.67669114E-11
6.42249966 1.25000477E-2 4.74363151E-5 4.78133843E-5 2.8125618E-5 2.52220198E-5 2.90359935E-6 0 0 0 0 0 0 0 0 0 5.23051147E-24 2.52219561E-5 1.52511136E-18 6.27708857E-11
6.44750023 1.25000477E-2 -6.90257366E-5 4.56319613E-5 2.79162614E-5 2.5038411E-5 2.87785019E-6 0 0 0 0 0 0 0 0 0 4.3442503E-24 2.50383528E-5 1.34695299E-18 5.92124266E-11
6.4749999 1.49998665E-2 -3.04336445E-5 4.20043652E-5 2.76900173E-5 2.48389679E-5 2.85104989E-6 0 0 0 0 0 0 0 0 0 3.54510738E-24 2.48389115E-5 1.17558412E-18 5.53521777E-11
6.50249958 1.25000477E-2 3.00754018E-5 4.64816912E-5 2.74677132E-5 2.4641804E-5 2.82590804E-6 0 0 0 0 0 0 0 0 0 2.88987281E-24 2.4641753E-5 1.02561711E-18 5.15631704E-11
6.52999973 1.50001049E-2 1.90782407E-6 4.27555024E-5 2.72491288E-5 2.44468756E-5 2.80225345E-6 0 0 0 0 0 0 0 0 0 2.35882841E-24 2.44468283E-5 8.95353633E-19 4.79039655E-11
6.55749989 1.25000477E-2 9.71898553E-5 4.79289083E-5 2.70335968E-5 2.42539136E-5 2.77968365E-6 0 0 0 0 0 0 0 0 0 1.92269167E-24 2.42538681E-5 7.8117841E-19 4.4427035E-11
6.58249998 1.24998093E-2 8.10390993E-5 4.89543272E-5 2.68400927E-5 2.40802765E-5 2.75981574E-6 0 0 0 0 0 0 0 0 0 1.59718685E-24 2.40802347E-5 6.90219511E-19 4.14748721E-11
6.60750008 1.25000477E-2 4.4271299E-5 4.85406199E-5 2.66488441E-5 2.39083674E-5 2.74047648E-6 0 0 0 0 0 0 0 0 0 1.32647326E-24 2.39083292E-5 6.09840354E-19 3.8739803E-11
6.63500023 1.50001049E-2 2.96707694E-5 4.55130576E-5 2.64409937E-5 2.37214354E-5 2.7195581E-6 0 0 0 0 0 0 0 0 0 1.08185785E-24 2.3721399E-5 5.32376286E-19 3.59876191E-11
6.66250038 1.25000477E-2 1.10022454E-4 5.13468476E-5 2.6235828E-5 2.35367388E-5 2.69908878E-6 0 0 0 0 0 0 0 0 0 8.81135937E-25 2.35367061E-5 4.64553317E-19 3.34755938E-11
6.6875 1.24998093E-2 5.95873935E-5 5.1280902E-5 2.60519246E-5 2.3370907E-5 2.68101894E-6 0 0 0 0 0 0 0 0 0 7.31604838E-25 2.33708743E-5 4.1060222E-19 3.13872921E-11
6.71500015 1.50001049E-2 1.93534106E-5 4.54308356E-5 2.5852758E-5 2.31906815E-5 2.6620778E-6 0 0 0 0 0 0 0 0 0 5.96664609E-25 2.31906524E-5 3.5862524E-19 2.92756895E-11
6.74250031 1.25000477E-2 -6.58117206E-5 5.22735281E-5 2.56564435E-5 2.30124861E-5 2.64395612E-6 0 0 0 0 0 0 0 0 0 4.85978796E-25 2.30124588E-5 3.13072223E-19 2.7323933E-11
6.76999998 1.49998665E-2 1.89921157E-5 4.83290569E-5 2.54629431E-5 2.28362933E-5 2.62664889E-6 0 0 0 0 0 0 0 0 0 3.96267586E-25 2.28362678E-5 2.73437916E-19 2.55191285E-11
6.79749966 1.25000477E-2 6.27425979E-5 5.06175893E-5 2.52717819E-5 2.26618286E-5 2.60995216E-6 0 0 0 0 0 0 0 0 0 3.22578857E-25 2.26618049E-5 2.38628837E-19 2.38356713E-11
6.82250023 1.25000477E-2 6.25314933E-5 5.2130581E-5 2.50997236E-5 2.25047643E-5 2.59495846E-6 0 0 0 0 0 0 0 0 0 2.67573928E-25 2.25047424E-5 2.10835892E-19 2.24050743E-11
6.8499999 1.49998665E-2 4.76723144E-5 4.73305081E-5 2.49120967E-5 2.23337283E-5 2.57836814E-6 0 0 0 0 0 0 0 0 0 2.17852986E-25 2.23337065E-5 1.83983463E-19 2.09323201E-11
6.87749958 1.25000477E-2 -6.47190882E-6 5.34178726E-5 2.47260978E-5 2.21644805E-5 2.56161798E-6 0 0 0 0 0 0 0 0 0 1.77041945E-25 2.21644605E-5 1.6042607E-19 1.95537371E-11
6.90250015 1.25000477E-2 7.60783441E-5 5.70692282E-5 2.45584506E-5 2.20123238E-5 2.54612587E-6 0 0 0 0 0 0 0 0 0 1.46647517E-25 2.20123056E-5 1.41672749E-19 1.83812514E-11
6.92749977 1.25000477E-2 1.25878069E-6 5.60735316E-5 2.43922968E-5 2.1861797E-5 2.53050052E-6 0 0 0 0 0 0 0 0 0 1.21445124E-25 2.18617788E-5 1.25131243E-19 1.72802935E-11
6.95250034 1.25000477E-2 3.72302202E-5 5.57470448E-5 2.42277802E-5 2.17128854E-5 2.51489405E-6 0 0 0 0 0 0 0 0 0 1.0056861E-25 2.17128691E-5 1.10556062E-19 1.62469326E-11
6.97749996 1.24998093E-2 3.130798E-5 5.45921066E-5 2.40649752E-5 2.15655473E-5 2.49942946E-6 0 0 0 0 0 0 0 0 0 8.32828191E-26 2.15655309E-5 9.77199187E-20 1.5277328E-11
