READ SERR 1 2
@0790380601/analysis/pnspec.pco
!
0.335403025 5.23899496E-3 1.98040754E-2 5.82608394E-4 1.94024201E-2 1.73874069E-2 2.01501325E-3 6.31828971E-6 4.35173465E-3 1.08991074E-3 7.62582653E-21 1.28840387E-4 8.12867802E-6 6.98237318E-6 3.10942852E-7 1.95250053E-7 4.43659583E-3 2.34852731E-3   4.23183106E-3 7.78030953E-4
0.345873505 5.23149967E-3 1.87065955E-2 5.42738882E-4 1.89486276E-2 1.70609225E-2 1.88770553E-3 6.19588855E-6 4.27679252E-3 1.17047364E-3 7.47596548E-21 1.29866268E-4 8.57396753E-6 6.92308549E-6 3.04979096E-7 1.91462931E-7 4.21291776E-3 2.34548841E-3  4.1152155E-3 7.87979225E-4
0.353717983 2.61299312E-3 1.87783092E-2 7.44201883E-4 1.84980351E-2 1.66992564E-2 1.79877784E-3 6.10505913E-6 4.10582498E-3 1.24848913E-3 7.36798852E-21 1.29761931E-4 9.01307158E-6 6.90975776E-6 3.00620428E-7 1.8865056E-7 4.04101796E-3 2.34131073E-3  4.01680171E-3 7.9353305E-4
0.361552 5.22100925E-3 1.75998602E-2 5.01446775E-4 1.79422759E-2 1.62258968E-2 1.71637814E-3 6.01720649E-6 3.82268755E-3 1.34774414E-3 7.27556321E-21 1.29002001E-4 9.55164523E-6 6.94172195E-6 2.96524746E-7 1.85930219E-7 3.86123266E-3 2.33510463E-3  3.91029101E-3 7.96841807E-4
0.371986002 5.21299243E-3 1.69574171E-2 4.76486603E-4 1.70936137E-2 1.54792229E-2 1.61439076E-3 5.90388026E-6 3.32090678E-3 1.51326822E-3 7.18327441E-21 1.27398715E-4 1.03835246E-5 7.0622682E-6 2.91503767E-7 1.82424046E-7 3.61001026E-3 2.32407148E-3  3.76139884E-3 7.98345194E-4
0.379803002 2.60400772E-3 1.63239203E-2 6.48033863E-4 1.6412558E-2 1.48691796E-2 1.54337811E-3 5.82192888E-6 2.8789856E-3 1.66353572E-3 7.14383469E-21 1.25905004E-4 1.10697611E-5 7.22267987E-6 2.88162084E-7 1.79889923E-7 3.41650122E-3 2.31378549E-3  3.64836585E-3 7.97518878E-4
0.385008514 2.60148942E-3 1.68021712E-2 6.42626372E-4 1.59580242E-2 1.44592738E-2 1.49875111E-3 5.76901266E-6 2.56807287E-3 1.77670852E-3 7.13686586E-21 1.24822865E-4 1.15436706E-5 7.37243363E-6 2.8623316E-7 1.78247817E-7 3.28780035E-3 2.30593444E-3  3.57465073E-3 7.96134002E-4
0.39280802 5.19801676E-3 1.51691539E-2 4.3574936E-4 1.53043866E-2 1.38689354E-2 1.43545133E-3 5.69154145E-6 2.10364466E-3 1.96213298E-3 7.16017393E-21 1.23148377E-4 1.22544261E-5 7.6675733E-6 2.8391014E-7 1.75848612E-7 3.09868273E-3 2.29276973E-3  3.4692667E-3 7.93217216E-4
0.403196514 5.19049168E-3 1.4292351E-2 4.20580182E-4 1.4513541E-2 1.31570427E-2 1.35649799E-3 5.59072123E-6 1.5254491E-3 2.22271401E-3 7.25718832E-21 1.20936791E-4 1.31604565E-5 8.18475564E-6 2.82073529E-7 1.72729372E-7 2.85740336E-3 2.27303756E-3  3.3414755E-3 7.88635632E-4
0.41356951 5.18250465E-3 1.38123892E-2 4.0813355E-4 1.38471508E-2 1.25634782E-2 1.28367241E-3 5.49359038E-6 1.04070071E-3 2.46848748E-3 7.44788819E-21 1.18915639E-4 1.39544218E-5 8.83981102E-6 2.82350328E-7 1.69726093E-7 2.63584824E-3 2.25113216E-3  3.23544536E-3 7.84209056E-4
0.423927009 5.17499447E-3 1.32877529E-2 3.96685529E-4 1.329087E-2 1.20744584E-2 1.21641252E-3 5.40012388E-6 6.67719287E-4 2.65947683E-3 7.7566592E-21 1.17177602E-4 1.45960994E-5 9.61118621E-6 2.85587618E-7 1.66829608E-7 2.43586209E-3 2.227196E-3  3.15623148E-3 7.80734699E-4
0.434269011 5.16700745E-3 1.25728585E-2 3.82103142E-4 1.2809705E-2 1.1655286E-2 1.15441915E-3 5.31131218E-6 4.03937389E-4 2.75365892E-3 8.22116635E-21 1.15993607E-4 1.50663209E-5 1.0459039E-5 2.92811194E-7 1.64076596E-7 2.2602994E-3 2.20126472E-3  3.11007607E-3 7.78762042E-4
0.444595516 5.15949726E-3 1.27009461E-2 3.77096265E-4 1.23689566E-2 1.12713352E-2 1.09762175E-3 5.22847768E-6 2.31896207E-4 2.72055808E-3 8.8982985E-21 1.1553408E-4 1.53700839E-5 1.13289434E-5 3.05018432E-7 1.61524397E-7 2.11481005E-3 2.17328896E-3  3.10443621E-3 7.78417336E-4
0.454906523 5.15149534E-3 1.12184044E-2 3.59273428E-4 1.19520361E-2 1.09062148E-2 1.04582193E-3 5.15372176E-6 1.2693982E-4 2.55189859E-3 9.88068696E-21 1.16015763E-4 1.55338348E-5 1.21699513E-5 3.23081736E-7 1.59206053E-7 2.00719736E-3 2.14286847E-3  3.14844586E-3 7.79508729E-4
0.465201497 5.14349341E-3 1.15540074E-2 3.5930195E-4 1.15747508E-2 1.05758924E-2 9.98858013E-4 5.08797484E-6 6.67702188E-5 2.26400001E-3 1.1305306E-20 1.1768697E-4 1.55918951E-5 1.29360869E-5 3.47504766E-7 1.57171229E-7 1.94827188E-3 2.10950361E-3  3.25390743E-3 7.81631796E-4
0.475481004 5.13601303E-3 1.15110222E-2 3.54609714E-4 1.12837302E-2 1.03272516E-2 9.56478762E-4 5.03216233E-6 3.42190506E-5 1.8964326E-3 1.33483517E-20 1.20823614E-4 1.55791222E-5 1.3590442E-5 3.78053215E-7 1.55448078E-7 1.94978481E-3 2.07280205E-3  3.43416608E-3 7.8428851E-4
0.485745013 5.12798131E-3 1.15347737E-2 3.52878618E-4 1.11372331E-2 1.02190264E-2 9.18207515E-4 4.98570762E-6 1.71979136E-5 1.49798102E-3 1.62141375E-20 1.25751481E-4 1.55255293E-5 1.41176724E-5 4.13829952E-7 1.54015424E-7 2.02074973E-3 2.03229068E-3  3.70276929E-3 7.87089171E-4
0.495993495 5.12051582E-3 1.17070694E-2 3.52467061E-4 1.11888209E-2 1.03054075E-2 8.83413129E-4 4.94706774E-6 8.49562912E-6 1.1150135E-3 2.00890295E-20 1.32920701E-4 1.54513273E-5 1.45151616E-5 4.53204109E-7 1.52833323E-7 2.16591032E-3 1.98775087E-3  4.06991085E-3 7.89886457E-4
0.50622654 5.112499E-3 1.1740745E-2 3.50532588E-4 1.14653492E-2 1.06139686E-2 8.51380581E-4 4.91374931E-6 4.15137174E-6 7.82596879E-4 2.50558824E-20 1.43025973E-4 1.53668243E-5 1.47882165E-5 4.93873074E-7 1.51825745E-7 2.38147355E-3 1.93940359E-3  4.53461288E-3 7.92990148E-4
0.516443491 5.10448217E-3 1.15932664E-2 3.45896406E-4 1.19442567E-2 1.11229839E-2 8.21272552E-4 4.88189471E-6 2.00509476E-6 5.18986722E-4 3.09770512E-20 1.57148665E-4 1.52750017E-5 1.4948575E-5 5.33148864E-7 1.50885541E-7 2.64971564E-3 1.8880351E-3  5.0743334E-3 7.96969864E-4
0.526645482 5.09750843E-3 1.23355417E-2 3.5047534E-4 1.25474129E-2 1.17551237E-2 7.92288862E-4 4.84748944E-6 9.51344646E-7 3.25888133E-4 3.74296384E-20 1.77064241E-4 1.51741724E-5 1.50100086E-5 5.68500752E-7 1.4990303E-7 2.93752132E-3 1.83483539E-3  5.64048905E-3 8.0262369E-4
0.536832452 5.08949161E-3 1.21330786E-2 3.48387694E-4 1.31475488E-2 1.23838019E-2 7.63747492E-4 4.80693143E-6 4.40504323E-7 1.94559252E-4 4.36698825E-20 2.05500561E-4 1.506225E-5 1.49854668E-5 5.97802398E-7 1.48784437E-7 3.19723901E-3 1.78146304E-3  6.15806691E-3 8.10930855E-4
0.544463992 2.54201889E-3 1.35965124E-2 5.09782694E-4 1.35141304E-2 1.27717499E-2 7.42380216E-4 4.77092908E-6 2.37717273E-7 1.27115854E-4 4.76989467E-20 2.34235733E-4 1.49717171E-5 1.49202169E-5 6.15217914E-7 1.47829965E-7 3.34492186E-3 1.74231047E-3  6.46798126E-3 8.19521141E-4
0.549546003 2.53999233E-3 1.24820033E-2 4.93242755E-4 1.36785442E-2 1.29504884E-2 7.28056184E-4 4.74347507E-6 1.5767634E-7 9.49517198E-5 4.97917945E-20 2.58607499E-4 1.49088182E-5 1.48546542E-5 6.24239249E-7 1.47127011E-7 3.40548879E-3 1.7170381E-3  6.61201868E-3 8.26947682E-4
0.554623961 2.53799558E-3 1.29329059E-2 4.98497859E-4 1.37645816E-2 1.30508579E-2 7.13723362E-4 4.71359499E-6 0 7.03779515E-5 5.12898832E-20 2.87625764E-4 1.48458366E-5 1.47750325E-5 6.31275384E-7 1.46389496E-7 3.43096745E-3 1.69274001E-3 6.69807196E-3  8.35962768E-4
0.559698462 2.53650546E-3 1.35154007E-2 5.0297461E-4 1.37648331E-2 1.30654704E-2 6.99362659E-4 4.6812288E-6 0 5.17632507E-5 5.21161235E-20 3.22068285E-4 1.47842493E-5 1.46829916E-5 6.36428069E-7 1.45624668E-7 3.41854151E-3 1.66946964E-3 6.72175689E-3  8.469405E-4
0.564769506 2.53450871E-3 1.35341147E-2 4.99498041E-4 1.36759998E-2 1.29909934E-2 6.8500638E-4 4.64661525E-6 0 3.7819409E-5 5.22155952E-20 3.62627907E-4 1.47261308E-5 1.4580437E-5 6.39811446E-7 1.44853914E-7 3.36687546E-3 1.64732023E-3 6.68133004E-3  8.60282686E-4
0.569836497 2.53251195E-3 1.36001436E-2 5.00375929E-4 1.35007259E-2 1.28300274E-2 6.70698413E-4 4.61013451E-6 0 2.74760805E-5 5.1568614E-20 4.09915083E-4 1.4673813E-5 1.4469354E-5 6.41575184E-7 1.44099786E-7 3.2767239E-3 1.62633928E-3 6.57860097E-3  8.76432809E-4
0.574899554 2.53048539E-3 1.3008059E-2 4.82488947E-4 1.32470867E-2 1.25905816E-2 6.56504708E-4 4.57183933E-6 0 1.98667258E-5 5.01923599E-20 4.64395474E-4 1.46299708E-5 1.43517564E-5 6.41895213E-7 1.43390636E-7 3.15081538E-3 1.6065333E-3 6.41876925E-3  8.95862759E-4
0.579959035 2.52899528E-3 1.38523374E-2 4.94929613E-4 1.29276607E-2 1.22852214E-2 6.42439816E-4 4.53222401E-6 0 1.43062489E-5 4.81392944E-20 5.26317162E-4 1.45973709E-5 1.42297085E-5 6.40961503E-7 1.42761237E-7 2.99361255E-3 1.58786552E-3 6.20996673E-3  9.19009792E-4
0.585014999 2.52699852E-3 1.27251698E-2 4.82603355E-4 1.2558491E-2 1.19299153E-2 6.28574984E-4 4.49179652E-6 0 1.02652948E-5 4.54929239E-20 5.95616933E-4 1.45788817E-5 1.41052105E-5 6.38967379E-7 1.42249959E-7 2.81096832E-3 1.57027261E-3 5.96256088E-3  9.46274493E-4
0.590067506 2.5255084E-3 1.25807887E-2 4.73110791E-4 1.21575147E-2 1.15425522E-2 6.14962017E-4 4.45094793E-6 0 7.34157811E-6 4.23611535E-20 6.71851332E-4 1.45746617E-5 1.39802187E-5 6.36102357E-7 1.41896635E-7 2.60966318E-3 1.5536655E-3 5.68826916E-3  9.7797811E-4
0.595116496 2.52351165E-3 1.24071948E-2 4.66886355E-4 1.17428899E-2 1.11412583E-2 6.01631589E-4 4.4100675E-6 0 5.23359768E-6 3.88680214E-20 7.54132343E-4 1.45713047E-5 1.38566547E-5 6.32543617E-7 1.4174897E-7 2.39689811E-3 1.53793953E-3 5.39917406E-3  1.01426779E-3
0.600161552 2.52148509E-3 1.20329428E-2 4.54297202E-4 1.1331642E-2 1.07430015E-2 5.88640745E-4 4.36948631E-6 0 3.71836018E-6 3.51449397E-20 8.41077766E-4 1.46035118E-5 1.37362877E-5 6.28453677E-7 1.41855608E-7 2.17980775E-3 1.52298587E-3 5.10679511E-3  1.05513714E-3
0.605203032 2.51999497E-3 1.10953497E-2 4.38084884E-4 1.09380325E-2 1.0362057E-2 5.75975049E-4 4.32953721E-6 0 2.63198763E-6 3.13209677E-20 9.30831418E-4 1.46586226E-5 1.36208018E-5 6.23974131E-7 1.42265819E-7 1.96495419E-3 1.50868762E-3 4.8211664E-3  1.10041071E-3
0.610240996 2.51799822E-3 1.10465148E-2 4.37107112E-4 1.05729066E-2 1.00092031E-2 5.63703361E-4 4.29034026E-6 0 1.85514966E-6 2.75160855E-20 1.02106633E-3 1.47388437E-5 1.35117571E-5 6.19226228E-7 1.43035109E-7 1.75802375E-3 1.49493665E-3 4.55028052E-3  1.14973797E-3
0.61779052 5.03152609E-3 1.01124793E-2 2.94136204E-4 1.00969169E-2 9.55087692E-3 5.46040246E-4 4.23404526E-6 0 1.10483438E-6 2.20994112E-20 1.15045509E-3 1.49150046E-5 1.33647736E-5 6.1181953E-7 1.45036793E-7 1.47425965E-3 1.47516164E-3 4.186064E-3  1.23056083E-3
0.627846003 5.0239861E-3 9.35553107E-3 2.8188969E-4 9.5833214E-3 9.05953627E-3 5.2378478E-4 4.16401826E-6 0 5.34581432E-7 1.57243254E-20 1.29763025E-3 1.52561852E-5 1.32031682E-5 6.01821625E-7 1.49399597E-7 1.15313055E-3 1.44977483E-3 3.77826043E-3  1.34683133E-3
0.637887001 5.01698256E-3 8.92026536E-3 2.75183411E-4 9.18180775E-3 8.67877994E-3 5.03027288E-4 4.10125949E-6 0 2.50544133E-7 1.0626509E-20 1.3943864E-3 1.5743095E-5 1.3090953E-5 5.92055699E-7 1.56068452E-7 9.05002642E-4 1.4251268E-3 3.45094758E-3  1.4693829E-3
0.647915006 5.01102209E-3 8.25940352E-3 2.63585418E-4 8.83286819E-3 8.34918115E-3 4.83687298E-4 4.04709226E-6 0 1.13871678E-7 6.84831876E-21 1.4227978E-3 1.64102439E-5 1.30375047E-5 5.8277044E-7 1.65321921E-7 7.22814351E-4 1.40085211E-3 3.17217619E-3  1.5961841E-3
0.657930017 5.00398874E-3 8.30885768E-3 2.60757224E-4 8.47988576E-3 8.01424868E-3 4.6563716E-4 4.00373347E-6 0 0 4.23028162E-21 1.37579674E-3 1.73100889E-5 1.30517856E-5 5.74130127E-7 1.77237766E-7 5.91738033E-4 1.37672911E-3 2.90671294E-3 1.72815507E-3
0.667931497 4.99749184E-3 8.52047745E-3 2.6015527E-4 8.09136033E-3 7.6425951E-3 4.48765466E-4 3.9740803E-6 0 0 2.52031472E-21 1.25931413E-3 1.85269037E-5 1.31429033E-5 5.66264134E-7 1.91655218E-7 4.95629385E-4 1.3526394E-3 2.63035274E-3 1.86825765E-3
0.677919984 4.99102473E-3 7.47799501E-3 2.45855103E-4 7.66635314E-3 7.2333971E-3 4.32956091E-4 3.96223777E-6 0 0 1.45828054E-21 1.09075371E-3 2.01966341E-5 1.32884425E-5 5.59305192E-7 2.08149814E-7 4.21146426E-4 1.32853677E-3 2.33615236E-3 2.01859302E-3
0.687896013 4.98497486E-3 7.03578256E-3 2.39131492E-4 7.2266208E-3 6.80850772E-3 4.18113079E-4 3.97415215E-6 0 0 8.25133159E-22 8.94280733E-4 2.25369622E-5 1.35331084E-5 5.53420648E-7 2.26052606E-7 3.59398575E-4 1.30443356E-3 2.03267392E-3 2.17689713E-3
0.697860003 4.9790144E-3 6.67401962E-3 2.3268511E-4 6.80080988E-3 6.39666058E-3 4.0414941E-4 4.01744046E-6 0 0 4.59211357E-22 6.9472118E-4 2.58912569E-5 1.38760761E-5 5.48819173E-7 2.44517167E-7 3.05638503E-4 1.28038425E-3 1.73702638E-3 2.33431184E-3
0.707811475 4.97248769E-3 6.60392363E-3 2.28005316E-4 6.41081622E-3 6.01981813E-3 3.90998437E-4 4.10107941E-6 0 0 2.52289759E-22 5.12276951E-4 3.0786865E-5 1.43284615E-5 5.45753551E-7 2.62623303E-7 2.58002139E-4 1.25648512E-3 1.4669589E-3 2.47607008E-3
0.717751026 4.96700406E-3 5.96160581E-3 2.1825498E-4 6.06541615E-3 5.68681024E-3 3.78606259E-4 4.23495976E-6 0 0 1.36949459E-22 3.59482976E-4 3.80011188E-5 1.49123907E-5 5.44508396E-7 2.79503553E-7 2.1611854E-4 1.23285782E-3 1.23505748E-3 2.58532073E-3
0.727679491 4.96149063E-3 5.53934881E-3 2.10367522E-4 5.76205458E-3 5.3951391E-3 3.66915599E-4 4.42865803E-6 0 0 7.33193831E-23 2.40903581E-4 4.86111458E-5 1.56637161E-5 5.45382306E-7 2.94453145E-7 1.80041679E-4 1.20963075E-3 1.04638655E-3 2.64863344E-3
0.737596512 4.95550036E-3 5.60037885E-3 2.1082662E-4 5.49372472E-3 5.13784867E-3 3.55876226E-4 4.68968483E-6 0 0 3.85833162E-23 1.54873152E-4 6.39819846E-5 1.6639844E-5 5.48678088E-7 3.06999027E-7 1.49725747E-4 1.18692464E-3 8.9932268E-4 2.66083539E-3
0.747501969 4.95001674E-3 5.33829536E-3 2.04863842E-4 5.25543885E-3 4.90999641E-3 3.45442415E-4 5.02178136E-6 0 0 1.98760668E-23 9.60449179E-5 8.56410916E-5 1.79319104E-5 5.54700478E-7 3.16933267E-7 1.24830287E-4 1.16483204E-3 7.87820958E-4 2.62700184E-3
0.757396996 4.94498014E-3 5.16167842E-3 2.01474249E-4 5.04706847E-3 4.71150503E-3 3.35563498E-4 5.42333373E-6 0 0 9.9834852E-24 5.78126928E-5 1.14985873E-4 1.968365E-5 5.63782351E-7 3.24293097E-7 1.04761588E-4 1.14340242E-3 7.03980913E-4 2.56056641E-3
0.769749522 7.40751624E-3 4.97628422E-3 1.59997173E-4 4.83530434E-3 4.5113503E-3 3.23954009E-4 6.01220199E-6 0 0 4.16351674E-24 3.01140226E-5 1.63979712E-4 2.29329562E-5 5.7872677E-7 3.30132167E-7 8.5517604E-5 1.11759E-3 6.26930036E-4 2.4573647E-3
0.784552991 7.39598274E-3 4.59557399E-3 1.55266898E-4 4.64920467E-3 4.33827424E-3 3.10930162E-4 6.79781488E-6 0 0 1.04540853E-24 1.30971839E-5 2.37427899E-4 2.9306324E-5 6.03380329E-7 3.33440056E-7 6.86336862E-5 1.08783389E-3 5.57270017E-4 2.33697076E-3
0.799334466 7.38549232E-3 4.35196934E-3 1.51880522E-4 4.51712403E-3 4.21829661E-3 2.98827363E-4 7.60495914E-6 0 0 0 5.53459267E-6 3.17354541E-4 4.06512845E-5 6.38030826E-7 3.3379979E-7 5.69115946E-5 1.05921598E-3 5.01047703E-4 2.22900393E-3
0.814095497 7.37553835E-3 4.4827098E-3 1.50237582E-4 4.3903226E-3 4.10277117E-3 2.87551491E-4 8.35442552E-6 0 0 0 2.27642226E-6 3.85122228E-4 6.0905546E-5 6.85738712E-7 3.32367819E-7 4.89480917E-5 1.03150099E-3 4.52070846E-4 2.11257464E-3
0.82883656 7.36549497E-3 4.38566506E-3 1.49230982E-4 4.22248524E-3 3.94544797E-3 2.77037063E-4 8.98443977E-6 0 0 0 8.97693155E-7 4.20630269E-4 9.57137236E-5 7.53793415E-7 3.29999239E-7 4.39078067E-5 1.00445142E-3 4.09865752E-4 1.95991318E-3
0.84355849 7.35646486E-3 4.07049479E-3 1.44360296E-4 3.99980089E-3 3.73259536E-3 2.67205673E-4 9.46133059E-6 0 0 0 3.36004319E-7 4.11484245E-4 1.51485787E-4 8.56631914E-7 3.27222011E-7 4.1367759E-5 9.77952266E-4 3.7732179E-4 1.76200236E-3
0.858262479 7.34752417E-3 3.80116119E-3 1.3945614E-4 3.7461631E-3 3.48817278E-3 2.57990469E-4 9.78268054E-6 0 0 0 1.18230048E-7 3.59877886E-4 2.32054314E-4 1.02186755E-6 3.24340192E-7 4.09073509E-5 9.52029775E-4 3.57203477E-4 1.53485278E-3
0.872949481 7.33950734E-3 3.6905664E-3 1.3751995E-4 3.50062689E-3 3.25128995E-3 2.49336852E-4 9.96953167E-6 0 0 0 3.05187484E-8 2.81723391E-4 3.33556847E-4 1.30138653E-6 3.2153423E-7 4.18030868E-5 9.26867302E-4 3.48807691E-4 1.30690879E-3
0.890062511 9.77349281E-3 3.10808839E-3 1.11807101E-4 3.25255888E-3 3.01266904E-3 2.39889923E-4 1.005989E-5 0 0 0 0 1.85323035E-4 4.57343529E-4 1.9194872E-6 3.18528777E-7 4.30196123E-5 8.98708415E-4 3.45741777E-4 1.07023469E-3
0.90959698 9.76097584E-3 3.05925938E-3 1.08846558E-4 2.99377553E-3 2.7639491E-3 2.29826488E-4 1.00630659E-5 0 0 0 0 9.74291033E-5 5.57961408E-4 3.3609831E-6 3.15684105E-7 4.22904777E-5 8.68262141E-4 3.33316653E-4 8.50949495E-4
0.929107487 9.74953175E-3 2.87593971E-3 1.05116509E-4 2.70782551E-3 2.48734909E-3 2.20476475E-4 1.00092448E-5 0 0 0 0 4.40517579E-5 5.65994647E-4 6.29902343E-6 3.13896805E-7 3.77277829E-5 8.39742948E-4 2.96874088E-4 6.86335727E-4
0.951029539 1.21724904E-2 2.35736184E-3 8.80223815E-5 2.34535313E-3 2.13464163E-3 2.10711543E-4 9.92036621E-6 0 0 0 0 1.6063188E-5 4.57939954E-4 1.24885546E-5 3.1398838E-7 2.89832478E-5 8.09669611E-4 2.30765159E-4 5.68497577E-4
0.975360513 1.21584833E-2 2.01534061E-3 8.34205275E-5 1.98557321E-3 1.78493734E-3 2.00635826E-4 9.81233097E-6 0 0 0 0 4.62899879E-6 2.7717973E-4 2.27470191E-5 3.17904096E-7 1.89170969E-5 7.78153015E-4 1.55205271E-4 5.17976005E-4
0.999664426 1.21454895E-2 1.69620116E-3 7.94461521E-5 1.74265576E-3 1.55139156E-3 1.91264277E-4 9.70823021E-6 0 0 0 0 1.23318694E-6 1.29012347E-4 3.28392453E-5 3.27297016E-7 1.17809741E-5 7.48184684E-4 1.01922538E-4 5.16383036E-4
1.02394998 1.21400356E-2 1.74565264E-3 7.82774296E-5 1.57575542E-3 1.39326556E-3 1.82489894E-4 9.6214244E-6 0 0 0 0 2.97535991E-7 4.83380172E-5 3.62874453E-5 3.43215049E-7 7.91015918E-6 7.19439762E-4 7.3156647E-5 4.9787137E-4
1.04821491 1.21249557E-2 1.52102008E-3 7.43842538E-5 1.41923886E-3 1.24500273E-3 1.74236193E-4 9.57474094E-6 0 0 0 0 6.24702778E-8 1.55975886E-5 3.03351317E-5 3.66844517E-7 5.97492362E-6 6.91828202E-4 5.86778333E-5 4.32584988E-4
1.07246494 1.21250153E-2 1.36695534E-3 7.19045784E-5 1.26683491E-3 1.10035227E-3 1.6648267E-4 9.60512989E-6 0 0 0 0 8.83733886E-9 4.60504225E-6 1.92737753E-5 3.97580607E-7 4.8153529E-6 6.65403786E-4 4.97814799E-5 3.46461282E-4
1.09670997 1.21200085E-2 1.09362614E-3 6.67248969E-5 1.14032789E-3 9.81089077E-4 1.59238771E-4 9.75723287E-6 0 0 0 0 0 1.25657061E-6 9.49904916E-6 4.42444161E-7 3.90115474E-6 6.40235899E-4 4.24492173E-5 2.73547485E-4
1.12094498 1.21150613E-2 1.07064052E-3 6.72676979E-5 1.043875E-3 8.91366275E-4 1.52508699E-4 1.00686593E-5 0 0 0 0 0 3.07547282E-7 3.78441609E-6 5.20415199E-7 3.09825668E-6 6.16372155E-4 3.55868797E-5 2.21627924E-4
1.14517498 1.21149421E-2 9.13790485E-4 6.39725404E-5 9.67786298E-4 8.21509107E-4 1.46277205E-4 1.0561077E-5 0 0 0 0 0 6.51735661E-8 1.2961965E-6 6.8233237E-7 2.41173848E-6 5.93789853E-4 2.92717832E-5 1.83430937E-4
1.16940498 1.21150017E-2 9.20873601E-4 6.31871007E-5 9.04490997E-4 7.6398981E-4 1.40501201E-4 1.12542211E-5 0 0 0 0 0 7.2278219E-9 4.05224796E-7 1.06634548E-6 1.8599726E-6 5.72435209E-4 2.38047342E-5 1.53156856E-4
1.19363999 1.21200085E-2 9.43737745E-4 6.40483777E-5 8.50412704E-4 7.15284026E-4 1.35128663E-4 1.22068159E-5 0 0 0 0 0 0 1.17836919E-7 2.03723948E-6 1.44098135E-6 5.52221376E-4 1.93804099E-5 1.27879408E-4
1.21788001 1.21200085E-2 8.16242886E-4 6.16512989E-5 8.04726209E-4 6.74610492E-4 1.30115746E-4 1.33559815E-5 0 0 0 0 0 0 3.10997343E-8 4.48850096E-6 1.1381876E-6 5.33072045E-4 1.60740237E-5 1.0645065E-4
1.24213004 1.2130022E-2 8.70087591E-4 6.22141088E-5 7.71477236E-4 6.4604095E-4 1.25436258E-4 1.5296313E-5 0 0 0 0 0 0 7.19083992E-9 1.01521491E-5 9.33292995E-7 5.14896936E-4 1.39009744E-5 9.08540969E-5
1.26639509 1.21349692E-2 7.11238303E-4 6.01562897E-5 7.57334637E-4 6.36254263E-4 1.21080382E-4 1.90584451E-5 0 0 0 0 0 0 1.29835998E-9 2.0960324E-5 8.11385689E-7 4.97623463E-4 1.28400397E-5 8.49592761E-5
1.29067004 1.21400356E-2 7.47246144E-4 5.80764608E-5 7.65402045E-4 6.48373039E-4 1.17029005E-4 2.76276878E-5 0 0 0 0 0 0 0 3.64204898E-5 7.53025006E-7 4.81175201E-4 1.26969535E-5 8.96997008E-5
1.31496 1.214993E-2 7.22101657E-4 5.29310419E-5 7.91196828E-4 6.77948818E-4 1.13248025E-4 4.8728165E-5 0 0 0 0 0 0 0 5.08796111E-5 7.21312858E-7 4.65512334E-4 1.28770807E-5 9.92303103E-5
1.33926499 1.2155056E-2 9.27998335E-4 5.60120025E-5 8.34289356E-4 7.2460284E-4 1.09686494E-4 1.01947749E-4 0 0 0 0 0 0 0 5.58841602E-5 6.67885104E-7 4.50636144E-4 1.24924227E-5 1.02974474E-4
1.363585 1.21649504E-2 8.69934796E-4 5.49729048E-5 9.28832742E-4 8.22523318E-4 1.06309402E-4 2.32535444E-4 0 0 0 0 0 0 0 4.7921716E-5 5.660022E-7 4.36548464E-4 1.10057108E-5 9.39459715E-5
1.38792992 1.21800303E-2 1.10953057E-3 5.82874854E-5 1.16385613E-3 1.06076186E-3 1.03094193E-4 5.21129754E-4 0 0 0 0 0 0 0 3.22372616E-5 4.3240874E-7 4.23195132E-4 8.71883276E-6 7.50484833E-5
1.41229999 1.21899843E-2 1.51319313E-3 6.35011602E-5 1.63532014E-3 1.53528247E-3 1.00037716E-4 1.04526686E-3 0 0 0 0 0 0 0 1.73228091E-5 3.06714355E-7 4.1050787E-4 6.4318192E-6 5.54463622E-5
1.43424499 9.75501537E-3 2.04012799E-3 7.83806827E-5 2.23739026E-3 2.13995692E-3 9.74332797E-5 1.68427126E-3 0 0 0 0 0 0 0 8.34447474E-6 2.21710337E-7 3.9960802E-4 4.84522343E-6 4.26661754E-5
1.45132494 7.32499361E-3 2.57214322E-3 9.80699406E-5 2.71165394E-3 2.61613773E-3 9.55163487E-5 2.17976933E-3 0 0 0 0 0 0 0 4.33260902E-6 1.75904944E-7 3.91432084E-4 3.98371321E-6 3.64439984E-5
1.46598005 7.33006001E-3 2.86788656E-3 1.02076978E-4 3.00395535E-3 2.90999119E-3 9.39642996E-5 2.48634233E-3 0 0 0 0 0 0 0 2.39239921E-6 1.48241909E-7 3.84640123E-4 3.46383058E-6 3.30041403E-5
1.47819495 4.88489866E-3 3.37322452E-3 1.33228183E-4 3.11298948E-3 3.02024744E-3 9.27419096E-5 2.60554953E-3 0 0 0 0 0 0 0 1.41775979E-6 1.3084815E-7 3.79113801E-4 3.13798205E-6 3.08976487E-5
1.49041498 7.3350668E-3 3.24143935E-3 1.06914129E-4 3.06026987E-3 2.96867685E-3 9.15928322E-5 2.56189192E-3 0 0 0 0 0 0 0 8.41679253E-7 1.17469419E-7 3.73703573E-4 2.88844149E-6 2.92338391E-5
1.50509 7.34001398E-3 2.99768825E-3 1.03496437E-4 2.8142496E-3 2.72393832E-3 9.03112887E-5 2.32579536E-3 0 0 0 0 0 0 0 4.37029399E-7 1.04751038E-7 3.67353845E-4 2.65247263E-6 2.75948551E-5
1.51977503 7.34496117E-3 2.52936315E-3 9.70734764E-5 2.41946173E-3 2.33032531E-3 8.91365053E-5 1.94009265E-3 0 0 0 0 0 0 0 2.20987829E-7 9.45005425E-8 3.61144514E-4 2.46346417E-6 2.63090806E-5
1.53937006 1.22500062E-2 1.79307291E-3 6.65536936E-5 1.8128457E-3 1.72514631E-3 8.76994018E-5 1.34453294E-3 0 0 0 0 0 0 0 8.75351773E-8 8.30236218E-8 3.53055104E-4 2.25166764E-6 2.51360125E-5
1.56387997 1.22600198E-2 1.06948148E-3 5.67418865E-5 1.16403017E-3 1.07805349E-3 8.59766951E-5 7.08592066E-4 0 0 0 0 0 0 0 2.37562467E-8 7.01799934E-8 3.43216147E-4 2.00667773E-6 2.41446724E-5
1.58841491 1.22749209E-2 8.35685583E-4 5.29207318E-5 7.57030328E-4 6.72861526E-4 8.41688088E-5 3.14368808E-4 0 0 0 0 0 0 0 5.61354119E-9 5.82150612E-8 3.33698757E-4 1.75762693E-6 2.29724847E-5
1.61297488 1.22850537E-2 5.59046981E-4 4.78810834E-5 5.52950718E-4 4.70764906E-4 8.21858484E-5 1.23523787E-4 0 0 0 0 0 0 0 3.99363431E-10 4.72217501E-8 3.24565422E-4 1.50209553E-6 2.11259667E-5
1.63756001 1.23000145E-2 4.46646911E-4 4.54455767E-5 4.61048709E-4 3.80967715E-4 8.00810085E-5 4.49707986E-5 0 0 0 0 0 0 0 0 3.75796532E-8 3.15840472E-4 1.25627935E-6 1.88625672E-5
1.66216993 1.23099685E-2 5.43950999E-4 4.88262158E-5 4.18695738E-4 3.40737577E-4 7.79581678E-5 1.53761412E-5 0 0 0 0 0 0 0 0 2.95360572E-8 3.07498092E-4 1.03960565E-6 1.67941998E-5
1.6868 1.23200417E-2 4.37948765E-4 4.79601476E-5 3.96447344E-4 3.20555293E-4 7.58920287E-5 4.84795419E-6 0 0 0 0 0 0 0 0 2.31511805E-8 2.99504609E-4 8.63579032E-7 1.53160127E-5
1.7114501 1.23299956E-2 4.28265252E-4 4.69157494E-5 3.82393395E-4 3.08476127E-4 7.39172829E-5 1.3698384E-6 0 0 0 0 0 0 0 0 1.82930933E-8 2.91831937E-4 7.2994834E-7 1.45260929E-5
1.73612499 1.23449564E-2 4.22750629E-4 4.67074715E-5 3.72086623E-4 2.99992185E-4 7.20944445E-5 3.40808441E-7 0 0 0 0 0 0 0 0 1.47119303E-8 2.84490554E-4 6.3654511E-7 1.45095519E-5
1.76081991 1.23500228E-2 4.50242514E-4 4.60407209E-5 3.64240288E-4 2.93656019E-4 7.0584254E-5 4.39090435E-8 0 0 0 0 0 0 0 0 1.21284094E-8 2.77502142E-4 5.81122038E-7 1.55167145E-5
1.7855351 1.23650432E-2 3.87495587E-4 4.61703166E-5 3.58816091E-4 2.89161282E-4 6.96548304E-5 0 0 0 0 0 0 0 0 0 1.02797246E-8 2.70842575E-4 5.58674685E-7 1.77497459E-5
1.81027007 1.23699903E-2 4.15474118E-4 4.63823526E-5 3.55306547E-4 2.85778282E-4 6.95282579E-5 0 0 0 0 0 0 0 0 0 8.89865603E-9 2.64401606E-4 5.54554788E-7 2.08132278E-5
1.83502507 1.23850107E-2 3.89178691E-4 4.75962515E-5 3.52082803E-4 2.8194359E-4 7.013922E-5 0 0 0 0 0 0 0 0 0 7.71265363E-9 2.58023851E-4 5.43127896E-7 2.3368897E-5
1.8598001 1.23899579E-2 3.64338193E-4 4.84552183E-5 3.4686178E-4 2.75826373E-4 7.10354288E-5 0 0 0 0 0 0 0 0 0 6.52202736E-9 2.51631922E-4 4.99906491E-7 2.36880169E-5
1.8845849 1.23949647E-2 3.74460942E-4 4.95444037E-5 3.38376616E-4 2.66778108E-4 7.15985225E-5 0 0 0 0 0 0 0 0 0 5.2945377E-9 2.45321397E-4 4.2055197E-7 2.10308517E-5
1.90938997 1.24100447E-2 3.69333575E-4 4.94410742E-5 3.27522401E-4 2.56056199E-4 7.14661946E-5 0 0 0 0 0 0 0 0 0 4.14460777E-9 2.39270419E-4 3.25309145E-7 1.64563298E-5
1.93421006 1.24099851E-2 3.37319594E-4 5.00792848E-5 3.16435413E-4 2.45725823E-4 7.07095751E-5 0 0 0 0 0 0 0 0 0 3.19819393E-9 2.33588944E-4 2.40579482E-7 1.18931002E-5
1.95904493 1.24250054E-2 3.93750379E-4 5.01397444E-5 3.0662393E-4 2.37002969E-4 6.96209536E-5 0 0 0 0 0 0 0 0 0 2.48796317E-9 2.2824941E-4 1.79109648E-7 8.57196028E-6
1.98389494 1.24249458E-2 2.7782275E-4 4.96635039E-5 2.98352505E-4 2.29909492E-4 6.84430343E-5 0 0 0 0 0 0 0 0 0 1.97101668E-9 2.23172945E-4 1.38951464E-7 6.59562238E-6
2.00875497 1.2435019E-2 3.49870708E-4 4.91043393E-5 2.91224598E-4 2.23932308E-4 6.72922906E-5 0 0 0 0 0 0 0 0 0 1.58860292E-9 2.18300615E-4 1.12924887E-7 5.51716676E-6
2.03362989 1.24399662E-2 3.3320667E-4 4.91743813E-5 2.84834561E-4 2.18615882E-4 6.62186721E-5 0 0 0 0 0 0 0 0 0 1.29727251E-9 2.13603373E-4 9.52247774E-8 4.91598848E-6
2.05851507 1.24450922E-2 2.86411727E-4 4.96116299E-5 2.78985972E-4 2.13726249E-4 6.52597446E-5 0 0 0 0 0 0 0 0 0 1.07079812E-9 2.09070713E-4 8.26301729E-8 4.57182296E-6
2.08341002 1.24499798E-2 3.56874691E-4 5.06930301E-5 2.73641141E-4 2.09168124E-4 6.44730317E-5 0 0 0 0 0 0 0 0 0 8.92427021E-10 2.04698154E-4 7.33661523E-8 4.39570886E-6
2.10831499 1.24549866E-2 3.87116132E-4 5.13798732E-5 2.68826523E-4 2.04881726E-4 6.39447971E-5 0 0 0 0 0 0 0 0 0 7.49408757E-10 2.00484719E-4 6.60603945E-8 4.33019704E-6
2.13322496 1.24549866E-2 3.10648029E-4 5.17120097E-5 2.64594681E-4 2.00791037E-4 6.3803629E-5 0 0 0 0 0 0 0 0 0 6.31247776E-10 1.96429362E-4 5.94773866E-8 4.30156433E-6
2.15814495 1.24651194E-2 2.20041547E-4 5.1296618E-5 2.61034089E-4 1.96804089E-4 6.42299856E-5 0 0 0 0 0 0 0 0 0 5.30603839E-10 1.92521635E-4 5.28574589E-8 4.22906942E-6
2.18307495 1.24648809E-2 3.18774109E-4 5.38332715E-5 2.58266518E-4 1.92837484E-4 6.54290416E-5 0 0 0 0 0 0 0 0 0 4.43864973E-10 1.88729551E-4 4.6170932E-8 4.06131767E-6
2.20800996 1.24700069E-2 2.17479901E-4 5.51266421E-5 2.56378058E-4 1.8883287E-4 6.75451738E-5 0 0 0 0 0 0 0 0 0 3.69642011E-10 1.84993114E-4 3.9816868E-8 3.79956737E-6
2.23295498 1.24750137E-2 2.30579913E-4 5.77613246E-5 2.55303079E-4 1.84758595E-4 7.05444909E-5 0 0 0 0 0 0 0 0 0 3.06503267E-10 1.8123514E-4 3.40873001E-8 3.48907065E-6
2.25790501 1.24748945E-2 1.93766275E-4 6.04090019E-5 2.54715502E-4 1.80619783E-4 7.40957112E-5 0 0 0 0 0 0 0 0 0 2.52381754E-10 1.77403039E-4 2.89604163E-8 3.18754041E-6
2.28285503 1.24751329E-2 1.94815468E-4 6.43920939E-5 2.54063605E-4 1.76476256E-4 7.75873632E-5 0 0 0 0 0 0 0 0 0 2.05554671E-10 1.73511726E-4 2.43058409E-8 2.94001507E-6
2.30781007 1.24800205E-2 3.16776132E-4 6.85277555E-5 2.5279267E-4 1.7244395E-4 8.03487128E-5 0 0 0 0 0 0 0 0 0 1.65466044E-10 1.69644234E-4 2.01251584E-8 2.77942195E-6
2.33277512 1.24849081E-2 1.48980878E-4 6.91624591E-5 2.50585697E-4 1.68660612E-4 8.19250999E-5 0 0 0 0 0 0 0 0 0 1.3220916E-10 1.65902908E-4 1.65391345E-8 2.74103263E-6
2.35774493 1.24850273E-2 1.71433785E-4 6.98638978E-5 2.47438787E-4 1.65226855E-4 8.22119255E-5 0 0 0 0 0 0 0 0 0 1.05562267E-10 1.62356984E-4 1.362719E-8 2.85613783E-6
2.38271499 1.24850273E-2 2.1188159E-4 7.16511277E-5 2.43535673E-4 1.62151788E-4 8.13838924E-5 0 0 0 0 0 0 0 0 0 8.46876874E-11 1.59031144E-4 1.13442171E-8 3.10920655E-6
2.4076848 1.24849081E-2 1.50093794E-4 6.88066866E-5 2.39111469E-4 1.59324059E-4 7.9787409E-5 0 0 0 0 0 0 0 0 0 6.84590371E-11 1.55918664E-4 9.56032942E-9 3.39576286E-6
2.43265986 1.24900341E-2 2.76720093E-4 7.11199027E-5 2.34357678E-4 1.56542752E-4 7.7814926E-5 0 0 0 0 0 0 0 0 0 5.57834612E-11 1.52989174E-4 8.13188894E-9 3.54539225E-6
2.45763993 1.24900341E-2 2.4614454E-4 6.72852038E-5 2.2941918E-4 1.53628192E-4 7.57909875E-5 0 0 0 0 0 0 0 0 0 4.57556458E-11 1.50199645E-4 6.94728097E-9 3.42155658E-6
2.48262501 1.24950409E-2 1.15639799E-4 6.64457912E-5 2.24432442E-4 1.50535256E-4 7.38971867E-5 0 0 0 0 0 0 0 0 0 3.76974181E-11 1.47510014E-4 5.93994853E-9 3.01926661E-6
2.50761008 1.24900341E-2 1.71551088E-4 6.6201952E-5 2.19561014E-4 1.47366576E-4 7.21944452E-5 0 0 0 0 0 0 0 0 0 3.11311428E-11 1.44894904E-4 5.07675635E-9 2.46656441E-6
2.53259516 1.24950409E-2 2.05961114E-4 6.56017583E-5 2.14939369E-4 1.44276099E-4 7.06632709E-5 0 0 0 0 0 0 0 0 0 2.57314777E-11 1.42342469E-4 4.34041425E-9 1.92927178E-6
2.55758524 1.24949217E-2 1.35343755E-4 6.32421288E-5 2.10629572E-4 1.41365264E-4 6.92643152E-5 0 0 0 0 0 0 0 0 0 2.12695868E-11 1.39849406E-4 3.71563513E-9 1.51212203E-6
2.58257508 1.24950409E-2 1.8783861E-4 6.49857029E-5 2.06615005E-4 1.3865449E-4 6.79605146E-5 0 0 0 0 0 0 0 0 0 1.75799601E-11 1.37418407E-4 3.18646665E-9 1.23287487E-6
2.60756493 1.24949217E-2 1.77884634E-4 6.2951789E-5 2.02859446E-4 1.36113362E-4 6.67460845E-5 0 0 0 0 0 0 0 0 0 1.45321897E-11 1.35052745E-4 2.73725331E-9 1.05785875E-6
2.63255501 1.24950409E-2 1.4865007E-4 6.52583985E-5 1.99345057E-4 1.33702604E-4 6.56424527E-5 0 0 0 0 0 0 0 0 0 1.20196708E-11 1.32754372E-4 2.35487851E-9 9.45853287E-7
2.65754509 1.24950409E-2 2.24633739E-4 6.49000067E-5 1.96080349E-4 1.31390349E-4 6.46900007E-5 0 0 0 0 0 0 0 0 0 9.95005987E-12 1.30519809E-4 2.0284423E-9 8.68508437E-7
2.68253994 1.24999285E-2 1.71470965E-4 6.39235659E-5 1.93072468E-4 1.29152118E-4 6.39203499E-5 0 0 0 0 0 0 0 0 0 8.2421743E-12 1.28339248E-4 1.74865E-9 8.11113011E-7
2.70753503 1.24950409E-2 2.0843622E-4 6.33820018E-5 1.90290943E-4 1.26969462E-4 6.33214731E-5 0 0 0 0 0 0 0 0 0 6.82730825E-12 1.2620083E-4 1.50769253E-9 7.67118081E-7
2.73253012 1.24999285E-2 9.40226018E-5 6.44305328E-5 1.8765463E-4 1.24828337E-4 6.28263006E-5 0 0 0 0 0 0 0 0 0 5.64933603E-12 1.24093727E-4 1.29913247E-9 7.33306422E-7
2.75752497 1.24950409E-2 1.09877299E-4 6.49212889E-5 1.85049881E-4 1.22723737E-4 6.2326144E-5 0 0 0 0 0 0 0 0 0 4.6657669E-12 1.22015736E-4 1.11814225E-9 7.06881679E-7
2.78501987 1.49999857E-2 1.25558639E-4 5.85372909E-5 1.82091782E-4 1.20456563E-4 6.1635219E-5 0 0 0 0 0 0 0 0 0 3.7744044E-12 1.19773918E-4 9.47187884E-10 6.81694189E-7
2.81252003 1.25000477E-2 2.65166454E-4 6.31874573E-5 1.78985909E-4 1.18246877E-4 6.07390248E-5 0 0 0 0 0 0 0 0 0 3.04525068E-12 1.17591473E-4 8.01090416E-10 6.54599262E-7
2.83751488 1.24949217E-2 2.1770857E-4 6.43840031E-5 1.76052854E-4 1.16297524E-4 5.97553262E-5 0 0 0 0 0 0 0 0 0 2.50761738E-12 1.15672665E-4 6.88154977E-10 6.24169161E-7
2.86250997 1.25000477E-2 2.88331183E-4 6.42852756E-5 1.73080582E-4 1.1440392E-4 5.86766582E-5 0 0 0 0 0 0 0 0 0 2.06710885E-12 1.13815593E-4 5.91284688E-10 5.87735485E-7
2.88751006 1.25000477E-2 8.00114867E-5 6.21777799E-5 1.70127329E-4 1.12563714E-4 5.7563615E-5 0 0 0 0 0 0 0 0 0 1.7061104E-12 1.12015223E-4 5.08275644E-10 5.47986588E-7
2.91250992 1.24999285E-2 8.29132623E-5 6.30853901E-5 1.67238861E-4 1.10775283E-4 5.64635775E-5 0 0 0 0 0 0 0 0 0 1.40977735E-12 1.10265973E-4 4.37247183E-10 5.08874109E-7
2.93751001 1.25000477E-2 1.57544753E-4 6.45195614E-5 1.64445315E-4 1.09036693E-4 5.54086146E-5 0 0 0 0 0 0 0 0 0 1.16595047E-12 1.08562745E-4 3.76485676E-10 4.73569401E-7
2.96251011 1.24999285E-2 2.35266962E-5 6.17026453E-5 1.61759934E-4 1.07345506E-4 5.44144314E-5 0 0 0 0 0 0 0 0 0 9.64914563E-13 1.06901512E-4 3.24416299E-10 4.43670189E-7
2.98750997 1.25000477E-2 3.18920611E-5 6.24693421E-5 1.59190764E-4 1.05698899E-4 5.34918618E-5 0 0 0 0 0 0 0 0 0 7.98855936E-13 1.05278981E-4 2.79643614E-10 4.19631675E-7
3.01250505 1.24950409E-2 1.04189952E-4 6.10944771E-5 1.54922076E-4 1.04094725E-4 5.08273515E-5 0 0 0 0 0 0 0 0 0 6.61531973E-13 1.03693084E-4 2.41032777E-10 4.01399177E-7
3.0374999 1.24999285E-2 6.03501103E-5 6.17163241E-5 1.49205298E-4 1.02530365E-4 4.66749261E-5 0 0 0 0 0 0 0 0 0 5.47867144E-13 1.02141872E-4 2.076853E-10 3.88285514E-7
3.0625 1.25000477E-2 1.77102309E-4 6.14437449E-5 1.43938436E-4 1.01002268E-4 4.2936168E-5 0 0 0 0 0 0 0 0 0 4.5374403E-13 1.00623874E-4 1.78893358E-10 3.7821269E-7
3.0875001 1.24999285E-2 1.31427791E-4 6.23812302E-5 1.39069962E-4 9.95055088E-5 3.95644565E-5 0 0 0 0 0 0 0 0 0 3.75805588E-13 9.91379638E-5 1.54072546E-10 3.67388793E-7
3.11249995 1.25000477E-2 2.55705061E-4 6.2151099E-5 1.34552203E-4 9.80338737E-5 3.65183332E-5 0 0 0 0 0 0 0 0 0 3.11249643E-13 9.7682263E-5 1.32698574E-10 3.51477269E-7
3.13750005 1.25000477E-2 1.28501604E-4 6.0365619E-5 1.30337299E-4 9.65826257E-5 3.37546735E-5 0 0 0 0 0 0 0 0 0 2.57739576E-13 9.62545819E-5 1.14294608E-10 3.27934998E-7
3.1624999 1.24999285E-2 5.8475729E-5 5.96142017E-5 1.26383675E-4 9.51510083E-5 3.12326629E-5 0 0 0 0 0 0 0 0 0 2.13352665E-13 9.48532033E-5 9.84381812E-11 2.9770905E-7
3.1875 1.25000477E-2 1.24218073E-4 6.10455972E-5 1.22658443E-4 9.37423247E-5 2.89161217E-5 0 0 0 0 0 0 0 0 0 1.76516191E-13 9.34775089E-5 8.47660692E-11 2.64725799E-7
3.2125001 1.24999285E-2 1.89158731E-4 6.36604163E-5 1.19136406E-4 9.23623229E-5 2.67740834E-5 0 0 0 0 0 0 0 0 0 1.45964539E-13 9.21286846E-5 7.29787689E-11 2.33562133E-7
3.23749995 1.25000477E-2 1.37218492E-4 6.15880999E-5 1.15802381E-4 9.10154849E-5 2.47868993E-5 0 0 0 0 0 0 0 0 0 1.20657987E-13 9.08082366E-5 6.28249536E-11 2.0718322E-7
3.26250005 1.25000477E-2 1.07096137E-4 5.81523345E-5 1.12646339E-4 8.97042919E-5 2.29420475E-5 0 0 0 0 0 0 0 0 0 9.97330135E-14 8.95179692E-5 5.4090659E-11 1.86268693E-7
3.2874999 1.24999285E-2 2.58697575E-4 6.15243844E-5 1.0966204E-4 8.84284964E-5 2.12335435E-5 0 0 0 0 0 0 0 0 0 8.2458095E-14 8.82585155E-5 4.65867275E-11 1.69939796E-7
3.3125 1.25000477E-2 1.28301952E-4 6.00847598E-5 1.0684436E-4 8.7186163E-5 1.96581914E-5 0 0 0 0 0 0 0 0 0 6.82055662E-14 8.70292715E-5 4.01424068E-11 1.56856245E-7
3.3375001 1.24999285E-2 3.40854058E-5 5.87942268E-5 1.0418491E-4 8.59744832E-5 1.82104322E-5 0 0 0 0 0 0 0 0 0 5.64457132E-14 8.58285493E-5 3.46062311E-11 1.45894944E-7
3.36249995 1.25000477E-2 1.67614126E-4 5.9330494E-5 1.01674217E-4 8.47904084E-5 1.68838069E-5 0 0 0 0 0 0 0 0 0 4.67327525E-14 8.4654057E-5 2.98447655E-11 1.36320068E-7
3.38999987 1.49999857E-2 1.71228428E-4 5.3461481E-5 9.90707631E-5 8.35169485E-5 1.55538146E-5 0 0 0 0 0 0 0 0 0 3.80011235E-14 8.33900267E-5 2.53761612E-11 1.26897604E-7
3.42000008 1.49999857E-2 3.21225925E-5 5.44635695E-5 9.63940984E-5 8.21582798E-5 1.42358167E-5 0 0 0 0 0 0 0 0 0 3.03017194E-14 8.20406931E-5 2.12514242E-11 1.17568042E-7
3.44999981 1.49999857E-2 -3.30327457E-5 5.22197515E-5 9.3868839E-5 8.08299956E-5 1.30388444E-5 0 0 0 0 0 0 0 0 0 2.41529988E-14 8.07209362E-5 1.77931003E-11 1.0904288E-7
3.47749996 1.25000477E-2 6.9606991E-5 5.83925721E-5 9.16702702E-5 7.96385139E-5 1.20317545E-5 0 0 0 0 0 0 0 0 0 1.95984586E-14 7.95366577E-5 1.51102412E-11 1.01841223E-7
3.50500011 1.49999857E-2 8.04498598E-7 5.35120307E-5 8.95782723E-5 7.84741569E-5 1.11041154E-5 0 0 0 0 0 0 0 0 0 1.59199012E-14 7.83789001E-5 1.28413773E-11 9.52380148E-8
3.53250003 1.25000477E-2 4.61221098E-5 5.94491503E-5 8.75816841E-5 7.73359789E-5 1.02457034E-5 0 0 0 0 0 0 0 0 0 1.29148799E-14 7.72467683E-5 1.09059367E-11 8.9204768E-8
3.55749989 1.24999285E-2 1.33493275E-4 6.14578894E-5 8.58502317E-5 7.63252319E-5 9.5249934E-6 0 0 0 0 0 0 0 0 0 1.0687218E-14 7.624102E-5 9.40711051E-12 8.4205773E-8
3.58249998 1.25000477E-2 9.57809534E-5 5.75741251E-5 8.41942528E-5 7.53361383E-5 8.8581146E-6 0 0 0 0 0 0 0 0 0 8.84672381E-15 7.52565757E-5 8.11719268E-12 7.95564574E-8
3.61000013 1.49999857E-2 3.70172238E-5 5.27544908E-5 8.24560339E-5 7.42720586E-5 8.18397803E-6 0 0 0 0 0 0 0 0 0 7.19337648E-15 7.41973854E-5 6.90706737E-12 7.46634257E-8
3.63999987 1.49999857E-2 -6.21985055E-6 5.33502207E-5 8.06498283E-5 7.31372347E-5 7.5125954E-6 0 0 0 0 0 0 0 0 0 5.73788165E-15 7.30678221E-5 5.79139644E-12 6.9404571E-8
3.66750002 1.25000477E-2 3.47568021E-5 5.72567988E-5 7.90704726E-5 7.21196484E-5 6.95082326E-6 0 0 0 0 0 0 0 0 0 4.6616687E-15 7.20549942E-5 4.92700412E-12 6.46475371E-8
3.69250011 1.24999285E-2 7.52036722E-5 5.74944643E-5 7.76953239E-5 7.12134861E-5 6.48183686E-6 0 0 0 0 0 0 0 0 0 3.86218691E-15 7.11529792E-5 4.25595063E-12 6.05019892E-8
3.71749997 1.25000477E-2 1.57741393E-4 5.84020636E-5 7.63737989E-5 7.03248006E-5 6.04900106E-6 0 0 0 0 0 0 0 0 0 3.20009535E-15 7.02681282E-5 3.67687434E-12 5.66716416E-8
3.74499989 1.49999857E-2 7.35783833E-5 5.21073125E-5 7.49790852E-5 6.93672846E-5 5.61179968E-6 0 0 0 0 0 0 0 0 0 2.60413842E-15 6.9314352E-5 3.13230388E-12 5.29283319E-8
3.77250004 1.25000477E-2 4.88375226E-5 5.76395651E-5 7.36393704E-5 6.84288752E-5 5.2104956E-6 0 0 0 0 0 0 0 0 0 2.11660383E-15 6.83792387E-5 2.6667119E-12 4.96368671E-8
3.80250001 1.74999237E-2 3.70698012E-6 4.77534159E-5 7.22391487E-5 6.74270705E-5 4.81207826E-6 0 0 0 0 0 0 0 0 0 1.69170564E-15 6.73806353E-5 2.24037065E-12 4.64382843E-8
3.83500004 1.49999857E-2 5.4320426E-5 5.20692302E-5 7.078208E-5 6.63642131E-5 4.41786324E-6 0 0 0 0 0 0 0 0 0 1.32376141E-15 6.63210594E-5 1.85246154E-12 4.31532534E-8
3.86249995 1.25000477E-2 1.41466167E-4 5.77761493E-5 6.95952913E-5 6.5483393E-5 4.11189785E-6 0 0 0 0 0 0 0 0 0 1.07540881E-15 6.5443026E-5 1.57713144E-12 4.03616163E-8
3.88750005 1.25000477E-2 5.13140294E-5 5.73065881E-5 6.85511041E-5 6.46976332E-5 3.85346448E-6 0 0 0 0 0 0 0 0 0 8.90710731E-16 6.46598783E-5 1.36304878E-12 3.77584719E-8
3.91499996 1.49999857E-2 7.03658006E-5 5.04314703E-5 6.74389157E-5 6.3849955E-5 3.58896341E-6 0 0 0 0 0 0 0 0 0 7.24414817E-16 6.38150814E-5 1.16159122E-12 3.48680906E-8
3.94250011 1.24999285E-2 1.23744234E-4 5.64321854E-5 6.63618412E-5 6.30188952E-5 3.34294214E-6 0 0 0 0 0 0 0 0 0 5.88439982E-16 6.29868373E-5 9.89362997E-13 3.20567644E-8
3.96749997 1.25000477E-2 6.37213161E-5 5.71588607E-5 6.54135438E-5 6.22783482E-5 3.13519558E-6 0 0 0 0 0 0 0 0 0 4.87457403E-16 6.22486768E-5 8.55574292E-13 2.96734974E-8
3.99500012 1.50001049E-2 1.17849318E-4 5.15608772E-5 6.44030879E-5 6.14799137E-5 2.92317259E-6 0 0 0 0 0 0 0 0 0 3.96614893E-16 6.14525998E-5 7.29724983E-13 2.73101346E-8
4.02250004 1.24998093E-2 1.20466262E-4 5.60848275E-5 6.34238313E-5 6.06970971E-5 2.72673401E-6 0 0 0 0 0 0 0 0 0 3.22356176E-16 6.06718859E-5 6.22113743E-13 2.5211051E-8
4.04749966 1.25000477E-2 7.78617687E-5 5.58268584E-5 6.25604589E-5 5.99988998E-5 2.56155954E-6 0 0 0 0 0 0 0 0 0 2.67180026E-16 5.99753839E-5 5.38441145E-13 2.35133797E-8
4.07250023 1.25000477E-2 5.97294857E-5 5.64367219E-5 6.17204205E-5 5.93126533E-5 2.40776239E-6 0 0 0 0 0 0 0 0 0 2.2145593E-16 5.92906799E-5 4.66095316E-13 2.19755112E-8
4.09749985 1.25000477E-2 1.79798863E-5 5.59528671E-5 6.09021627E-5 5.86378483E-5 2.26431553E-6 0 0 0 0 0 0 0 0 0 1.83545885E-16 5.86172791E-5 4.03505896E-13 2.05668673E-8
4.12250042 1.25000477E-2 8.9920657E-5 5.77897772E-5 6.0104474E-5 5.79742773E-5 2.13019689E-6 0 0 0 0 0 0 0 0 0 1.52106484E-16 5.79550106E-5 3.49340619E-13 1.92657836E-8
4.14750004 1.24998093E-2 5.5868346E-5 5.60676381E-5 5.93264776E-5 5.73219586E-5 2.00452109E-6 0 0 0 0 0 0 0 0 0 1.260416E-16 5.73038997E-5 3.02476062E-13 1.80578681E-8
4.17249966 1.25000477E-2 9.61184851E-5 5.75472986E-5 5.85677808E-5 5.66809831E-5 1.8867986E-6 0 0 0 0 0 0 0 0 0 1.04438693E-16 5.6664052E-5 2.61939098E-13 1.69329102E-8
4.19750023 1.25000477E-2 2.79979377E-5 5.70879529E-5 5.78278195E-5 5.60513254E-5 1.77649304E-6 0 0 0 0 0 0 0 0 0 8.65413231E-17 5.6035442E-5 2.26887885E-13 1.58830744E-8
4.22249985 1.25000477E-2 7.69465187E-5 5.71027449E-5 5.71060882E-5 5.54327817E-5 1.67330438E-6 0 0 0 0 0 0 0 0 0 7.17154077E-17 5.54178805E-5 1.96582361E-13 1.49018504E-8
4.25 1.49998665E-2 -3.5781286E-5 4.98954432E-5 5.63325229E-5 5.47648488E-5 1.56767351E-6 0 0 0 0 0 0 0 0 0 5.83608348E-17 5.47509517E-5 1.68016385E-13 1.38960008E-8
4.27750015 1.25000477E-2 4.90467792E-5 5.43430797E-5 5.5578188E-5 5.41087647E-5 1.46942409E-6 0 0 0 0 0 0 0 0 0 4.74254839E-17 5.40958063E-5 1.43531779E-13 1.29576181E-8
4.30749989 1.74999237E-2 1.81603864E-5 4.56306989E-5 5.47773816E-5 5.34069768E-5 1.37040297E-6 0 0 0 0 0 0 0 0 0 3.788828E-17 5.33949678E-5 1.21051295E-13 1.20099743E-8
4.34000015 1.50001049E-2 2.29245234E-5 5.04918498E-5 5.39326429E-5 5.26614531E-5 1.2711871E-6 0 0 0 0 0 0 0 0 0 2.96289908E-17 5.26503936E-5 1.005446E-13 1.10597549E-8
4.36750031 1.25000477E-2 7.46350343E-5 5.56975392E-5 5.32364247E-5 5.20429676E-5 1.19345987E-6 0 0 0 0 0 0 0 0 0 2.4060487E-17 5.20326503E-5 8.59526954E-14 1.03168762E-8
4.39750004 1.74999237E-2 -1.87929163E-5 4.68575563E-5 5.24964053E-5 5.13814521E-5 1.11495626E-6 0 0 0 0 0 0 0 0 0 1.92158986E-17 5.13718805E-5 7.25489615E-14 9.56952562E-9
4.43000031 1.50001049E-2 2.33569772E-5 5.0703391E-5 5.17147819E-5 5.067854E-5 1.03624529E-6 0 0 0 0 0 0 0 0 0 1.50321779E-17 5.06697143E-5 6.03168435E-14 8.82321149E-9
4.4625001 1.74999237E-2 -2.27668279E-5 4.62731441E-5 5.09540951E-5 4.99901871E-5 9.63906359E-7 0 0 0 0 0 0 0 0 0 1.17816733E-17 4.99820489E-5 5.02047744E-14 8.13902901E-9
4.49250031 1.25000477E-2 -3.79560515E-6 5.80150881E-5 5.02684015E-5 4.93664666E-5 9.01936517E-7 0 0 0 0 0 0 0 0 0 9.39070191E-18 4.93589141E-5 4.23389419E-14 7.55125651E-9
4.52250004 1.74999237E-2 2.88624469E-5 4.76720306E-5 4.95994245E-5 4.87549041E-5 8.44517899E-7 0 0 0 0 0 0 0 0 0 7.50713555E-18 4.8747901E-5 3.5770181E-14 7.00299152E-9
4.55249977 1.25000477E-2 1.87872371E-4 6.02741238E-5 4.89450322E-5 4.8154161E-5 7.9087124E-7 0 0 0 0 0 0 0 0 0 5.98517616E-18 4.81476745E-5 3.01799838E-14 6.48724852E-9
4.58249998 1.74999237E-2 -2.15834771E-5 4.65190496E-5 4.83064614E-5 4.75653324E-5 7.41129213E-7 0 0 0 0 0 0 0 0 0 4.7858867E-18 4.7559326E-5 2.55124291E-14 6.00776584E-9
4.61250019 1.25000477E-2 1.88296952E-4 5.76149832E-5 4.76815949E-5 4.69869228E-5 6.94671371E-7 0 0 0 0 0 0 0 0 0 3.81669861E-18 4.6981364E-5 2.153987E-14 5.56146196E-9
4.63749981 1.25000477E-2 1.15817529E-4 5.72676945E-5 4.71718122E-5 4.65133126E-5 6.58498607E-7 0 0 0 0 0 0 0 0 0 3.16462759E-18 4.65080957E-5 1.87232432E-14 5.21704191E-9
4.66250038 1.25000477E-2 8.9852605E-5 5.70453522E-5 4.66713173E-5 4.60469091E-5 6.24407903E-7 0 0 0 0 0 0 0 0 0 2.62407312E-18 4.60420124E-5 1.62785062E-14 4.89579577E-9
4.69000006 1.49998665E-2 8.43598536E-5 4.93405278E-5 4.61312666E-5 4.55421032E-5 5.8916163E-7 0 0 0 0 0 0 0 0 0 2.1368685E-18 4.55375375E-5 1.39646629E-14 4.5674482E-9
4.71749973 1.25000477E-2 8.30882527E-6 5.57783969E-5 4.56014568E-5 4.50454281E-5 5.56028965E-7 0 0 0 0 0 0 0 0 0 1.73790585E-18 4.50411681E-5 1.19741024E-14 4.26161728E-9
4.74250031 1.25000477E-2 1.39311465E-4 5.78671825E-5 4.51289197E-5 4.46012309E-5 5.2768911E-7 0 0 0 0 0 0 0 0 0 1.44110393E-18 4.45972255E-5 1.04176946E-14 4.00186773E-9
4.76999998 1.49998665E-2 4.55651098E-5 5.09193451E-5 4.46189515E-5 4.41205921E-5 4.98362454E-7 0 0 0 0 0 0 0 0 0 1.17368916E-18 4.41168559E-5 8.94423255E-15 3.73418407E-9
4.80000019 1.50001049E-2 4.25012549E-5 4.91755782E-5 4.4073684E-5 4.36052651E-5 4.68419557E-7 0 0 0 0 0 0 0 0 0 9.37637969E-19 4.36018017E-5 7.57316657E-15 3.46128926E-9
4.83249998 1.74999237E-2 7.79012626E-5 4.47713246E-5 4.34958201E-5 4.30575492E-5 4.38272764E-7 0 0 0 0 0 0 0 0 0 7.35808588E-19 4.30543623E-5 6.3292809E-15 3.18728288E-9
4.86250019 1.25000477E-2 1.51213942E-4 5.63254944E-5 4.2973239E-5 4.25609142E-5 4.12324027E-7 0 0 0 0 0 0 0 0 0 5.87095421E-19 4.25579601E-5 5.35898815E-15 2.95235103E-9
4.89249992 1.74999237E-2 -1.48162053E-5 4.55881636E-5 4.24617392E-5 4.20735523E-5 3.88190074E-7 0 0 0 0 0 0 0 0 0 4.69782805E-19 4.20708166E-5 4.5461063E-15 2.73556844E-9
4.92500019 1.50001049E-2 3.55317134E-5 5.04314703E-5 4.1918749E-5 4.15549584E-5 3.63789837E-7 0 0 0 0 0 0 0 0 0 3.68208128E-19 4.1552441E-5 3.80103621E-15 2.51836529E-9
4.95250034 1.25000477E-2 1.18504693E-4 5.57957064E-5 4.14684837E-5 4.11239562E-5 3.44528672E-7 0 0 0 0 0 0 0 0 0 2.99662591E-19 4.1121606E-5 3.26814322E-15 2.34858688E-9
4.98000002 1.49998665E-2 6.15210956E-5 5.00845781E-5 4.10265893E-5 4.07000844E-5 3.26505244E-7 0 0 0 0 0 0 0 0 0 2.44227712E-19 4.06978943E-5 2.81297312E-15 2.19102847E-9
5.01249981 1.75001621E-2 8.68361258E-6 4.68500402E-5 4.05142928E-5 4.02076294E-5 3.06666436E-7 0 0 0 0 0 0 0 0 0 1.91806576E-19 4.02056103E-5 2.35704875E-15 2.0188331E-9
5.04500008 1.49998665E-2 2.48710821E-5 4.93925218E-5 4.00119425E-5 3.97237163E-5 2.8822609E-7 0 0 0 0 0 0 0 0 0 1.50415117E-19 3.97218573E-5 1.97414411E-15 1.86017446E-9
5.07749987 1.74999237E-2 -2.02219981E-5 4.73226974E-5 3.95196257E-5 3.92484908E-5 2.71135576E-7 0 0 0 0 0 0 0 0 0 1.18123421E-19 3.92467773E-5 1.65528026E-15 1.71448156E-9
5.10750008 1.25000477E-2 3.53065589E-5 5.64872971E-5 3.90732566E-5 3.88168846E-5 2.56372061E-7 0 0 0 0 0 0 0 0 0 9.42984735E-20 3.88152948E-5 1.40564874E-15 1.58984226E-9
5.13999987 1.99999809E-2 3.50296359E-5 4.33540517E-5 3.85990861E-5 3.8357608E-5 2.41478176E-7 0 0 0 0 0 0 0 0 0 7.41492262E-20 3.83561419E-5 1.18021007E-15 1.46565127E-9
5.17999983 1.99999809E-2 2.03890681E-6 4.25192266E-5 3.80270758E-5 3.78026525E-5 2.24423943E-7 0 0 0 0 0 0 0 0 0 5.49956459E-20 3.78013283E-5 9.50684157E-16 1.32556743E-9
5.21249962 1.25000477E-2 1.29256427E-4 5.70893426E-5 3.75713498E-5 3.73598523E-5 2.1149485E-7 0 0 0 0 0 0 0 0 0 4.30325786E-20 3.73586336E-5 7.96723637E-16 1.22130583E-9
5.23999977 1.50001049E-2 9.63884086E-5 5.14879648E-5 3.71925125E-5 3.6991325E-5 2.01185856E-7 0 0 0 0 0 0 0 0 0 3.50494294E-20 3.69901863E-5 6.8712128E-16 1.13982168E-9
5.26749992 1.25000477E-2 1.00504432E-4 5.61022316E-5 3.68194123E-5 3.6628051E-5 1.91363483E-7 0 0 0 0 0 0 0 0 0 2.85068314E-20 3.66269851E-5 5.92300388E-16 1.06361941E-9
5.29750013 1.74999237E-2 7.7236371E-5 4.80737326E-5 3.64195948E-5 3.62383762E-5 1.81218226E-7 0 0 0 0 0 0 0 0 0 2.28008992E-20 3.62373903E-5 5.04411614E-16 9.86568494E-10
5.32999992 1.49998665E-2 7.03197584E-5 5.34001083E-5 3.59943406E-5 3.58235084E-5 1.70833644E-7 0 0 0 0 0 0 0 0 0 1.78624839E-20 3.58225989E-5 4.23533441E-16 9.09259057E-10
5.35999966 1.50001049E-2 4.71012436E-6 5.40876972E-5 3.5609406E-5 3.54475706E-5 1.61836141E-7 0 0 0 0 0 0 0 0 0 1.42728092E-20 3.54467265E-5 3.60732486E-16 8.43490777E-10
5.38749981 1.25000477E-2 1.91910774E-4 6.22940206E-5 3.52625611E-5 3.51085037E-5 1.54056806E-7 0 0 0 0 0 0 0 0 0 1.16153493E-20 3.51077178E-5 3.11390646E-16 7.87437171E-10
5.41250038 1.25000477E-2 2.3842189E-5 6.326945E-5 3.49521579E-5 3.4804787E-5 1.47373868E-7 0 0 0 0 0 0 0 0 0 9.63889496E-21 3.48040448E-5 2.72569141E-16 7.39820594E-10
5.4375 1.24998093E-2 1.53908637E-4 6.41049337E-5 3.46461529E-5 3.45051194E-5 1.41034008E-7 0 0 0 0 0 0 0 0 0 7.9997776E-21 3.45044245E-5 2.38638166E-16 6.95099589E-10
5.46249962 1.25000477E-2 1.09362838E-4 6.35106844E-5 3.43444226E-5 3.4209399E-5 1.35025047E-7 0 0 0 0 0 0 0 0 0 6.64003485E-21 3.42087478E-5 2.08976051E-16 6.53078425E-10
5.48750019 1.25000477E-2 8.06227326E-5 6.25915709E-5 3.40468578E-5 3.39175385E-5 1.29320057E-7 0 0 0 0 0 0 0 0 0 5.51161792E-21 3.39169274E-5 1.83043066E-16 6.13587958E-10
5.51749992 1.74999237E-2 -4.52726272E-5 4.93136722E-5 3.36953963E-5 3.35725272E-5 1.22866339E-7 0 0 0 0 0 0 0 0 0 4.41429377E-21 3.35719596E-5 1.56309965E-16 5.69430003E-10
5.54749966 1.25000477E-2 1.10652662E-4 5.91486314E-5 3.33494099E-5 3.32326235E-5 1.16787731E-7 0 0 0 0 0 0 0 0 0 3.52599469E-21 3.3232096E-5 1.33358244E-16 5.28296629E-10
5.57999992 1.99999809E-2 -3.42923668E-5 4.36946102E-5 3.2981352E-5 3.28707029E-5 1.10650085E-7 0 0 0 0 0 0 0 0 0 2.77502253E-21 3.28702154E-5 1.12564167E-16 4.87306584E-10
5.61499977 1.50001049E-2 4.30494183E-5 5.1794872E-5 3.25915098E-5 3.24870416E-5 1.04468896E-7 0 0 0 0 0 0 0 0 0 2.13563756E-21 3.24865941E-5 9.36475193E-17 4.46515935E-10
5.64499998 1.49998665E-2 6.32525043E-5 5.27988923E-5 3.22629567E-5 3.21634361E-5 9.95211238E-8 0 0 0 0 0 0 0 0 0 1.70849208E-21 3.21630214E-5 8.00719039E-17 4.14340784E-10
5.67500019 1.50001049E-2 8.25524112E-5 5.41600857E-5 3.19392311E-5 3.18443708E-5 9.48604111E-8 0 0 0 0 0 0 0 0 0 1.36654024E-21 3.18439852E-5 6.84811712E-17 3.84475035E-10
5.71000004 1.99999809E-2 -2.08987876E-5 4.4411714E-5 3.15677244E-5 3.14779754E-5 8.9747445E-8 0 0 0 0 0 0 0 0 0 1.0545221E-21 3.14776225E-5 5.71219233E-17 3.52398333E-10
5.74749994 1.74999237E-2 -1.63839504E-5 4.72903776E-5 3.11766707E-5 3.10920695E-5 8.45998116E-8 0 0 0 0 0 0 0 0 0 7.96559632E-22 3.10917494E-5 4.69896424E-17 3.20901555E-10
5.77999973 1.50001049E-2 8.30811696E-5 5.38571257E-5 3.08439012E-5 3.07634982E-5 8.04041136E-8 0 0 0 0 0 0 0 0 0 6.24592751E-22 3.07632035E-5 3.96893037E-17 2.95904051E-10
5.81500006 1.99999809E-2 3.4345896E-5 4.49895415E-5 3.04921741E-5 3.04160185E-5 7.61548904E-8 0 0 0 0 0 0 0 0 0 4.81920453E-22 3.04157475E-5 3.31470661E-17 2.7126057E-10
5.8499999 1.49998665E-2 4.35705733E-5 5.39018001E-5 3.01466098E-5 3.00744523E-5 7.21562046E-8 0 0 0 0 0 0 0 0 0 3.7072368E-22 3.00742049E-5 2.76553445E-17 2.48610577E-10
5.88000011 1.50001049E-2 4.95946097E-6 5.40637593E-5 2.98554605E-5 2.97865226E-5 6.89372399E-8 0 0 0 0 0 0 0 0 0 2.96544325E-22 2.97862916E-5 2.3704528E-17 2.30761951E-10
5.90750027 1.25000477E-2 1.50404376E-4 6.39803329E-5 2.95922837E-5 2.9526147E-5 6.61374528E-8 0 0 0 0 0 0 0 0 0 2.41531387E-22 2.95259306E-5 2.0580381E-17 2.15516688E-10
5.93499994 1.49998665E-2 -2.37585009E-5 5.58452994E-5 2.93326229E-5 2.92691457E-5 6.34781543E-8 0 0 0 0 0 0 0 0 0 1.9697203E-22 2.92689438E-5 1.78824421E-17 2.01301475E-10
5.96500015 1.50001049E-2 -5.02295952E-5 5.83964502E-5 2.90530552E-5 2.89923355E-5 6.07190884E-8 0 0 0 0 0 0 0 0 0 1.57557321E-22 2.89921481E-5 1.53383489E-17 1.86835852E-10
5.99749994 1.74999237E-2 -2.83100908E-5 5.16943292E-5 2.87546209E-5 2.86967388E-5 5.7882076E-8 0 0 0 0 0 0 0 0 0 1.23776492E-22 2.8696566E-5 1.29957486E-17 1.72339379E-10
6.03250027 1.75001621E-2 1.21855965E-5 5.10069767E-5 2.8438315E-5 2.83833269E-5 5.49876198E-8 0 0 0 0 0 0 0 0 0 9.53538712E-23 2.83831687E-5 1.08696694E-17 1.57965196E-10
6.06500006 1.49998665E-2 1.85023709E-5 5.76446073E-5 2.81494849E-5 2.80970453E-5 5.24389066E-8 0 0 0 0 0 0 0 0 0 7.47800506E-23 2.80968998E-5 9.20784205E-18 1.45689058E-10
6.0999999 1.99999809E-2 -1.62184242E-5 4.8302114E-5 2.78440621E-5 2.7794209E-5 4.98527086E-8 0 0 0 0 0 0 0 0 0 5.77083433E-23 2.77940762E-5 7.71381821E-18 1.33591624E-10
6.14499998 2.50000954E-2 -1.84429264E-5 4.1839874E-5 2.74594622E-5 2.74127033E-5 4.67587924E-8 0 0 0 0 0 0 0 0 0 4.13763004E-23 2.7412585E-5 6.1488475E-18 1.19552174E-10
6.19000006 1.99999809E-2 6.2686895E-6 4.93795342E-5 2.70829605E-5 2.70390537E-5 4.39077361E-8 0 0 0 0 0 0 0 0 0 2.95602085E-23 2.70389464E-5 4.89629546E-18 1.07017242E-10
6.23250008 2.25000381E-2 3.13131968E-5 4.49147301E-5 2.67344585E-5 2.66930274E-5 4.14302121E-8 0 0 0 0 0 0 0 0 0 2.15825023E-23 2.6692931E-5 3.95593669E-18 9.65458893E-11
6.27250004 1.74999237E-2 7.4585907E-5 5.38249842E-5 2.64119226E-5 2.63726743E-5 3.92497235E-8 0 0 0 0 0 0 0 0 0 1.60034697E-23 2.63725851E-5 3.23303811E-18 8.7783128E-11
6.30500031 1.50001049E-2 8.70975346E-5 5.76208513E-5 2.61539226E-5 2.61163477E-5 3.75747149E-8 0 0 0 0 0 0 0 0 0 1.25555583E-23 2.61162677E-5 2.74529231E-18 8.14430398E-11
6.3375001 1.74999237E-2 -1.1667099E-5 5.2648018E-5 2.58998152E-5 2.58638374E-5 3.59768322E-8 0 0 0 0 0 0 0 0 0 9.86288651E-24 2.58637629E-5 2.33314832E-18 7.57414895E-11
6.36999989 1.50001049E-2 -4.37567069E-5 5.83327928E-5 2.56495896E-5 2.56151379E-5 3.44513786E-8 0 0 0 0 0 0 0 0 0 7.73573018E-24 2.56150688E-5 1.98214788E-18 7.05297695E-11
6.40500021 1.99999809E-2 -1.75754205E-4 4.96009561E-5 2.53848903E-5 2.53519956E-5 3.28952545E-8 0 0 0 0 0 0 0 0 0 5.97092093E-24 2.53519302E-5 1.66566392E-18 6.53054347E-11
6.44250011 1.74999237E-2 -5.05738171E-5 5.52390084E-5 2.51063047E-5 2.50749799E-5 3.1325591E-8 0 0 0 0 0 0 0 0 0 4.51472551E-24 2.50749199E-5 1.38166738E-18 5.99218661E-11
6.48000002 1.99999809E-2 -2.62381163E-5 5.146271E-5 2.48328452E-5 2.4802981E-5 2.98638341E-8 0 0 0 0 0 0 0 0 0 3.42163014E-24 2.48029264E-5 1.1476432E-18 5.46597559E-11
6.51749992 1.74999237E-2 -1.26392142E-5 5.56934065E-5 2.45637129E-5 2.4535213E-5 2.84992101E-8 0 0 0 0 0 0 0 0 0 2.58957614E-24 2.45351639E-5 9.52810943E-19 4.95512173E-11
6.55249977 1.75001621E-2 1.54782581E-4 5.69703807E-5 2.43161521E-5 2.42888473E-5 2.73061662E-8 0 0 0 0 0 0 0 0 0 1.99802473E-24 2.42888018E-5 8.01245037E-19 4.50497244E-11
6.58500004 1.49998665E-2 1.92851858E-5 6.22516745E-5 2.40892277E-5 2.40629724E-5 2.62549165E-8 0 0 0 0 0 0 0 0 0 1.56878372E-24 2.40629306E-5 6.81914049E-19 4.11952972E-11
6.62249994 2.25000381E-2 7.4517171E-5 5.04697382E-5 2.38313278E-5 2.38062221E-5 2.51055585E-8 0 0 0 0 0 0 0 0 0 1.19032356E-24 2.38061839E-5 5.67005995E-19 3.72243625E-11
6.66499996 1.99999809E-2 -4.02771911E-5 5.39832508E-5 2.35440111E-5 2.35201387E-5 2.38718769E-8 0 0 0 0 0 0 0 0 0 8.66850455E-25 2.3520106E-5 4.59311215E-19 3.32706189E-11
6.70249987 1.74999237E-2 3.32491363E-5 5.86218375E-5 2.32951716E-5 2.32723232E-5 2.28471535E-8 0 0 0 0 0 0 0 0 0 6.5527732E-25 2.32722941E-5 3.81548793E-19 3.02178907E-11
6.74249983 2.25000381E-2 -1.44522346E-5 5.2471547E-5 2.30344049E-5 2.30125825E-5 2.18218172E-8 0 0 0 0 0 0 0 0 0 4.87548481E-25 2.30125552E-5 3.13515954E-19 2.73349138E-11
6.78250027 1.75001621E-2 4.53453686E-5 6.1160863E-5 2.2777609E-5 2.27567543E-5 2.08557704E-8 0 0 0 0 0 0 0 0 0 3.6127914E-25 2.27567289E-5 2.57151091E-19 2.474204E-11
6.81500006 1.49998665E-2 -2.30785608E-5 6.69528526E-5 2.25718068E-5 2.25516978E-5 2.01096437E-8 0 0 0 0 0 0 0 0 0 2.83203259E-25 2.25516742E-5 2.18881994E-19 2.28264664E-11
6.84500027 1.50001049E-2 1.06880674E-4 6.87617357E-5 2.23840761E-5 2.23646275E-5 1.94473824E-8 0 0 0 0 0 0 0 0 0 2.26184171E-25 2.23646075E-5 1.88609665E-19 2.11928565E-11
6.88000011 1.99999809E-2 1.01726291E-5 6.15804383E-5 2.21679384E-5 2.21492373E-5 1.87016784E-8 0 0 0 0 0 0 0 0 0 1.74137939E-25 2.21492173E-5 1.58603132E-19 1.94380033E-11
6.91750002 1.74999237E-2 2.98069408E-5 6.8097841E-5 2.19397498E-5 2.19218182E-5 1.7932134E-8 0 0 0 0 0 0 0 0 0 1.31146942E-25 2.19218E-5 1.31580693E-19 1.77150707E-11
6.95499992 1.99999809E-2 -8.30244699E-6 6.08728224E-5 2.17153229E-5 2.1698128E-5 1.71960366E-8 0 0 0 0 0 0 0 0 0 9.89185661E-26 2.16981116E-5 1.09309527E-19 1.61512713E-11
6.98499966 9.99999046E-3 2.7728307E-5 9.02042593E-5 2.15381642E-5 2.1521535E-5 1.66304375E-8 0 0 0 0 0 0 0 0 0 7.86570004E-26 2.15215186E-5 9.41522564E-20 1.49972413E-11
