READ SERR 1 2
@0790380601/analysis/pnspec_err.pco
!
0.335403025 5.23899496E-3 0.681615829 1
0.345873505 5.23149967E-3 -0.453513116 1
0.353717983 2.61299312E-3 0.376611233 1
0.361552 5.22100925E-3 -0.674262702 1
0.371986002 5.21299243E-3 -0.283219546 1
0.379803002 2.60400772E-3 -0.136780754 1
0.385008514 2.60148942E-3 1.31359029 1
0.39280802 5.19801676E-3 -0.306157917 1
0.403196514 5.19049168E-3 -0.524572909 1
0.41356951 5.18250465E-3 -8.76377597E-2 1
0.423927009 5.17499447E-3 -5.02922432E-3 1
0.434269011 5.16700745E-3 -0.621100128 1
0.444595516 5.15949726E-3 0.876426578 1
0.454906523 5.15149534E-3 -2.04346418 1
0.465201497 5.14349341E-3 -5.72821051E-2 1
0.475481004 5.13601303E-3 0.6378178 1
0.485745013 5.12798131E-3 1.12594831 1
0.495993495 5.12051582E-3 1.4699626 1
0.50622654 5.112499E-3 0.785200298 1
0.516443491 5.10448217E-3 -1.01406813 1
0.526645482 5.09750843E-3 -0.603681803 1
0.536832452 5.08949161E-3 -2.91077781 1
0.544463992 2.54201889E-3 0.161602408 1
0.549546003 2.53999233E-3 -2.42586637 1
0.554623961 2.53799558E-3 -1.66836274 1
0.559698462 2.53650546E-3 -0.495914608 1
0.564769506 2.53450871E-3 -0.28405565 1
0.569836497 2.53251195E-3 0.198686108 1
0.574899554 2.53048539E-3 -0.495405257 1
0.579959035 2.52899528E-3 1.86829996 1
0.585014999 2.52699852E-3 0.34537521 1
0.590067506 2.5255084E-3 0.894662738 1
0.595116496 2.52351165E-3 1.42284203 1
0.600161552 2.52148509E-3 1.54370475 1
0.605203032 2.51999497E-3 0.359102219 1
0.610240996 2.51799822E-3 1.08350527 1
0.61779052 5.03152609E-3 5.03079481E-2 1
0.627846003 5.0239861E-3 -0.800152242 1
0.637887001 5.01698256E-3 -0.95514375 1
0.647915006 5.01102209E-3 -2.17596531 1
0.657930017 5.00398874E-3 -0.653807104 1
0.667931497 4.99749184E-3 1.65058005 1
0.677919984 4.99102473E-3 -0.767751336 1
0.687896013 4.98497486E-3 -0.802493095 1
0.697860003 4.9790144E-3 -0.544656575 1
0.707811475 4.97248769E-3 0.850218654 1
0.717751026 4.96700406E-3 -0.47448054 1
0.727679491 4.96149063E-3 -1.05787468 1
0.737596512 4.95550036E-3 0.507772446 1
0.747501969 4.95001674E-3 0.399752349 1
0.757396996 4.94498014E-3 0.566977322 1
0.769749522 7.40751624E-3 0.885459483 1
0.784552991 7.39598274E-3 -0.345234692 1
0.799334466 7.38549232E-3 -1.08949697 1
0.814095497 7.37553835E-3 0.614048958 1
0.82883656 7.36549497E-3 1.09245896 1
0.84355849 7.35646486E-3 0.484232217 1
0.858262479 7.34752417E-3 0.394055545 1
0.872949481 7.33950734E-3 1.37907219 1
0.890062511 9.77349281E-3 -1.29229903 1
0.90959698 9.76097584E-3 0.606735051 1
0.929107487 9.74953175E-3 1.59702182 1
0.951029539 1.21724904E-2 0.139452323 1
0.975360513 1.21584833E-2 0.360203475 1
0.999664426 1.21454895E-2 -0.584204257 1
1.02394998 1.21400356E-2 2.1722374 1
1.04821491 1.21249557E-2 1.36988819 1
1.07246494 1.21250153E-2 1.39812982 1
1.09670997 1.21200085E-2 -0.700331092 1
1.12094498 1.21150613E-2 0.399099231 1
1.14517498 1.21149421E-2 -0.846085906 1
1.16940498 1.21150017E-2 0.255644411 1
1.19363999 1.21200085E-2 1.45247352 1
1.21788001 1.21200085E-2 0.185267553 1
1.24213004 1.2130022E-2 1.58310211 1
1.26639509 1.21349692E-2 -0.766219616 1
1.29067004 1.21400356E-2 -0.311333746 1
1.31496 1.214993E-2 -1.30403912 1
1.33926499 1.2155056E-2 1.67259026 1
1.363585 1.21649504E-2 -1.07247436 1
1.38792992 1.21800303E-2 -0.931488872 1
1.41229999 1.21899843E-2 -1.92173743 1
1.43424499 9.75501537E-3 -2.51649666 1
1.45132494 7.32499361E-3 -1.42261279 1
1.46598005 7.33006001E-3 -1.33269846 1
1.47819495 4.88489866E-3 1.95337188 1
1.49041498 7.3350668E-3 1.69453597 1
1.50509 7.34001398E-3 1.77265632 1
1.51977503 7.34496117E-3 1.13215697 1
1.53937006 1.22500062E-2 -0.29710412 1
1.56387997 1.22600198E-2 -1.66552985 1
1.58841491 1.22749209E-2 1.48621356 1
1.61297488 1.22850537E-2 0.127655253 1
1.63756001 1.23000145E-2 -0.317984253 1
1.66216993 1.23099685E-2 2.56639385 1
1.6868 1.23200417E-2 0.864449024 1
1.7114501 1.23299956E-2 0.978006959 1
1.73612499 1.23449564E-2 1.08430386 1
1.76081991 1.23500228E-2 1.86738777 1
1.7855351 1.23650432E-2 0.630265415 1
1.81027007 1.23699903E-2 1.29558694 1
1.83502507 1.23850107E-2 0.766467571 1
1.8598001 1.23899579E-2 0.359307259 1
1.8845849 1.23949647E-2 0.72773701 1
1.90938997 1.24100447E-2 0.84377259 1
1.93421006 1.24099851E-2 0.415595591 1
1.95904493 1.24250054E-2 1.73628783 1
1.98389494 1.24249458E-2 -0.413464367 1
2.00875497 1.2435019E-2 1.19514704 1
2.03362989 1.24399662E-2 0.982620358 1
2.05851507 1.24450922E-2 0.149378449 1
2.08341002 1.24499798E-2 1.6422205 1
2.10831499 1.24549866E-2 2.2994349 1
2.13322496 1.24549866E-2 0.891892612 1
2.15814495 1.24651194E-2 -0.806640029 1
2.18307495 1.24648809E-2 1.14069986 1
2.20800996 1.24700069E-2 -0.702640533 1
2.23295498 1.24750137E-2 -0.420776606 1
2.25790501 1.24748945E-2 -1.03701556 1
2.28285503 1.24751329E-2 -0.906319082 1
2.30781007 1.24800205E-2 0.914244771 1
2.33277512 1.24849081E-2 -1.46833587 1
2.35774493 1.24850273E-2 -1.08639026 1
2.38271499 1.24850273E-2 -0.442155004 1
2.4076848 1.24849081E-2 -1.29495668 1
2.43265986 1.24900341E-2 0.600518823 1
2.45763993 1.24900341E-2 0.246303037 1
2.48262501 1.24950409E-2 -1.63842213 1
2.50761008 1.24900341E-2 -0.728963256 1
2.53259516 1.24950409E-2 -0.136885926 1
2.55758524 1.24949217E-2 -1.18797493 1
2.58257508 1.24950409E-2 -0.288874716 1
2.60756493 1.24949217E-2 -0.396475405 1
2.63255501 1.24950409E-2 -0.776559591 1
2.65754509 1.24950409E-2 0.440482795 1
2.68253994 1.24999285E-2 -0.338355929 1
2.70753503 1.24950409E-2 0.285662919 1
2.73253012 1.24999285E-2 -1.45138299 1
2.75752497 1.24950409E-2 -1.15894389 1
2.78501987 1.49999857E-2 -0.965093374 1
2.81252003 1.25000477E-2 1.36430752 1
2.83751488 1.24949217E-2 0.647205293 1
2.86250997 1.25000477E-2 1.79402626 1
2.88751006 1.25000477E-2 -1.44967842 1
2.91250992 1.24999285E-2 -1.33872807 1
2.93751001 1.25000477E-2 -0.104871914 1
2.96251011 1.24999285E-2 -2.24036479 1
2.98750997 1.25000477E-2 -2.0376668 1
3.01250505 1.24950409E-2 -0.829079092 1
3.0374999 1.24999285E-2 -1.44024897 1
3.0625 1.25000477E-2 0.539938807 1
3.0875001 1.24999285E-2 -0.12239638 1
3.11249995 1.25000477E-2 1.94910204 1
3.13750005 1.25000477E-2 -3.06326225E-2 1
3.1624999 1.24999285E-2 -1.13844943 1
3.1875 1.25000477E-2 2.49179099E-2 1
3.2125001 1.24999285E-2 1.09988987 1
3.23749995 1.25000477E-2 0.347704977 1
3.26250005 1.25000477E-2 -9.55175236E-2 1
3.2874999 1.24999285E-2 2.42243862 1
3.3125 1.25000477E-2 0.357370138 1
3.3375001 1.24999285E-2 -1.19228208 1
3.36249995 1.25000477E-2 1.11157119 1
3.38999987 1.49999857E-2 1.35005331 1
3.42000008 1.49999857E-2 -1.17988431 1
3.44999981 1.49999857E-2 -2.42986345 1
3.47749996 1.25000477E-2 -0.378505051 1
3.50500011 1.49999857E-2 -1.65763855 1
3.53250003 1.25000477E-2 -0.696533382 1
3.55749989 1.24999285E-2 0.77553606 1
3.58249998 1.25000477E-2 0.20181343 1
3.61000013 1.49999857E-2 -0.859710336 1
3.63999987 1.49999857E-2 -1.6283915 1
3.66750002 1.25000477E-2 -0.774977684 1
3.69250011 1.24999285E-2 -4.33201715E-2 1
3.71749997 1.25000477E-2 1.39264083 1
3.74499989 1.49999857E-2 -2.65496224E-2 1
3.77250004 1.25000477E-2 -0.430179417 1
3.80250001 1.74999237E-2 -1.43493319 1
3.83500004 1.49999857E-2 -0.3161318 1
3.86249995 1.25000477E-2 1.24396062 1
3.88750005 1.25000477E-2 -0.300813705 1
3.91499996 1.49999857E-2 5.7784006E-2 1
3.94250011 1.24999285E-2 1.01695335 1
3.96749997 1.25000477E-2 -2.93490048E-2 1
3.99500012 1.50001049E-2 1.03653896 1
4.02250004 1.24998093E-2 1.01717567 1
4.04749966 1.25000477E-2 0.27405265 1
4.07250023 1.25000477E-2 -3.52855772E-2 1
4.09749985 1.25000477E-2 -0.767184734 1
4.12250042 1.25000477E-2 0.515900671 1
4.14750004 1.24998093E-2 -6.16442747E-2 1
4.17249966 1.25000477E-2 0.652800322 1
4.19750023 1.25000477E-2 -0.522425234 1
4.22249985 1.25000477E-2 0.347413927 1
4.25 1.49998665E-2 -1.84623432 1
4.27750015 1.25000477E-2 -0.120239198 1
4.30749989 1.74999237E-2 -0.802493215 1
4.34000015 1.50001049E-2 -0.614144206 1
4.36750031 1.25000477E-2 0.384192735 1
4.39750004 1.74999237E-2 -1.5213244 1
4.43000031 1.50001049E-2 -0.559653938 1
4.4625001 1.74999237E-2 -1.59339929 1
4.49250031 1.25000477E-2 -0.932162821 1
4.52250004 1.74999237E-2 -0.435402691 1
4.55249977 1.25000477E-2 2.3049705 1
4.58249998 1.74999237E-2 -1.50253904 1
4.61250019 1.25000477E-2 2.4406364 1
4.63749981 1.25000477E-2 1.1985451 1
4.66250038 1.25000477E-2 0.757390082 1
4.69000006 1.49998665E-2 0.774948359 1
4.71749973 1.25000477E-2 -0.668724716 1
4.74250031 1.25000477E-2 1.62777233 1
4.76999998 1.49998665E-2 1.85734574E-2 1
4.80000019 1.50001049E-2 -3.21127176E-2 1
4.83249998 1.74999237E-2 0.768171489 1
4.86250019 1.25000477E-2 1.921574 1
4.89249992 1.74999237E-2 -1.25671542 1
4.92500019 1.50001049E-2 -0.126708955 1
4.95250034 1.25000477E-2 1.38087785 1
4.98000002 1.49998665E-2 0.40992263 1
5.01249981 1.75001621E-2 -0.679098725 1
5.04500008 1.49998665E-2 -0.306220531 1
5.07749987 1.74999237E-2 -1.26187646 1
5.10750008 1.25000477E-2 -6.6575408E-2 1
5.13999987 1.99999809E-2 -8.17690045E-2 1
5.17999983 1.99999809E-2 -0.845644295 1
5.21249962 1.25000477E-2 1.60679317 1
5.23999977 1.50001049E-2 1.14882779 1
5.26749992 1.25000477E-2 1.13513577 1
5.29750013 1.74999237E-2 0.848787606 1
5.32999992 1.49998665E-2 0.642490923 1
5.35999966 1.50001049E-2 -0.570946872 1
5.38749981 1.25000477E-2 2.51380563 1
5.41250038 1.25000477E-2 -0.175749674 1
5.4375 1.24998093E-2 1.8609581 1
5.46249962 1.25000477E-2 1.18069077 1
5.48750019 1.25000477E-2 0.744650304 1
5.51749992 1.74999237E-2 -1.60214674 1
5.54749966 1.25000477E-2 1.30618525 1
5.57999992 1.99999809E-2 -1.53985071 1
5.61499977 1.50001049E-2 0.204872578 1
5.64499998 1.49998665E-2 0.587276757 1
5.67500019 1.50001049E-2 0.937280118 1
5.71000004 1.99999809E-2 -1.18129671 1
5.74749994 1.74999237E-2 -1.00510013 1
5.77999973 1.50001049E-2 0.966474056 1
5.81500006 1.99999809E-2 8.78797546E-2 1
5.8499999 1.49998665E-2 0.24823691 1
5.88000011 1.50001049E-2 -0.459739298 1
5.90750027 1.25000477E-2 1.88918674 1
5.93499994 1.49998665E-2 -0.94889307 1
5.96500015 1.50001049E-2 -1.35747659 1
5.99749994 1.74999237E-2 -1.10672557 1
6.03250027 1.75001621E-2 -0.317803085 1
6.06500006 1.49998665E-2 -0.166804478 1
6.0999999 1.99999809E-2 -0.910962403 1
6.14499998 2.50000954E-2 -1.09689164 1
6.19000006 1.99999809E-2 -0.423820674 1
6.23250008 2.25000381E-2 0.100667998 1
6.27250004 1.74999237E-2 0.894791007 1
6.30500031 1.50001049E-2 1.05821836 1
6.3375001 1.74999237E-2 -0.711659312 1
6.36999989 1.50001049E-2 -1.18885827 1
6.40500021 1.99999809E-2 -4.05258226 1
6.44250011 1.74999237E-2 -1.37535679 1
6.48000002 1.99999809E-2 -0.995075822 1
6.51749992 1.74999237E-2 -0.675320148 1
6.55249977 1.75001621E-2 2.28995085 1
6.58500004 1.49998665E-2 -7.92291313E-2 1
6.62249994 2.25000381E-2 0.996785223 1
6.66499996 1.99999809E-2 -1.18181074 1
6.70249987 1.74999237E-2 0.164897069 1
6.74249983 2.25000381E-2 -0.708628654 1
6.78250027 1.75001621E-2 0.364026397 1
6.81500006 1.49998665E-2 -0.690459847 1
6.84500027 1.50001049E-2 1.22840512 1
6.88000011 1.99999809E-2 -0.190902114 1
6.91750002 1.74999237E-2 0.116730846 1
6.95499992 1.99999809E-2 -0.497752845 1
6.98499966 9.99999046E-3 6.74706101E-2 1
