READ SERR 1 2
@0790381501/analysis/pnspec.pco
!
0.332783997 2.61998177E-3 2.1784598E-2 6.82752463E-4 2.08300389E-2 1.7447209E-2 3.38283111E-3 6.34872413E-6 4.34874976E-3 1.07277918E-3 7.66228711E-21 1.28383166E-4 8.03743296E-6 7.00184273E-6 3.12437408E-7 1.96193923E-7 4.49265214E-3 2.34890962E-3   4.25863313E-3 7.75203982E-4
0.338023007 2.61901319E-3 1.96459778E-2 6.49664958E-4 2.05847304E-2 1.73272286E-2 3.2575021E-3 6.28762291E-6 4.35464131E-3 1.1070231E-3 7.58914948E-21 1.29293578E-4 8.21965568E-6 6.96263351E-6 3.09436615E-7 1.94299545E-7 4.38043568E-3 2.34809308E-3   4.20492841E-3 7.80839706E-4
0.3432585 2.61649489E-3 2.11266838E-2 6.40649814E-4 2.03031618E-2 1.71652343E-2 3.13792657E-3 6.22632206E-6 4.31803288E-3 1.14703574E-3 7.51316841E-21 1.29794542E-4 8.44160968E-6 6.93231004E-6 3.06449664E-7 1.92404542E-7 4.26922739E-3 2.34659039E-3   4.14661597E-3 7.85838696E-4
0.34849 2.61500478E-3 1.94389485E-2 6.1284448E-4 1.99801028E-2 1.69562139E-2 3.02388892E-3 6.16522721E-6 4.23545577E-3 1.19389873E-3 7.43854929E-21 1.29933906E-4 8.70609165E-6 6.91360037E-6 3.03497018E-7 1.90514783E-7 4.15649777E-3 2.34433543E-3   4.08371072E-3 7.90101883E-4
0.353717983 2.61299312E-3 1.94078758E-2 5.96366648E-4 1.96144115E-2 1.66990943E-2 2.91531603E-3 6.10495727E-6 4.10579145E-3 1.24847563E-3 7.36789643E-21 1.29759923E-4 9.01291151E-6 6.9096327E-6 3.00615284E-7 1.88647675E-7 4.04098118E-3 2.34128628E-3   4.01676027E-3 7.93523679E-4
0.358942509 2.61150301E-3 1.92388725E-2 5.90430922E-4 1.92095526E-2 1.63973961E-2 2.81215529E-3 6.04600973E-6 3.93132772E-3 1.31137902E-3 7.30349751E-21 1.29327003E-4 9.35888693E-6 6.92344338E-6 2.97842433E-7 1.86822447E-7 3.92239727E-3 2.33743619E-3  3.94667685E-3 7.96039938E-4
0.364163518 2.60950625E-3 1.84834376E-2 5.63742244E-4 1.87679287E-2 1.60539579E-2 2.71397084E-3 5.9881836E-6 3.71390372E-3 1.38410868E-3 7.24742937E-21 1.28672807E-4 9.7442171E-6 6.95976769E-6 2.95196088E-7 1.85031723E-7 3.79995233E-3 2.33272347E-3  3.87379853E-3 7.97625748E-4
0.369380504 2.60749459E-3 1.78210586E-2 5.53029065E-4 1.82999056E-2 1.56793036E-2 2.62060273E-3 5.93161167E-6 3.46210646E-3 1.46647508E-3 7.20082776E-21 1.27866384E-4 1.01602627E-5 7.01866975E-6 2.92681818E-7 1.83282324E-7 3.67438886E-3 2.3272261E-3  3.79928225E-3 7.98371388E-4
0.374593496 2.60549784E-3 1.87599808E-2 5.42118039E-4 1.78102441E-2 1.52787035E-2 2.53154151E-3 5.87593968E-6 3.17954924E-3 1.56006659E-3 7.16553768E-21 1.26926912E-4 1.06066045E-5 7.10565473E-6 2.90315256E-7 1.81559798E-7 3.54551896E-3 2.32086796E-3  3.72341275E-3 7.98300782E-4
0.379803002 2.60400772E-3 1.64443236E-2 5.1631144E-4 1.73159E-2 1.48690445E-2 2.44685472E-3 5.82183793E-6 2.87896488E-3 1.6635193E-3 7.1437523E-21 1.25903171E-4 1.10695755E-5 7.22255663E-6 2.88157452E-7 1.79887351E-7 3.41647165E-3 2.31376267E-3  3.64833092E-3 7.97509972E-4
0.385008514 2.60148942E-3 1.62127875E-2 5.03490388E-4 1.68252476E-2 1.44591425E-2 2.36610509E-3 5.76892307E-6 2.56805471E-3 1.77669141E-3 7.13678508E-21 1.24821061E-4 1.15434796E-5 7.37230948E-6 2.86228612E-7 1.78245301E-7 3.28777218E-3 2.30591232E-3  3.57461674E-3 7.96125212E-4
0.390209973 2.59999931E-3 1.57390591E-2 4.95758024E-4 1.63483191E-2 1.40592949E-2 2.28902348E-3 5.71694591E-6 2.25594756E-3 1.89824856E-3 7.1462613E-21 1.23707228E-4 1.20196009E-5 7.55696874E-6 2.84571001E-7 1.76636092E-7 3.16074374E-3 2.29735416E-3  3.50325578E-3 7.9428358E-4
0.395408005 2.59801745E-3 1.63023472E-2 4.97405475E-4 1.58935785E-2 1.36781838E-2 2.21539545E-3 5.66594508E-6 1.95119716E-3 2.0260294E-3 7.17393874E-21 1.22585625E-4 1.24890321E-5 7.77800778E-6 2.83239871E-7 1.75055661E-7 3.03652207E-3 2.28813849E-3  3.43518681E-3 7.92132749E-4
0.40060252 2.59649754E-3 1.59102492E-2 4.88029968E-4 1.54648889E-2 1.33200334E-2 2.14485615E-3 5.61542674E-6 1.6595684E-3 2.15778104E-3 7.22208323E-21 1.21470599E-4 1.29456703E-5 8.03763578E-6 2.82298032E-7 1.73490633E-7 2.91526853E-3 2.2782255E-3  3.37086688E-3 7.89797632E-4
0.405793011 2.59399414E-3 1.5205699E-2 4.81965166E-4 1.50711797E-2 1.29936654E-2 2.07751454E-3 5.56582563E-6 1.39118079E-3 2.28766934E-3 7.29217225E-21 1.20399149E-4 1.33750309E-5 8.33175181E-6 2.81840187E-7 1.71962725E-7 2.79943529E-3 2.26780307E-3  3.31199518E-3 7.87455763E-4
0.410979509 2.59248912E-3 1.40789133E-2 4.61542106E-4 1.47103155E-2 1.2697272E-2 2.0130435E-3 5.5173291E-6 1.14817789E-3 2.41186959E-3 7.38680607E-21 1.19383789E-4 1.37734032E-5 8.66001938E-6 2.81952254E-7 1.70462741E-7 2.68857088E-3 2.25684326E-3  3.25880782E-3 7.85215991E-4
0.416162014 2.59001553E-3 1.41449189E-2 4.62574506E-4 1.43806618E-2 1.24293417E-2 1.95132021E-3 5.46967021E-6 9.33108444E-4 2.52511655E-3 7.50887499E-21 1.18443866E-4 1.41351793E-5 9.01949352E-6 2.82740388E-7 1.689843E-7 2.58303271E-3 2.24537565E-3  3.21200327E-3 7.83185067E-4
0.421340495 2.58848071E-3 1.43871205E-2 4.60472802E-4 1.40784448E-2 1.21861696E-2 1.89227529E-3 5.42290263E-6 7.46886886E-4 2.62190192E-3 7.66193087E-21 1.1754749E-4 1.44563437E-5 9.40603604E-6 2.84323903E-7 1.67536598E-7 2.48304103E-3 2.23341933E-3  3.17221321E-3 7.81422597E-4
0.42651549 2.58651376E-3 1.376196E-2 4.46923455E-4 1.37981549E-2 1.19624594E-2 1.83569535E-3 5.37717597E-6 5.88483992E-4 2.69703637E-3 7.85130434E-21 1.16804396E-4 1.47355204E-5 9.81619451E-6 2.86844028E-7 1.66117829E-7 2.38860887E-3 2.22092983E-3  3.1401834E-3 7.80030736E-4
0.431686521 2.5845021E-3 1.29442699E-2 4.33588953E-4 1.35356737E-2 1.17540415E-2 1.78163243E-3 5.3327085E-6 4.57214162E-4 2.7450819E-3 8.08192294E-21 1.16206742E-4 1.49703956E-5 1.02419444E-5 2.90426129E-7 1.64739092E-7 2.30065058E-3 2.20796396E-3  3.11688264E-3 7.79041147E-4
0.436853528 2.58250535E-3 1.31979678E-2 4.38434712E-4 1.32862879E-2 1.15562649E-2 1.73002307E-3 5.28975443E-6 3.50615242E-4 2.76219938E-3 8.3603605E-21 1.15777395E-4 1.5161876E-5 1.06759871E-5 2.95189835E-7 1.63409567E-7 2.21988233E-3 2.19452451E-3  3.10321245E-3 7.78467744E-4
0.442016482 2.58047879E-3 1.24535272E-2 4.26577899E-4 1.30456286E-2 1.13648232E-2 1.68080523E-3 5.24813368E-6 2.65373354E-4 2.74592941E-3 8.69611181E-21 1.1554081E-4 1.53129295E-5 1.11126155E-5 3.01265942E-7 1.6213383E-7 2.14688294E-3 2.18054792E-3  3.10010952E-3 7.78301968E-4
0.44717598 2.57901847E-3 1.25972051E-2 4.18294396E-4 1.28114773E-2 1.11776181E-2 1.63385912E-3 5.20867252E-6 1.98397873E-4 2.69513205E-3 9.10043834E-21 1.15524541E-4 1.54268309E-5 1.1545063E-5 3.08764726E-7 1.60910773E-7 2.08268757E-3 2.16599181E-3  3.10871564E-3 7.78518326E-4
0.452331483 2.57648528E-3 1.30210202E-2 4.23517253E-4 1.25838444E-2 1.09946486E-2 1.58919557E-3 5.17127091E-6 1.46648497E-4 2.61033187E-3 9.58710489E-21 1.15757481E-4 1.55075722E-5 1.19668312E-5 3.17774692E-7 1.59750115E-7 2.02856562E-3 2.15080543E-3  3.13033978E-3 7.79077061E-4
0.457482994 2.57501006E-3 1.24321748E-2 4.16474999E-4 1.23642515E-2 1.0817566E-2 1.5466857E-3 5.13603072E-6 1.07218744E-4 2.4933964E-3 1.01742666E-20 1.16271491E-4 1.55596827E-5 1.23728423E-5 3.28383265E-7 1.58658054E-7 1.98578811E-3 2.13489495E-3  3.16651422E-3 7.79926777E-4
0.46263051 2.57250667E-3 1.23710595E-2 4.15275892E-4 1.21570732E-2 1.06507512E-2 1.50632218E-3 5.10311202E-6 7.76591914E-5 2.34799553E-3 1.08818437E-20 1.17099866E-4 1.55875769E-5 1.27573667E-5 3.40614747E-7 1.57638667E-7 1.95594435E-3 2.11820751E-3  3.21889273E-3 7.81005656E-4
0.467774004 2.57098675E-3 1.20652253E-2 4.09027765E-4 1.19688818E-2 1.0500838E-2 1.46804354E-3 5.07270397E-6 5.58742904E-5 2.17992533E-3 1.17288338E-20 1.1827179E-4 1.55958005E-5 1.31145589E-5 3.54389982E-7 1.56700096E-7 1.94056809E-3 2.10076454E-3  3.28889512E-3 7.8224513E-4
0.47291398 2.56900489E-3 1.20227737E-2 4.11425688E-4 1.18060047E-2 1.03742899E-2 1.43171416E-3 5.04483705E-6 3.99279634E-5 1.9946089E-3 1.27421163E-20 1.19824683E-4 1.55886246E-5 1.34425436E-5 3.69681345E-7 1.55838904E-7 1.94089802E-3 2.08243472E-3  3.37840989E-3 7.8358443E-4
0.478049994 2.56700814E-3 1.15054175E-2 3.98817298E-4 1.1677267E-2 1.02800364E-2 1.39723113E-3 5.01935892E-6 2.85054648E-5 1.79815735E-3 1.39548536E-20 1.21820733E-4 1.55692123E-5 1.37380966E-5 3.86422357E-7 1.55053684E-7 1.95865263E-3 2.06313352E-3  3.48991784E-3 7.84980482E-4
0.483182013 2.56499648E-3 1.14200925E-2 3.92247166E-4 1.15883974E-2 1.02239037E-2 1.36449409E-3 4.99617499E-6 2.01719704E-5 1.59752194E-3 1.53800648E-20 1.24266371E-4 1.55419639E-5 1.40020429E-5 4.04349663E-7 1.54337414E-7 1.99384987E-3 2.04289402E-3  3.62371071E-3 7.86389806E-4
0.488309979 2.56298482E-3 1.16468975E-2 4.00025077E-4 1.15473587E-2 1.02140112E-2 1.33334752E-3 4.97511928E-6 1.4221423E-5 1.39834546E-3 1.70486319E-20 1.27235195E-4 1.55086982E-5 1.42330346E-5 4.23307966E-7 1.5369011E-7 2.04764493E-3 2.02165265E-3  3.78184114E-3 7.87776953E-4
0.493433982 2.56100297E-3 1.13973385E-2 3.93561844E-4 1.15597593E-2 1.025612E-2 1.30364008E-3 4.95587483E-6 9.99495478E-6 1.20595493E-3 1.89803329E-20 1.30793676E-4 1.54713307E-5 1.44313908E-5 4.43044883E-7 1.53101894E-7 2.12021079E-3 1.99940498E-3  3.96514544E-3 7.89160142E-4
0.498554498 2.55951285E-3 1.20831365E-2 4.00523597E-4 1.16298338E-2 1.03545962E-2 1.2752373E-3 4.93814878E-6 6.99539032E-6 1.02400791E-3 2.11981026E-20 1.35046386E-4 1.54309455E-5 1.45986269E-5 4.63359072E-7 1.52561725E-7 2.21161055E-3 1.97606534E-3  4.17468557E-3 7.90601713E-4
0.50367099 2.55697966E-3 1.17847882E-2 3.98880627E-4 1.17574548E-2 1.0509463E-2 1.24799134E-3 4.92163599E-6 4.89162358E-6 8.57451349E-4 2.36832521E-20 1.40062228E-4 1.53886558E-5 1.473456E-5 4.83757901E-7 1.52061688E-7 2.31984933E-3 1.95189309E-3  4.40750271E-3 7.92132108E-4
0.50878346 2.55551934E-3 1.1809716E-2 3.92884715E-4 1.19401105E-2 1.0718408E-2 1.22170208E-3 4.90575667E-6 3.41068153E-6 7.07692525E-4 2.6428986E-20 1.45988772E-4 1.5344629E-5 1.48415565E-5 5.03983358E-7 1.51586946E-7 2.44310568E-3 1.92688417E-3  4.6617412E-3 7.93837709E-4
0.513891995 2.55298615E-3 1.21263908E-2 3.95222887E-4 1.21715982E-2 1.0975372E-2 1.19622692E-3 4.88994874E-6 2.3699231E-6 5.75842801E-4 2.94028587E-20 1.52996276E-4 1.52987832E-5 1.49213147E-5 5.23704102E-7 1.51119437E-7 2.57827458E-3 1.90116104E-3  4.93313977E-3 7.95802451E-4
0.518996477 2.55149603E-3 1.24079268E-2 3.97041586E-4 1.24419844E-2 1.12705566E-2 1.17142766E-3 4.87373927E-6 1.64004734E-6 4.62093245E-4 3.2551806E-20 1.61300719E-4 1.52508701E-5 1.49755133E-5 5.42588111E-7 1.5064893E-7 2.7211695E-3 1.87488017E-3  5.21555217E-3 7.98127381E-4
0.524097443 2.54949927E-3 1.27189429E-2 3.96953779E-4 1.27378069E-2 1.15906941E-2 1.14711304E-3 4.85665578E-6 1.12936232E-6 3.65843327E-4 3.58017534E-20 1.71174412E-4 1.52005432E-5 1.50058249E-5 5.60331898E-7 1.50160673E-7 2.86659389E-3 1.84822734E-3  5.50102722E-3 8.00924725E-4
0.529194951 2.54800916E-3 1.30789466E-2 4.03605605E-4 1.30427079E-2 1.19195227E-2 1.12318527E-3 4.83822578E-6 7.73220904E-7 2.85907183E-4 3.90580791E-20 1.82954565E-4 1.51474669E-5 1.50138694E-5 5.76663183E-7 1.49642801E-7 3.00845993E-3 1.82141538E-3  5.77997277E-3 8.04313342E-4
0.534288526 2.54550576E-3 1.24880578E-2 3.95019888E-4 1.3338184E-2 1.22386599E-2 1.09952397E-3 4.81801862E-6 5.25921905E-7 2.20699018E-4 4.22089878E-20 1.97050962E-4 1.50914866E-5 1.5001212E-5 5.91356184E-7 1.49085253E-7 3.14005278E-3 1.79467152E-3  6.04158361E-3 8.08424666E-4
0.539377987 2.54398584E-3 1.40119847E-2 4.1174455E-4 1.36049427E-2 1.25289029E-2 1.07603997E-3 4.79575056E-6 3.55035155E-7 1.68402607E-4 4.5131223E-20 2.13951964E-4 1.50326923E-5 1.49693997E-5 6.04241052E-7 1.48481135E-7 3.25442851E-3 1.76822755E-3  6.27455814E-3 8.13428487E-4
0.544463992 2.54201889E-3 1.4353442E-2 4.09901724E-4 1.3824407E-2 1.27716875E-2 1.05272036E-3 4.77088724E-6 2.37717202E-7 1.27115476E-4 4.76987238E-20 2.34233943E-4 1.49715706E-5 1.4920066E-5 6.1521223E-7 1.47828871E-7 3.34490649E-3 1.74230128E-3  6.46795053E-3 8.19516194E-4
0.549546003 2.53999233E-3 1.44894887E-2 4.11122193E-4 1.3979868E-2 1.2950426E-2 1.0294416E-3 4.74343415E-6 1.57676325E-7 9.49514579E-5 4.97915715E-20 2.58605578E-4 1.49086745E-5 1.48545059E-5 6.24233621E-7 1.47125945E-7 3.40547343E-3 1.71702902E-3  6.61198795E-3 8.26942734E-4
0.554623961 2.53799558E-3 1.42715909E-2 4.09094588E-4 1.40571008E-2 1.30507965E-2 1.00630452E-3 4.71355543E-6 0 7.03777696E-5 5.12896667E-20 2.87623669E-4 1.48456966E-5 1.47748869E-5 6.31269813E-7 1.46388459E-7 3.43095255E-3 1.69273105E-3 6.69804169E-3  8.35957821E-4
0.559698462 2.53650546E-3 1.45036168E-2 4.05639468E-4 1.4048689E-2 1.30654108E-2 9.83278966E-4 4.68119015E-6 0 5.17631233E-5 5.21159103E-20 3.22065986E-4 1.4784112E-5 1.46828497E-5 6.36422556E-7 1.45623673E-7 3.41852731E-3 1.66946091E-3 6.72172755E-3  8.46935494E-4
0.564769506 2.53450871E-3 1.45462789E-2 4.03222395E-4 1.39513426E-2 1.29909348E-2 9.60407546E-4 4.64657796E-6 0 3.78193254E-5 5.22153884E-20 3.62625375E-4 1.47259962E-5 1.45802996E-5 6.3980599E-7 1.44852947E-7 3.36686196E-3 1.64731173E-3 6.68130163E-3  8.6027768E-4
0.569836497 2.53251195E-3 1.40925553E-2 3.99634155E-4 1.37677202E-2 1.28299706E-2 9.37749224E-4 4.61009768E-6 0 2.74760223E-5 5.15684201E-20 4.09912318E-4 1.46736811E-5 1.44692194E-5 6.41569841E-7 1.44098834E-7 3.2767111E-3 1.62633078E-3 6.57857396E-3  8.76427803E-4
0.574899554 2.53048539E-3 1.41744055E-2 3.9175665E-4 1.35059198E-2 1.25905275E-2 9.1539236E-4 4.57180386E-6 0 1.98666876E-5 5.0192179E-20 4.64392389E-4 1.46298416E-5 1.43516254E-5 6.41889926E-7 1.43389727E-7 3.1508035E-3 1.60652504E-3 6.41874317E-3  8.95857636E-4
0.579959035 2.52899528E-3 1.44383851E-2 3.96197691E-4 1.31785218E-2 1.22851683E-2 8.93353135E-4 4.53218991E-6 0 1.43062234E-5 4.81391296E-20 5.26313728E-4 1.45972444E-5 1.42295803E-5 6.40956387E-7 1.42760342E-7 2.99360161E-3 1.58785726E-3 6.20994251E-3  9.19004611E-4
0.585014999 2.52699852E-3 1.39343012E-2 3.92688118E-4 1.28015913E-2 1.1929865E-2 8.71726312E-4 4.49176287E-6 0 1.02652775E-5 4.54927753E-20 5.9561315E-4 1.45787571E-5 1.41050859E-5 6.38962319E-7 1.42249093E-7 2.81095854E-3 1.57026446E-3 5.96253807E-3  9.46269138E-4
0.590067506 2.5255084E-3 1.30370623E-2 3.78720899E-4 1.23930825E-2 1.15425037E-2 8.5057877E-4 4.45091518E-6 0 7.3415672E-6 4.23610178E-20 6.71847141E-4 1.45745398E-5 1.39800977E-5 6.36097411E-7 1.41895782E-7 2.60965433E-3 1.55365746E-3 5.68824727E-3  9.77972639E-4
0.595116496 2.52351165E-3 1.25003504E-2 3.69273999E-4 1.19711589E-2 1.11412108E-2 8.29947588E-4 4.41003613E-6 0 5.2335904E-6 3.88679019E-20 7.54127803E-4 1.45711847E-5 1.38565356E-5 6.32538786E-7 1.41748146E-7 2.3968902E-3 1.53793162E-3 5.39915403E-3  1.01426209E-3
0.600161552 2.52148509E-3 1.23435445E-2 3.62564606E-4 1.15528628E-2 1.07429558E-2 8.09906283E-4 4.36945538E-6 0 3.7183554E-6 3.51448395E-20 8.41072819E-4 1.46033935E-5 1.37361721E-5 6.28448959E-7 1.41854798E-7 2.17980053E-3 1.52297795E-3 5.10677556E-3  1.05513132E-3
0.605203032 2.51999497E-3 1.26856174E-2 3.64204228E-4 1.11524425E-2 1.03620132E-2 7.90428894E-4 4.32950719E-6 0 2.63198467E-6 3.13208805E-20 9.30826005E-4 1.46585053E-5 1.36206891E-5 6.23969584E-7 1.42265023E-7 1.96494814E-3 1.50867994E-3 4.82114824E-3  1.10040465E-3
0.610240996 2.51799822E-3 1.07700182E-2 3.40601808E-4 1.07807647E-2 1.00091603E-2 7.71604129E-4 4.29031115E-6 0 1.85514773E-6 2.75160144E-20 1.02106051E-3 1.47387273E-5 1.35116461E-5 6.19221737E-7 1.43034327E-7 1.75801828E-3 1.49492896E-3 4.55026329E-3  1.14973169E-3
0.615275502 2.5165081E-3 1.07081896E-2 3.35414021E-4 1.04445396E-2 9.69115086E-3 7.53388973E-4 4.25232884E-6 0 1.30146316E-6 2.38350866E-20 1.10906549E-3 1.4846325E-5 1.34105767E-5 6.14311602E-7 1.44214695E-7 1.56357232E-3 1.48162793E-3 4.29969002E-3  1.20262569E-3
0.620307028 2.51501799E-3 1.00811273E-2 3.25372559E-4 1.01462379E-2 9.41043627E-3 7.35801528E-4 4.21569484E-6 0 9.08087202E-7 2.03625969E-20 1.19185657E-3 1.4983495E-5 1.33187286E-5 6.0931734E-7 1.4585784E-7 1.38488505E-3 1.46867638E-3 4.07233788E-3  1.25849922E-3
0.625334501 2.51245499E-3 9.74073261E-3 3.22479609E-4 9.8849088E-3 9.16604884E-3 7.18860596E-4 4.18064792E-6 0 6.32953572E-7 1.71664179E-20 1.26609718E-3 1.51539753E-5 1.32377527E-5 6.04301363E-7 1.48037984E-7 1.22422399E-3 1.45599933E-3 3.86894634E-3  1.31682423E-3
0.630358458 2.51153111E-3 9.24655981E-3 3.13351746E-4 9.65541229E-3 8.95290449E-3 7.02508143E-4 4.14732858E-6 0 4.36172428E-7 1.42816319E-20 1.32916111E-3 1.53582041E-5 1.31683637E-5 5.99332679E-7 1.50760172E-7 1.08200393E-3 1.44353311E-3 3.68751097E-3  1.37683516E-3
0.635379493 2.50947475E-3 9.60024446E-3 3.15755373E-4 9.45126452E-3 8.76449887E-3 6.86765241E-4 4.11595056E-6 0 2.98416751E-7 1.17316199E-20 1.37812004E-3 1.56006936E-5 1.3111975E-5 5.94441531E-7 1.54086621E-7 9.58179706E-4 1.4312187E-3 3.52491508E-3  1.43818988E-3
0.640396476 2.5075078E-3 8.86310171E-3 3.05386988E-4 9.26449336E-3 8.59291479E-3 6.71578629E-4 4.08650521E-6 0 2.02633728E-7 9.52048534E-21 1.41065114E-3 1.58853782E-5 1.30697154E-5 5.89660146E-7 1.58050327E-7 8.51778197E-4 1.41901546E-3 3.37689347E-3  1.500585E-3
0.645410478 2.50649452E-3 8.95862468E-3 3.03234498E-4 9.08693485E-3 8.42997432E-3 6.56960765E-4 4.05936134E-6 0 1.36523369E-7 7.63690865E-21 1.42508419E-3 1.62173674E-5 1.3042717E-5 5.85012913E-7 1.62674326E-7 7.61177158E-4 1.40688487E-3 3.23867169E-3  1.56395265E-3
0.6504215 2.50452757E-3 8.92809592E-3 3.01485532E-4 8.91111046E-3 8.26824829E-3 6.42862404E-4 4.03476406E-6 0 9.12021321E-8 6.05908304E-21 1.42049533E-3 1.66030386E-5 1.30320923E-5 5.80518588E-7 1.67970015E-7 6.84416678E-4 1.39480026E-3 3.10560199E-3  1.62842439E-3
0.655428529 2.50250101E-3 8.28294363E-3 2.94256024E-4 8.73102807E-3 8.10177065E-3 6.29257585E-4 4.01299803E-6 0 0 4.75845785E-21 1.39680167E-3 1.70503699E-5 1.30389381E-5 5.76195077E-7 1.73932563E-7 6.19408325E-4 1.38274371E-3 2.97366478E-3 1.6943001E-3
0.660432518 2.50148773E-3 8.8704098E-3 2.96907907E-4 8.54274724E-3 7.92661775E-3 6.16129662E-4 3.99441797E-6 0 0 3.70187679E-21 1.35477015E-3 1.75696696E-5 1.30644476E-5 5.72057047E-7 1.80542685E-7 5.64052432E-4 1.37069798E-3 2.8397094E-3 1.76200632E-3
0.665433526 2.49949098E-3 8.0258036E-3 2.86394556E-4 8.34422279E-3 7.74076348E-3 6.03458902E-4 3.97947815E-6 0 0 2.85517039E-21 1.29596016E-3 1.81739797E-5 1.31097222E-5 5.68119731E-7 1.87765565E-7 5.16419415E-4 1.35865412E-3 2.70172907E-3 1.83198182E-3
0.670431018 2.49800086E-3 8.25013779E-3 2.84806854E-4 8.13550316E-3 7.54429772E-3 5.91205549E-4 3.96863379E-6 0 0 2.18525124E-21 1.22263457E-3 1.88797858E-5 1.31759161E-5 5.64400409E-7 1.95545525E-7 4.74823406E-4 1.34660734E-3 2.55891145E-3 1.90453662E-3
0.675425529 2.49651074E-3 8.11238214E-3 2.83267582E-4 7.91830383E-3 7.33892946E-3 5.79374726E-4 3.9625138E-6 0 0 1.66112942E-21 1.13756815E-3 1.97080735E-5 1.32403793E-5 5.60915453E-7 2.03814324E-7 4.37856972E-4 1.33455545E-3 2.41150521E-3 1.97976781E-3
0.680416524 2.49451399E-3 7.42937997E-3 2.74147256E-4 7.6956288E-3 7.12771434E-3 5.67914336E-4 3.96191717E-6 0 0 1.25526506E-21 1.04389212E-3 2.06853183E-5 1.33363574E-5 5.57686917E-7 2.12487009E-7 4.04419377E-4 1.32249994E-3 2.26071966E-3 2.05742964E-3
0.685404539 2.49350071E-3 8.03920906E-3 2.81063752E-4 7.47115212E-3 6.91431388E-3 5.56838349E-4 3.96761789E-6 0 0 9.43740277E-22 9.44858068E-4 2.18449859E-5 1.34597531E-5 5.54738108E-7 2.2146439E-7 3.73689109E-4 1.3104463E-3 2.10841326E-3 2.13685865E-3
0.690389514 2.49147415E-3 7.24312104E-3 2.66545598E-4 7.24866893E-3 6.70255348E-3 5.46115625E-4 3.98064822E-6 0 0 7.06427339E-22 8.43654503E-4 2.32292077E-5 1.36063391E-5 5.52095628E-7 2.30642698E-7 3.4509378E-4 1.29840279E-3 1.95685611E-3 2.2169475E-3
0.697860003 4.9790144E-3 6.58425828E-3 1.8251143E-4 6.92732399E-3 6.39663171E-3 5.30691934E-4 4.01741909E-6 0 0 4.59210801E-22 6.9471827E-4 2.58910932E-5 1.38759842E-5 5.48816047E-7 2.44516201E-7 3.05637368E-4 1.28037785E-3 1.7370194E-3 2.33430113E-3
0.705325961 2.486974E-3 6.43957965E-3 2.53884937E-4 6.62448723E-3 6.10858295E-3 5.1590387E-4 4.07434527E-6 0 0 2.90163261E-22 5.54556435E-4 2.93165394E-5 1.42001618E-5 5.46302886E-7 2.58212708E-7 2.69186567E-4 1.26242382E-3 1.53009314E-3 2.44392757E-3
0.710298479 2.48551369E-3 6.45807851E-3 2.51735881E-4 6.43739291E-3 5.93094761E-3 5.06445707E-4 4.12778718E-6 0 0 2.14393512E-22 4.69968538E-4 3.22576743E-5 1.44566511E-5 5.45197906E-7 2.67034522E-7 2.46809243E-4 1.25053036E-3 1.40377588E-3 2.50820909E-3
0.717751026 4.96700406E-3 6.10804837E-3 1.74090092E-4 6.17962657E-3 5.68678509E-3 4.92841471E-4 4.23493884E-6 0 0 1.36949345E-22 3.59481608E-4 3.80008933E-5 1.4912297E-5 5.4450544E-7 2.79502558E-7 2.16117754E-4 1.23285165E-3 1.23505259E-3 2.58530932E-3
0.727679491 4.96149063E-3 5.84425591E-3 1.6976145E-4 5.87071106E-3 5.39511582E-3 4.75595123E-4 4.42863711E-6 0 0 7.33193389E-23 2.40902707E-4 4.86108656E-5 1.56636215E-5 5.45379464E-7 2.9445215E-7 1.80041025E-4 1.20962469E-3 1.04638247E-3 2.6486218E-3
0.737596512 4.95550036E-3 5.41222468E-3 1.64113459E-4 5.59718208E-3 5.13782632E-3 4.59355651E-4 4.68966346E-6 0 0 3.85833036E-23 1.54872614E-4 6.3981628E-5 1.66397458E-5 5.48675359E-7 3.06998061E-7 1.49725209E-4 1.1869187E-3 8.99319188E-4 2.66082399E-3
0.747501969 4.95001674E-3 5.18437335E-3 1.60559604E-4 5.35402447E-3 4.90997545E-3 4.4404919E-4 5.02175999E-6 0 0 1.98760621E-23 9.6044605E-5 8.56406332E-5 1.79318067E-5 5.54697806E-7 3.16932329E-7 1.24829836E-4 1.16482633E-3 7.87817931E-4 2.62699067E-3
0.757396996 4.94498014E-3 4.95479535E-3 1.58371971E-4 5.14108129E-3 4.71148454E-3 4.29596665E-4 5.42331145E-6 0 0 9.9834852E-24 5.78125182E-5 1.14985276E-4 1.96835426E-5 5.63779736E-7 3.24292188E-7 1.0476121E-4 1.14339672E-3 7.03978178E-4 2.5605557E-3
0.767281532 4.93952632E-3 5.10852598E-3 1.57976217E-4 4.9614911E-3 4.54556057E-3 4.15930437E-4 5.8862488E-6 0 0 4.87350379E-24 3.39930666E-5 1.52805253E-4 2.2120279E-5 5.75412344E-7 3.2930501E-7 8.87956048E-5 1.12263742E-3 6.40013604E-4 2.47840467E-3
0.777155519 4.93448973E-3 4.83414065E-3 1.5300115E-4 4.81726648E-3 4.4142832E-3 4.0298322E-4 6.39600103E-6 0 0 2.30656598E-24 1.96356959E-5 1.98704365E-4 2.55933555E-5 5.89535205E-7 3.32319019E-7 7.6174947E-5 1.10251771E-3 5.89313975E-4 2.39502522E-3
0.787019491 4.92948294E-3 4.72126063E-3 1.51273343E-4 4.7052037E-3 4.31450177E-3 3.90702015E-4 6.93284983E-6 0 0 6.32647316E-25 1.11845366E-5 2.50612618E-4 3.06461116E-5 6.082102E-7 3.33732544E-7 6.62523089E-5 1.082959E-3 5.46952127E-4 2.31802021E-3
0.796873987 4.92501259E-3 4.49111406E-3 1.49870946E-4 4.61516902E-3 4.23613796E-3 3.79030884E-4 7.47355944E-6 0 0 0 6.29363603E-6 3.04505345E-4 3.80917991E-5 6.3121206E-7 3.33936015E-7 5.84818808E-5 1.06388493E-3 5.09653706E-4 2.246788E-3
0.806719542 4.92051244E-3 4.46781702E-3 1.48155901E-4 4.5318245E-3 4.16388782E-3 3.67936736E-4 7.99354166E-6 0 0 0 3.50211462E-6 3.54617572E-4 4.90872699E-5 6.59552313E-7 3.3327504E-7 5.24519455E-5 1.04523858E-3 4.75658162E-4 2.17434578E-3
0.8165555 4.91550565E-3 4.67212778E-3 1.4694265E-4 4.43886314E-3 4.08148766E-3 3.57375393E-4 8.4721014E-6 0 0 0 1.91983577E-6 3.94605915E-4 6.51612208E-5 6.94895903E-7 3.32037985E-7 4.78528927E-5 1.02692901E-3 4.44346719E-4 2.09117308E-3
0.826382518 4.91148233E-3 4.60196054E-3 1.46570397E-4 4.32436913E-3 3.97704728E-3 3.47322144E-4 8.89313742E-6 0 0 0 1.0314468E-6 4.18683689E-4 8.81587257E-5 7.39843756E-7 3.30442788E-7 4.45050027E-5 1.0089E-3 4.16110124E-4 1.98969478E-3
0.836201549 4.90751863E-3 4.1864072E-3 1.42075151E-4 4.1840896E-3 3.84635478E-3 3.3773476E-4 9.2465516E-6 0 0 0 5.41763029E-7 4.22969315E-4 1.20068005E-4 7.98513099E-7 3.28643466E-7 4.22934827E-5 9.91118373E-4 3.91901267E-4 1.86708895E-3
0.846011996 4.90295887E-3 3.97393061E-3 1.38943273E-4 4.0221503E-3 3.69356107E-3 3.28589143E-4 9.52899518E-6 0 0 0 2.77199121E-7 4.0651107E-4 1.62584431E-4 8.77297964E-7 3.26743333E-7 4.1113748E-5 9.73566435E-4 3.72757466E-4 1.7260178E-3
0.855814457 4.8995316E-3 3.83287738E-3 1.38177769E-4 3.84909846E-3 3.52925225E-3 3.19846062E-4 9.74253089E-6 0 0 0 1.37889913E-7 3.7157067E-4 2.16409913E-4 9.85948532E-7 3.2481671E-7 4.0829007E-5 9.5627713E-4 3.59360682E-4 1.57361373E-3
0.865609527 4.89547849E-3 3.25702899E-3 1.29419932E-4 3.67762614E-3 3.36613902E-3 3.1148718E-4 9.89366708E-6 0 0 0 6.66234854E-8 3.23170592E-4 2.80463399E-4 1.13918043E-6 3.22916037E-7 4.12271766E-5 9.39319609E-4 3.51557974E-4 1.41897774E-3
0.875396967 4.89202142E-3 3.47997155E-3 1.31733948E-4 3.51719931E-3 3.21370992E-3 3.03489302E-4 9.99207623E-6 0 0 0 1.85892368E-8 2.6764127E-4 3.51560244E-4 1.35979724E-6 3.21076868E-7 4.20091128E-5 9.22730193E-4 3.48091795E-4 1.26998581E-3
0.887620509 7.33149052E-3 2.9886351E-3 1.03409999E-4 3.33790132E-3 3.04393354E-3 2.93967867E-4 1.0055086E-5 0 0 0 0 1.98041816E-4 4.41181299E-4 1.79268022E-6 3.18924947E-7 4.29393731E-5 9.02615488E-4 3.46362067E-4 1.10062677E-3
0.90227598 7.32398033E-3 3.06290761E-3 1.01820951E-4 3.1409557E-3 2.85780011E-3 2.83155707E-4 1.00723491E-5 0 0 0 0 1.25731851E-4 5.30435878E-4 2.66989559E-6 3.16636971E-7 4.30366745E-5 8.79398722E-4 3.40659404E-4 9.25478525E-4
0.916917443 7.31751323E-3 2.98520573E-3 9.90890258E-5 2.93957861E-3 2.66660308E-3 2.72975332E-4 1.00480329E-5 0 0 0 0 7.28854575E-5 5.75406651E-4 4.20621245E-6 3.14838218E-7 4.11205328E-5 8.57316016E-4 3.23285465E-4 7.82019983E-4
0.931545973 7.31101632E-3 2.7656951E-3 9.62604026E-5 2.71355547E-3 2.45018327E-3 2.63372029E-4 1.00006837E-5 0 0 0 0 3.90627756E-5 5.61378198E-4 6.7709384E-6 3.13743811E-7 3.69527297E-5 8.3626539E-4 2.9092608E-4 6.68512832E-4
0.946162522 7.30550289E-3 2.55246903E-3 9.3109571E-5 2.46722787E-3 2.21294235E-3 2.54285493E-4 9.94159564E-6 0 0 0 0 1.96859291E-5 4.91995073E-4 1.07225142E-5 3.13639248E-7 3.11211952E-5 8.1613136E-4 2.46843556E-4 5.86187467E-4
0.960767984 7.29998946E-3 2.3007656E-3 8.96550555E-5 2.22641719E-3 1.9807457E-3 2.45671312E-4 9.87754356E-6 0 0 0 0 9.4999541E-6 3.87951673E-4 1.61732823E-5 3.14858909E-7 2.47267199E-5 7.96804321E-4 1.98766604E-4 5.36630861E-4
0.980223536 1.2155503E-2 1.84961583E-3 6.61217418E-5 1.96355232E-3 1.72868581E-3 2.34866457E-4 9.79078595E-6 0 0 0 0 3.57433419E-6 2.42628434E-4 2.49800942E-5 3.19304121E-7 1.71998399E-5 7.72042142E-4 1.42353412E-4 5.15797467E-4
1.00452447 1.21454895E-2 1.66969292E-3 6.43552194E-5 1.73858169E-3 1.5163332E-3 2.22248491E-4 9.68890345E-6 0 0 0 0 9.36441666E-7 1.07650842E-4 3.42480162E-5 3.29933556E-7 1.07790202E-5 7.42336153E-4 9.44710264E-5 5.15892811E-4
1.02880502 1.21349692E-2 1.64106407E-3 6.16947873E-5 1.5744837E-3 1.36396405E-3 2.10519574E-4 9.60786383E-6 0 0 0 0 2.20472145E-7 3.89280067E-5 3.58032157E-5 3.47259714E-7 7.41471695E-6 7.13826041E-4 6.94686896E-5 4.88347781E-4
1.05306494 1.21250153E-2 1.49204826E-3 6.00497988E-5 1.41464616E-3 1.21506734E-3 1.9957879E-4 9.57321936E-6 0 0 0 0 4.4851113E-8 1.22937472E-5 2.83083409E-5 3.72742676E-7 5.70628936E-6 6.86444633E-4 5.66410672E-5 4.15682414E-4
1.07731497 1.21250153E-2 1.26557425E-3 5.74369624E-5 1.2633506E-3 1.07395812E-3 1.89392391E-4 9.62436843E-6 0 0 0 0 4.79143569E-9 3.57535464E-6 1.70559379E-5 4.0468305E-7 4.62073285E-6 6.60261547E-4 4.82523428E-5 3.30158393E-4
1.10155499 1.21150017E-2 1.27993058E-3 5.67977149E-5 1.14098028E-3 9.6103031E-4 1.79949944E-4 9.80580262E-6 0 0 0 0 0 9.57854013E-7 8.02418708E-6 4.54471717E-7 3.73237094E-6 6.35356933E-4 4.1045485E-5 2.61653215E-4
1.12578499 1.21150017E-2 9.76779265E-4 5.34585233E-5 1.04738574E-3 8.761473E-4 1.71238455E-4 1.01520127E-5 0 0 0 0 0 2.28457864E-7 3.08607537E-6 5.43390854E-7 2.9510752E-6 6.11759664E-4 3.42721614E-5 2.1315449E-4
1.15002 1.21200085E-2 9.74809634E-4 5.30348989E-5 9.72383947E-4 8.09177E-4 1.63206976E-4 1.06824546E-5 0 0 0 0 0 4.68851802E-8 1.03351249E-6 7.34270202E-7 2.29044326E-6 5.89423871E-4 2.81030425E-5 1.76862508E-4
1.17425501 1.21150017E-2 8.65772949E-4 5.13009472E-5 9.09390568E-4 7.53596774E-4 1.55793794E-4 1.14216573E-5 0 0 0 0 0 2.97501823E-9 3.18355006E-7 1.19524589E-6 1.76583922E-6 5.6829676E-4 2.28314002E-5 1.47764527E-4
1.19849002 1.21200085E-2 7.82860676E-4 5.13726518E-5 8.5536699E-4 7.06439372E-4 1.48927604E-4 1.24097478E-5 0 0 0 0 0 0 9.10694808E-8 2.36693927E-6 1.37168161E-6 5.48303127E-4 1.86279649E-5 1.23268852E-4
1.22272992 1.21199489E-2 7.81701063E-4 4.99953167E-5 8.10274796E-4 6.6772534E-4 1.42549499E-4 1.36665003E-5 0 0 0 0 0 0 2.34742235E-8 5.29543695E-6 1.08988468E-6 5.29358571E-4 1.55485577E-5 1.02742895E-4
1.24697995 1.2130022E-2 7.50179519E-4 5.04041927E-5 7.79006223E-4 6.42382423E-4 1.36623785E-4 1.58444454E-5 0 0 0 0 0 0 5.27180344E-9 1.1857268E-5 9.02776435E-7 5.1137578E-4 1.36023573E-5 8.87945644E-5
1.271245 1.21350288E-2 7.69021164E-4 5.014622E-5 7.68093218E-4 6.36963989E-4 1.31129229E-4 2.02356732E-5 0 0 0 0 0 0 7.95832733E-10 2.37781605E-5 7.95502331E-7 4.94269072E-4 1.27501307E-5 8.51346631E-5
1.29552507 1.21449828E-2 7.14928668E-4 4.67801583E-5 7.7914499E-4 6.5311254E-4 1.26032406E-4 3.0457466E-5 0 0 0 0 0 0 0 3.96634096E-5 7.46085163E-7 4.77978465E-4 1.27341336E-5 9.15329947E-5
1.31981993 1.21499896E-2 8.58877145E-4 4.37214949E-5 8.06819822E-4 6.85535255E-4 1.21284604E-4 5.58245629E-5 0 0 0 0 0 0 0 5.28712517E-5 7.13784175E-7 4.62474418E-4 1.28726069E-5 1.00778612E-4
1.34413004 1.21600032E-2 8.69585259E-4 4.36611881E-5 8.54841899E-4 7.38016097E-4 1.16825788E-4 1.19800468E-4 0 0 0 0 0 0 0 5.52760612E-5 6.5146105E-7 4.47753177E-4 1.2286012E-5 1.0224893E-4
1.36845493 1.216501E-2 9.41312057E-4 4.43011741E-5 9.67975822E-4 8.55361111E-4 1.12614733E-4 2.74605205E-4 0 0 0 0 0 0 0 4.51174201E-5 5.40594613E-7 4.33816807E-4 1.05885701E-5 9.06925052E-5
1.39279997 1.21799707E-2 1.16657431E-3 4.65747507E-5 1.24346605E-3 1.13483984E-3 1.08626235E-4 6.05731097E-4 0 0 0 0 0 0 0 2.89660493E-5 4.05464789E-7 4.20608325E-4 8.23661503E-6 7.08922671E-5
1.41473496 9.75501537E-3 1.52755051E-3 5.59666041E-5 1.69834914E-3 1.59312878E-3 1.05220322E-4 1.10768655E-3 0 0 0 0 0 0 0 1.60097479E-5 2.95247901E-7 4.09263623E-4 6.21984873E-6 5.365381E-5
1.43180501 7.31503963E-3 1.97553635E-3 7.01064491E-5 2.17104238E-3 2.06834218E-3 1.02700084E-4 1.6095899E-3 0 0 0 0 0 0 0 9.03932323E-6 2.29137555E-7 4.00787947E-4 4.98483541E-6 4.37110102E-5
1.44400001 4.87995148E-3 2.25161994E-3 8.96228448E-5 2.52441061E-3 2.42343894E-3 1.00971774E-4 1.97962276E-3 0 0 0 0 0 0 0 5.72493082E-6 1.93140508E-7 3.94898321E-4 4.30804266E-6 3.86916836E-5
1.45376492 4.88501787E-3 2.67858547E-3 9.51585826E-5 2.77766492E-3 2.67802458E-3 9.9640245E-5 2.24404316E-3 0 0 0 0 0 0 0 3.90510331E-6 1.70444608E-7 3.90282978E-4 3.8809726E-6 3.57418903E-5
1.46353507 4.88501787E-3 3.2975832E-3 1.02711005E-4 2.97475629E-3 2.87640281E-3 9.835331E-5 2.45086383E-3 0 0 0 0 0 0 0 2.62613958E-6 1.52088404E-7 3.85755469E-4 3.53598466E-6 3.34695178E-5
1.47330499 4.88495827E-3 3.37347831E-3 1.03531202E-4 3.09264078E-3 2.99552502E-3 9.71155969E-5 2.57740519E-3 0 0 0 0 0 0 0 1.74573097E-6 1.37219104E-7 3.81309044E-4 3.25717747E-6 3.1670832E-5
1.48307991 4.89002466E-3 3.39700282E-3 1.03691083E-4 3.11616855E-3 3.0202386E-3 9.59297467E-5 2.60880846E-3 0 0 0 0 0 0 0 1.14889781E-6 1.25081343E-7 3.76936281E-4 3.03026718E-6 3.01896725E-5
1.49286008 4.89002466E-3 3.21848015E-3 1.016108E-4 3.0408164E-3 2.94601824E-3 9.47983644E-5 2.54075672E-3 0 0 0 0 0 0 0 7.48698767E-7 1.15037231E-7 3.72628594E-4 2.84316593E-6 2.89258678E-5
1.50264502 4.89497185E-3 2.85058399E-3 9.7048709E-5 2.87465495E-3 2.7809334E-3 9.37214645E-5 2.38142465E-3 0 0 0 0 0 0 0 4.8359351E-7 1.06604453E-7 3.68396955E-4 2.68672807E-6 2.78349362E-5
1.51243496 4.89497185E-3 2.92523298E-3 9.77704694E-5 2.6357465E-3 2.54304428E-3 9.27021028E-5 2.14895653E-3 0 0 0 0 0 0 0 3.0878104E-7 9.93430049E-8 3.64227541E-4 2.55260852E-6 2.689965E-5
1.5222249 4.89503145E-3 2.61768512E-3 9.3958166E-5 2.3489506E-3 2.25722184E-3 9.17286889E-5 1.86826149E-3 0 0 0 0 0 0 0 1.94545464E-7 9.29250987E-8 3.60117672E-4 2.4344813E-6 2.61206842E-5
1.53202009 4.90003824E-3 2.22417596E-3 8.86202688E-5 2.04080809E-3 1.95000786E-3 9.08000802E-5 1.56592263E-3 0 0 0 0 0 0 0 1.20602763E-7 8.70829098E-8 3.56056989E-4 2.32697971E-6 2.54936385E-5
1.54427004 7.34996796E-3 1.64438342E-3 6.54758405E-5 1.66492164E-3 1.57523714E-3 8.9684574E-5 1.19693961E-3 0 0 0 0 0 0 0 6.54901555E-8 8.03175695E-8 3.51052615E-4 2.2014633E-6 2.48976048E-5
1.56387997 1.22600198E-2 1.18403591E-3 4.59736912E-5 1.16598257E-3 1.07805349E-3 8.7929031E-5 7.08592765E-4 0 0 0 0 0 0 0 2.37563036E-8 7.01801E-8 3.43215477E-4 2.00668069E-6 2.41446851E-5
1.58841491 1.22749209E-2 7.012274E-4 4.02956975E-5 7.58527487E-4 6.72861352E-4 8.56661063E-5 3.14369274E-4 0 0 0 0 0 0 0 5.61355717E-9 5.82151714E-8 3.33698146E-4 1.75763E-6 2.29725028E-5
1.61297488 1.22850537E-2 6.27888425E-4 3.90546338E-5 5.54015918E-4 4.70764586E-4 8.32513615E-5 1.23524049E-4 0 0 0 0 0 0 0 3.99364708E-10 4.72218566E-8 3.24564811E-4 1.5020986E-6 2.11259867E-5
1.63756001 1.23000145E-2 4.45753249E-4 3.63060281E-5 4.61707386E-4 3.80967278E-4 8.07401011E-5 4.49709223E-5 0 0 0 0 0 0 0 0 3.75797491E-8 3.15839919E-4 1.25628219E-6 1.88625872E-5
1.66216993 1.23099685E-2 4.47793165E-4 3.93733862E-5 4.18974611E-4 3.40737111E-4 7.82374991E-5 1.53761939E-5 0 0 0 0 0 0 0 0 2.95361406E-8 3.07497539E-4 1.03960826E-6 1.67942198E-5
1.6868 1.23200417E-2 4.25387174E-4 3.94946546E-5 3.96372576E-4 3.20554827E-4 7.58177484E-5 4.84797511E-6 0 0 0 0 0 0 0 0 2.31512516E-8 2.99504085E-4 8.63581363E-7 1.5316029E-5
1.7114501 1.23299956E-2 4.39327996E-4 3.92690345E-5 3.81989492E-4 3.08475632E-4 7.35138601E-5 1.36984545E-6 0 0 0 0 0 0 0 0 1.82931519E-8 2.91831442E-4 7.29950386E-7 1.45261065E-5
1.73612499 1.23449564E-2 3.64614214E-4 3.83319784E-5 3.71375441E-4 2.9999172E-4 7.13837435E-5 3.40810544E-7 0 0 0 0 0 0 0 0 1.47119801E-8 2.84490059E-4 6.36546872E-7 1.45095637E-5
1.76081991 1.23500228E-2 3.89055669E-4 3.77392535E-5 3.63238825E-4 2.93655554E-4 6.95832714E-5 4.39093562E-8 0 0 0 0 0 0 0 0 1.2128452E-8 2.77501676E-4 5.81123629E-7 1.55167254E-5
1.7855351 1.23650432E-2 3.02119442E-4 3.73759576E-5 3.57531826E-4 2.89160816E-4 6.83710241E-5 0 0 0 0 0 0 0 0 0 1.02797619E-8 2.7084208E-4 5.5867622E-7 1.77497623E-5
1.81027007 1.23699903E-2 4.20000259E-4 3.88340231E-5 3.53734184E-4 2.85777816E-4 6.795636E-5 0 0 0 0 0 0 0 0 0 8.89868979E-9 2.64401111E-4 5.54556379E-7 2.08132569E-5
1.83502507 1.23850107E-2 3.3390295E-4 3.8957809E-5 3.50208749E-4 2.81943125E-4 6.826561E-5 0 0 0 0 0 0 0 0 0 7.7126856E-9 2.58023327E-4 5.43129772E-7 2.33689498E-5
1.8598001 1.23899579E-2 3.49038834E-4 3.99516066E-5 3.44677275E-4 2.75825907E-4 6.88513755E-5 0 0 0 0 0 0 0 0 0 6.52205756E-9 2.51631369E-4 4.99908595E-7 2.36880951E-5
1.8845849 1.23949647E-2 3.55797703E-4 4.10531138E-5 3.35891091E-4 2.66777643E-4 6.91134628E-5 0 0 0 0 0 0 0 0 0 5.29456523E-9 2.45320844E-4 4.2055413E-7 2.10309427E-5
1.90938997 1.24100447E-2 3.65859043E-4 4.12464433E-5 3.2476295E-4 2.56055733E-4 6.87072243E-5 0 0 0 0 0 0 0 0 0 4.1446313E-9 2.39269852E-4 3.25311049E-7 1.64564171E-5
1.93421006 1.24099851E-2 3.08941002E-4 4.12524132E-5 3.13433993E-4 2.45725329E-4 6.77086864E-5 0 0 0 0 0 0 0 0 0 3.19821325E-9 2.33588376E-4 2.40580988E-7 1.18931657E-5
1.95904493 1.24250054E-2 4.28336905E-4 4.18997661E-5 3.03405977E-4 2.37002445E-4 6.64035251E-5 0 0 0 0 0 0 0 0 0 2.48797893E-9 2.28248842E-4 1.79110785E-7 8.57200212E-6
1.98389494 1.24249458E-2 2.71050812E-4 4.14461319E-5 2.94934754E-4 2.29908954E-4 6.50258153E-5 0 0 0 0 0 0 0 0 0 1.97102978E-9 2.23172377E-4 1.38952331E-7 6.5956483E-6
2.00875497 1.2435019E-2 4.11734887E-4 4.21048644E-5 2.87618313E-4 2.23931769E-4 6.36865516E-5 0 0 0 0 0 0 0 0 0 1.58861413E-9 2.18300076E-4 1.12925584E-7 5.51718222E-6
2.03362989 1.24399662E-2 3.40242899E-4 4.15886861E-5 2.81047542E-4 2.18615343E-4 6.24321838E-5 0 0 0 0 0 0 0 0 0 1.29728239E-9 2.13602834E-4 9.52253814E-8 4.91599849E-6
2.05851507 1.24450922E-2 3.13662866E-4 4.18310265E-5 2.7502267E-4 2.13725725E-4 6.12969379E-5 0 0 0 0 0 0 0 0 0 1.07080722E-9 2.09070204E-4 8.26307271E-8 4.57183023E-6
2.08341002 1.24499798E-2 3.06208647E-4 4.20169417E-5 2.6950083E-4 2.09167629E-4 6.03331937E-5 0 0 0 0 0 0 0 0 0 8.92435903E-10 2.04697659E-4 7.33667136E-8 4.39571477E-6
2.10831499 1.24549866E-2 3.10972275E-4 4.15254544E-5 2.64500675E-4 2.04881275E-4 5.96193895E-5 0 0 0 0 0 0 0 0 0 7.49418028E-10 2.00484268E-4 6.60610127E-8 4.33020568E-6
2.13322496 1.24549866E-2 3.08498391E-4 4.33412715E-5 2.60062894E-4 2.00790659E-4 5.92722499E-5 0 0 0 0 0 0 0 0 0 6.31257935E-10 1.9642897E-4 5.94781433E-8 4.30158116E-6
2.15814495 1.24651194E-2 2.37124608E-4 4.32965753E-5 2.56258616E-4 1.96803783E-4 5.94548328E-5 0 0 0 0 0 0 0 0 0 5.30615329E-10 1.92521285E-4 5.28583861E-8 4.22910125E-6
2.18307495 1.24648809E-2 2.43241011E-4 4.44551224E-5 2.53188045E-4 1.92837237E-4 6.03508161E-5 0 0 0 0 0 0 0 0 0 4.43877685E-10 1.88729246E-4 4.6172012E-8 4.06136814E-6
2.20800996 1.24700069E-2 2.32097358E-4 4.70185914E-5 2.50918209E-4 1.88832622E-4 6.20855863E-5 0 0 0 0 0 0 0 0 0 3.69655306E-10 1.84992794E-4 3.98180262E-8 3.79963171E-6
2.23295498 1.24750137E-2 1.94145337E-4 4.8646405E-5 2.49377685E-4 1.84758232E-4 6.4619453E-5 0 0 0 0 0 0 0 0 0 3.06516035E-10 1.81234704E-4 3.40884334E-8 3.48913682E-6
2.25790501 1.24748945E-2 2.36397187E-4 5.24707648E-5 2.48261029E-4 1.80619158E-4 6.7641864E-5 0 0 0 0 0 0 0 0 0 2.5239269E-10 1.77402355E-4 2.89614057E-8 3.18759385E-6
2.28285503 1.24751329E-2 2.19888636E-4 5.5323475E-5 2.47066666E-4 1.76475238E-4 7.05914135E-5 0 0 0 0 0 0 0 0 0 2.0556265E-10 1.73510678E-4 2.43065781E-8 2.94004667E-6
2.30781007 1.24800205E-2 2.36067805E-4 5.71159544E-5 2.45302799E-4 1.72442509E-4 7.28602899E-5 0 0 0 0 0 0 0 0 0 1.65470651E-10 1.69642793E-4 2.0125583E-8 2.77943195E-6
2.33277512 1.24849081E-2 2.26626973E-4 6.11112773E-5 2.42702896E-4 1.68658822E-4 7.4044081E-5 0 0 0 0 0 0 0 0 0 1.32210881E-10 1.65901118E-4 1.65392748E-8 2.74102808E-6
2.35774493 1.24850273E-2 2.27752171E-4 5.98006081E-5 2.39284185E-4 1.65224847E-4 7.40593314E-5 0 0 0 0 0 0 0 0 0 1.05562108E-10 1.62354991E-4 1.36271394E-8 2.85612668E-6
2.38271499 1.24850273E-2 1.55577625E-4 6.05506357E-5 2.35224274E-4 1.62149692E-4 7.30745815E-5 0 0 0 0 0 0 0 0 0 8.46866327E-11 1.59029063E-4 1.13440732E-8 3.10919245E-6
2.4076848 1.24849081E-2 2.56175408E-4 5.99584673E-5 2.30731763E-4 1.59321979E-4 7.14097841E-5 0 0 0 0 0 0 0 0 0 6.84577534E-11 1.55916612E-4 9.56016333E-9 3.39574285E-6
2.43265986 1.24900341E-2 2.97268241E-4 6.00752355E-5 2.25962416E-4 1.56540758E-4 6.94216578E-5 0 0 0 0 0 0 0 0 0 5.57822989E-11 1.5298721E-4 8.13173617E-9 3.54536201E-6
2.45763993 1.24900341E-2 2.13344465E-4 5.68546602E-5 2.21028196E-4 1.53626286E-4 6.74019102E-5 0 0 0 0 0 0 0 0 0 4.5754709E-11 1.50197768E-4 6.94715352E-9 3.42151702E-6
2.48262501 1.24950409E-2 1.96857509E-4 5.75011509E-5 2.1604517E-4 1.50533437E-4 6.55117328E-5 0 0 0 0 0 0 0 0 0 3.76967103E-11 1.47508239E-4 5.93984772E-9 3.01922432E-6
2.50761008 1.24900341E-2 2.11568506E-4 5.728416E-5 2.11168517E-4 1.47364859E-4 6.38036727E-5 0 0 0 0 0 0 0 0 0 3.11306189E-11 1.44893216E-4 5.07667863E-9 2.46652644E-6
2.53259516 1.24950409E-2 9.84355502E-5 5.46330921E-5 2.06533208E-4 1.44274469E-4 6.22587322E-5 0 0 0 0 0 0 0 0 0 2.57310978E-11 1.42340854E-4 4.34035519E-9 1.92924222E-6
2.55758524 1.24949217E-2 2.82878871E-4 5.59133659E-5 2.02204406E-4 1.41363707E-4 6.08407063E-5 0 0 0 0 0 0 0 0 0 2.12693144E-11 1.39847863E-4 3.7155905E-9 1.51210077E-6
2.58257508 1.24950409E-2 2.18321045E-4 5.55349834E-5 1.98168884E-4 1.38653006E-4 5.95158781E-5 0 0 0 0 0 0 0 0 0 1.75797675E-11 1.37416937E-4 3.18643334E-9 1.23285986E-6
2.60756493 1.24949217E-2 2.03941192E-4 5.43540154E-5 1.94390203E-4 1.36111921E-4 5.82782668E-5 0 0 0 0 0 0 0 0 0 1.45320587E-11 1.35051334E-4 2.73722889E-9 1.05784773E-6
2.63255501 1.24950409E-2 3.18501807E-5 5.42185189E-5 1.90846869E-4 1.33701222E-4 5.71456476E-5 0 0 0 0 0 0 0 0 0 1.20195832E-11 1.32753004E-4 2.35486075E-9 9.45844533E-7
2.65754509 1.24950409E-2 2.07151941E-4 5.4829954E-5 1.87541053E-4 1.3138901E-4 5.61520428E-5 0 0 0 0 0 0 0 0 0 9.95000263E-12 1.30518471E-4 2.0284292E-9 8.6850099E-7
2.68253994 1.24999285E-2 1.97253758E-4 5.53185746E-5 1.84474295E-4 1.29150794E-4 5.53234931E-5 0 0 0 0 0 0 0 0 0 8.24213527E-12 1.28337939E-4 1.74864012E-9 8.11106304E-7
2.70753503 1.24950409E-2 2.71816243E-4 5.51594676E-5 1.81616284E-4 1.26968152E-4 5.46481388E-5 0 0 0 0 0 0 0 0 0 6.82727876E-12 1.2619952E-4 1.5076842E-9 7.67111601E-7
2.73253012 1.24999285E-2 1.69528386E-4 5.65441878E-5 1.78893883E-4 1.24827013E-4 5.40668625E-5 0 0 0 0 0 0 0 0 0 5.64930828E-12 1.24092418E-4 1.29912459E-9 7.33299885E-7
2.75752497 1.24950409E-2 1.52992026E-4 5.57388266E-5 1.76207934E-4 1.22722413E-4 5.34855171E-5 0 0 0 0 0 0 0 0 0 4.66573741E-12 1.22014419E-4 1.11813414E-9 7.06875028E-7
2.78252006 1.25000477E-2 1.4003762E-4 5.38277091E-5 1.7346711E-4 1.2065826E-4 5.28088494E-5 0 0 0 0 0 0 0 0 0 3.84579001E-12 1.19973301E-4 9.61260849E-10 6.83995324E-7
2.80751991 1.24999285E-2 2.04575466E-4 5.34979154E-5 1.70629239E-4 1.1864226E-4 5.19869791E-5 0 0 0 0 0 0 0 0 0 3.1660848E-12 1.17981501E-4 8.25811475E-10 6.59930208E-7
2.832515 1.24950409E-2 1.23483551E-4 5.33019411E-5 1.67712889E-4 1.16681687E-4 5.10311984E-5 0 0 0 0 0 0 0 0 0 2.60677656E-12 1.16050207E-4 7.09379555E-10 6.30769534E-7
2.85751009 1.24999285E-2 1.56099268E-4 5.21775764E-5 1.64764875E-4 1.14777074E-4 4.99878042E-5 0 0 0 0 0 0 0 0 0 2.14829738E-12 1.14181064E-4 6.09478079E-10 5.9540082E-7
2.88250995 1.25000477E-2 1.84789576E-4 5.45406328E-5 1.61839678E-4 1.12926347E-4 4.89133272E-5 0 0 0 0 0 0 0 0 0 1.7726827E-12 1.12369817E-4 5.23856347E-10 5.56005318E-7
2.90751004 1.25000477E-2 8.81169835E-5 5.44061477E-5 1.58977389E-4 1.11127738E-4 4.78496513E-5 0 0 0 0 0 0 0 0 0 1.46448045E-12 1.10610825E-4 4.50574467E-10 5.16466173E-7
2.9325099 1.24999285E-2 1.13828261E-4 5.4590244E-5 1.56204216E-4 1.09379376E-4 4.68248363E-5 0 0 0 0 0 0 0 0 0 1.21099365E-12 1.08898763E-4 3.87889304E-10 4.80222695E-7
2.95750999 1.25000477E-2 1.82814052E-4 5.44239847E-5 1.53535642E-4 1.07678992E-4 4.58566537E-5 0 0 0 0 0 0 0 0 0 1.00209164E-12 1.07229469E-4 3.3420261E-10 4.49181755E-7
2.98251009 1.24999285E-2 -6.79637333E-6 5.39097273E-5 1.50975262E-4 1.0602369E-4 4.49515646E-5 0 0 0 0 0 0 0 0 0 8.29577943E-13 1.05599436E-4 2.88069707E-10 4.23963883E-7
3.00750494 1.24950409E-2 1.3467262E-4 5.28683086E-5 1.47583341E-4 1.04411323E-4 4.31720109E-5 0 0 0 0 0 0 0 0 0 6.86958736E-13 1.04006482E-4 2.48308346E-10 4.04596989E-7
3.03250003 1.25000477E-2 7.68891841E-5 5.28183955E-5 1.42526827E-4 1.02839236E-4 3.96875876E-5 0 0 0 0 0 0 0 0 0 5.68917797E-13 1.02448452E-4 2.13969523E-10 3.90569483E-7
3.05749989 1.24999285E-2 1.28833679E-4 5.15752508E-5 1.37799376E-4 1.01304184E-4 3.6495192E-5 0 0 0 0 0 0 0 0 0 4.71169653E-13 1.00923855E-4 1.84314564E-10 3.80142382E-7
3.08249998 1.25000477E-2 9.15035853E-5 5.20695685E-5 1.33420152E-4 9.98016912E-5 3.3618453E-5 0 0 0 0 0 0 0 0 0 3.90238812E-13 9.94317015E-5 1.58744101E-10 3.69829053E-7
3.10750008 1.24999285E-2 1.29257824E-4 5.17900844E-5 1.29345266E-4 9.83255086E-5 3.10197647E-5 0 0 0 0 0 0 0 0 0 3.23205519E-13 9.79701435E-5 1.36720094E-10 3.55230867E-7
3.13249993 1.25000477E-2 1.378577E-4 5.11408507E-5 1.25535516E-4 9.68704262E-5 2.8665092E-5 0 0 0 0 0 0 0 0 0 2.6765531E-13 9.65370491E-5 1.17758525E-10 3.33260033E-7
3.15750003 1.25000477E-2 1.64222787E-4 5.2078376E-5 1.21953832E-4 9.54347488E-5 2.65190829E-5 0 0 0 0 0 0 0 0 0 2.21578832E-13 9.51305192E-5 1.01423335E-10 3.04125393E-7
3.18249989 1.24999285E-2 8.53072925E-5 5.13894629E-5 1.18570882E-4 9.4021023E-5 2.45498577E-5 0 0 0 0 0 0 0 0 0 1.83343127E-13 9.37496297E-5 8.73404404E-11 2.71309119E-7
3.20749998 1.25000477E-2 3.097429E-5 5.15637948E-5 1.1536682E-4 9.26349167E-5 2.27319015E-5 0 0 0 0 0 0 0 0 0 1.51624603E-13 9.23953703E-5 7.51978549E-11 2.39471717E-7
3.23250008 1.24999285E-2 1.0632167E-4 5.19024725E-5 1.12326488E-4 9.12811447E-5 2.10453436E-5 0 0 0 0 0 0 0 0 0 1.25341943E-13 9.10690651E-5 6.47351478E-11 2.12012466E-7
3.25749993 1.25000477E-2 1.72939428E-4 5.01388677E-5 1.09442641E-4 8.99627994E-5 1.94798449E-5 0 0 0 0 0 0 0 0 0 1.03604008E-13 8.97727004E-5 5.57330918E-11 1.90042513E-7
3.28250003 1.25000477E-2 1.57539078E-4 5.09119236E-5 1.06709107E-4 8.86800262E-5 1.80290826E-5 0 0 0 0 0 0 0 0 0 8.56518361E-14 8.85070767E-5 4.79971375E-11 1.72902304E-7
3.30749989 1.24999285E-2 8.5431835E-5 5.15106221E-5 1.04121049E-4 8.74312682E-5 1.66897753E-5 0 0 0 0 0 0 0 0 0 7.08406654E-14 8.72719611E-5 4.13538127E-11 1.59271877E-7
3.33249998 1.25000477E-2 2.70005166E-5 4.98260706E-5 1.01672384E-4 8.62136803E-5 1.54586978E-5 0 0 0 0 0 0 0 0 0 5.86206973E-14 8.60656874E-5 3.56473358E-11 1.47956939E-7
3.35750008 1.24999285E-2 1.62091936E-4 5.00544847E-5 9.93540816E-5 8.50243596E-5 1.43297229E-5 0 0 0 0 0 0 0 0 0 4.85297837E-14 8.48861819E-5 3.07405837E-11 1.38147072E-7
3.38249993 1.25000477E-2 1.70882951E-4 5.09335005E-5 9.71559784E-5 8.38603955E-5 1.32955838E-5 0 0 0 0 0 0 0 0 0 4.01868954E-14 8.37309999E-5 2.65158277E-11 1.29363102E-7
3.40750003 1.25000477E-2 1.45697297E-4 5.1346582E-5 9.50659305E-5 8.27194744E-5 1.23464597E-5 0 0 0 0 0 0 0 0 0 3.32788267E-14 8.25981115E-5 2.287282E-11 1.21336669E-7
3.43249989 1.24999285E-2 5.72813587E-5 5.17261069E-5 9.30723836E-5 8.16000538E-5 1.14723307E-5 0 0 0 0 0 0 0 0 0 2.75529806E-14 8.14861196E-5 1.97282121E-11 1.13915824E-7
3.45749998 1.25000477E-2 1.73712047E-4 5.127033E-5 9.11655079E-5 8.05014934E-5 1.06640164E-5 0 0 0 0 0 0 0 0 0 2.28050577E-14 8.0394464E-5 1.70127228E-11 1.07014372E-7
3.48250008 1.24999285E-2 7.78446265E-5 5.04134259E-5 8.93373945E-5 7.94240332E-5 9.91336674E-6 0 0 0 0 0 0 0 0 0 1.88693004E-14 7.93234212E-5 1.46685945E-11 1.00594832E-7
3.50749993 1.25000477E-2 -2.53399721E-5 5.11159706E-5 8.75837432E-5 7.83684736E-5 9.21526407E-6 0 0 0 0 0 0 0 0 0 1.56105597E-14 7.82738061E-5 1.26472565E-11 9.46565706E-8
3.53250003 1.25000477E-2 2.61854948E-5 5.09735473E-5 8.59013089E-5 7.73352876E-5 8.56601855E-6 0 0 0 0 0 0 0 0 0 1.29148198E-14 7.72460771E-5 1.09058812E-11 8.92042209E-8
3.55749989 1.24999285E-2 6.92814501E-5 5.11053149E-5 8.42880327E-5 7.63245553E-5 7.96347103E-6 0 0 0 0 0 0 0 0 0 1.06871697E-14 7.62403433E-5 9.40706367E-12 8.42052756E-8
3.58249998 1.25000477E-2 9.45924403E-5 4.93568441E-5 8.27414115E-5 7.53354761E-5 7.40592986E-6 0 0 0 0 0 0 0 0 0 8.84668654E-15 7.52559135E-5 8.11715539E-12 7.95560027E-8
3.60750008 1.24999285E-2 4.26571642E-5 4.98053814E-5 8.12576982E-5 7.43668643E-5 6.89083708E-6 0 0 0 0 0 0 0 0 0 7.32544755E-15 7.42917546E-5 7.00649608E-12 7.51024771E-8
3.63249993 1.25000477E-2 -7.54955618E-5 5.05786375E-5 7.9833153E-5 7.34174973E-5 6.41565885E-6 0 0 0 0 0 0 0 0 0 6.06743549E-15 7.3346775E-5 6.04957837E-12 7.0714897E-8
3.65750003 1.25000477E-2 1.85382814E-4 4.92801701E-5 7.84635995E-5 7.24864512E-5 5.97715234E-6 0 0 0 0 0 0 0 0 0 5.02613046E-15 7.242008E-5 5.22438516E-12 6.63623396E-8
3.68249989 1.24999285E-2 5.19229325E-5 5.10106875E-5 7.71455452E-5 7.1573224E-5 5.57232488E-6 0 0 0 0 0 0 0 0 0 4.16399279E-15 7.15110873E-5 4.51253835E-12 6.21294234E-8
3.70749998 1.25000477E-2 1.36622664E-4 4.92187792E-5 7.58763344E-5 7.06776409E-5 5.19869036E-6 0 0 0 0 0 0 0 0 0 3.45005964E-15 7.06194842E-5 3.89831743E-12 5.81583848E-8
3.73250008 1.24999285E-2 8.3082632E-5 4.99609669E-5 7.46529913E-5 6.97992655E-5 4.85372129E-6 0 0 0 0 0 0 0 0 0 2.85879443E-15 6.97447031E-5 3.36823126E-12 5.45637064E-8
3.75749993 1.25000477E-2 4.37281196E-5 4.86876997E-5 7.34731148E-5 6.89376466E-5 4.53546863E-6 0 0 0 0 0 0 0 0 0 2.3691376E-15 6.8886271E-5 2.91070206E-12 5.13760412E-8
3.78250003 1.25000477E-2 7.74650034E-5 4.93598818E-5 7.23334379E-5 6.80918383E-5 4.24159725E-6 0 0 0 0 0 0 0 0 0 1.96336774E-15 6.80433004E-5 2.51554138E-12 4.85351563E-8
3.80749989 1.24999285E-2 4.95274035E-5 4.8601607E-5 7.12306864E-5 6.72609458E-5 3.96974292E-6 0 0 0 0 0 0 0 0 0 1.62699867E-15 6.721502E-5 2.17410139E-12 4.59225653E-8
3.83249998 1.25000477E-2 4.68172257E-5 4.79916562E-5 7.01619501E-5 6.6444336E-5 3.71761075E-6 0 0 0 0 0 0 0 0 0 1.34804298E-15 6.64009276E-5 1.87895923E-12 4.34047323E-8
3.85750008 1.24999285E-2 2.1096077E-5 4.82534633E-5 6.91245732E-5 6.56417105E-5 3.48286494E-6 0 0 0 0 0 0 0 0 0 1.11669129E-15 6.56008342E-5 1.62383052E-12 4.08745287E-8
3.88249993 1.25000477E-2 -7.04380582E-5 4.75680936E-5 6.81170422E-5 6.48531714E-5 3.26387067E-6 0 0 0 0 0 0 0 0 0 9.24929379E-16 6.48148853E-5 1.4033966E-12 3.82832539E-8
3.90750003 1.25000477E-2 1.19388096E-4 4.78442053E-5 6.71379676E-5 6.40787548E-5 3.05920867E-6 0 0 0 0 0 0 0 0 0 7.66051145E-16 6.40431026E-5 1.21300832E-12 3.56527785E-8
3.93249989 1.24999285E-2 5.23446288E-5 4.69989354E-5 6.6186476E-5 6.33185555E-5 2.86792351E-6 0 0 0 0 0 0 0 0 0 6.34488452E-16 6.32854935E-5 1.04863481E-12 3.30609566E-8
3.95749998 1.25000477E-2 9.227806E-5 4.87667821E-5 6.52617819E-5 6.25724279E-5 2.68935082E-6 0 0 0 0 0 0 0 0 0 5.2557775E-16 6.25418252E-5 9.06742942E-13 3.06023722E-8
3.98250008 1.24999285E-2 9.00063169E-5 4.8060243E-5 6.43629901E-5 6.18402264E-5 2.52276641E-6 0 0 0 0 0 0 0 0 0 4.35427292E-16 6.18118793E-5 7.84254768E-13 2.83473849E-8
4.00749969 1.25000477E-2 4.7654059E-5 4.66581769E-5 6.34892422E-5 6.11215582E-5 2.36768688E-6 0 0 0 0 0 0 0 0 0 3.60810969E-16 6.10952338E-5 6.78507543E-13 2.63213931E-8
4.03250027 1.25000477E-2 7.43445999E-5 4.77038957E-5 6.26393157E-5 6.04159104E-5 2.22340532E-6 0 0 0 0 0 0 0 0 0 2.99033944E-16 6.03914013E-5 5.87175436E-13 2.45104967E-8
4.05749989 1.25000477E-2 9.12364194E-5 4.84849552E-5 6.18117629E-5 5.97225699E-5 2.08919323E-6 0 0 0 0 0 0 0 0 0 2.47856002E-16 5.9699687E-5 5.08238037E-13 2.28809327E-8
4.08249998 1.24998093E-2 5.0367049E-5 4.77817921E-5 6.10051138E-5 5.90409691E-5 1.96414544E-6 0 0 0 0 0 0 0 0 0 2.05436605E-16 5.90195705E-5 4.39969784E-13 2.13979447E-8
4.10750008 1.25000477E-2 7.23524863E-5 4.98249428E-5 6.02181353E-5 5.83706678E-5 1.84747091E-6 0 0 0 0 0 0 0 0 0 1.70260266E-16 5.83506298E-5 3.80896622E-13 2.00344523E-8
4.13249969 1.25000477E-2 4.18453637E-5 4.86245517E-5 5.94498488E-5 5.77116007E-5 1.73824958E-6 0 0 0 0 0 0 0 0 0 1.4109131E-16 5.76928251E-5 3.29777655E-13 1.87720808E-8
4.15750027 1.25000477E-2 -2.68843214E-5 4.82040195E-5 5.86996975E-5 5.70638076E-5 1.63589073E-6 0 0 0 0 0 0 0 0 0 1.16911114E-16 5.70462107E-5 2.85552669E-13 1.75984063E-8
4.18249989 1.25000477E-2 5.37581691E-5 4.7842037E-5 5.79673506E-5 5.64273869E-5 1.53996541E-6 0 0 0 0 0 0 0 0 0 9.68736759E-17 5.64108814E-5 2.47304754E-13 1.65043446E-8
4.20749998 1.24998093E-2 4.76127861E-5 4.8673126E-5 5.72523568E-5 5.58022257E-5 1.45013018E-6 0 0 0 0 0 0 0 0 0 8.02749271E-17 5.57867425E-5 2.1423572E-13 1.54826978E-8
4.23250008 1.25000477E-2 7.42138145E-5 4.83190015E-5 5.65541959E-5 5.51880075E-5 1.36618644E-6 0 0 0 0 0 0 0 0 0 6.65230428E-17 5.51734811E-5 1.85640633E-13 1.45272754E-8
4.25749969 1.25000477E-2 2.45629417E-5 4.88779697E-5 5.58719512E-5 5.4584234E-5 1.28771478E-6 0 0 0 0 0 0 0 0 0 5.51258306E-17 5.45706025E-5 1.60904737E-13 1.36326772E-8
4.28250027 1.25000477E-2 1.24094076E-4 4.75550114E-5 5.5204775E-5 5.39904213E-5 1.21435255E-6 0 0 0 0 0 0 0 0 0 4.56744981E-17 5.39776265E-5 1.39493804E-13 1.2794243E-8
4.30749989 1.25000477E-2 5.25459109E-5 4.77815556E-5 5.4551936E-5 5.34062492E-5 1.14568559E-6 0 0 0 0 0 0 0 0 0 3.78351618E-17 5.33942439E-5 1.20952808E-13 1.20080257E-8
4.33249998 1.24998093E-2 2.8004888E-5 4.7280013E-5 5.39128523E-5 5.28315359E-5 1.08131451E-6 0 0 0 0 0 0 0 0 0 3.13340781E-17 5.28202654E-5 1.0489284E-13 1.12708785E-8
4.35750008 1.25000477E-2 6.17165256E-7 4.70627856E-5 5.32871636E-5 5.22661758E-5 1.02098977E-6 0 0 0 0 0 0 0 0 0 2.5946621E-17 5.22555929E-5 9.09815571E-14 1.05804316E-8
4.38249969 1.25000477E-2 -2.40705849E-5 4.77366157E-5 5.26744807E-5 5.17100816E-5 9.64397145E-7 0 0 0 0 0 0 0 0 0 2.14863953E-17 5.17001463E-5 7.89323305E-14 9.93474369E-9
4.40750027 1.25000477E-2 -2.60878405E-5 4.86981335E-5 5.20743306E-5 5.11629951E-5 9.11334837E-7 0 0 0 0 0 0 0 0 0 1.77958479E-17 5.11536637E-5 6.84937675E-14 9.33157018E-9
4.43249989 1.25000477E-2 1.15982388E-4 4.84016709E-5 5.14861822E-5 5.0624607E-5 8.61577462E-7 0 0 0 0 0 0 0 0 0 1.47425108E-17 5.06158394E-5 5.94472456E-14 8.76786643E-9
4.45749998 1.24998093E-2 6.40975632E-5 4.9418144E-5 5.09094425E-5 5.00945789E-5 8.14864791E-7 0 0 0 0 0 0 0 0 0 1.22157619E-17 5.00863389E-5 5.16039881E-14 8.23963653E-9
4.48250008 1.25000477E-2 4.21986842E-5 4.94668238E-5 5.03436713E-5 4.95726745E-5 7.70996678E-7 0 0 0 0 0 0 0 0 0 1.01233978E-17 4.95649329E-5 4.4800877E-14 7.74240583E-9
4.50749969 1.25000477E-2 -1.40128332E-5 4.99532362E-5 4.9788483E-5 4.90587845E-5 7.29700048E-7 0 0 0 0 0 0 0 0 0 8.39032539E-18 4.90515122E-5 3.88998322E-14 7.27226857E-9
4.53250027 1.25000477E-2 1.20634169E-4 4.92006402E-5 4.92436848E-5 4.85528799E-5 6.90805336E-7 0 0 0 0 0 0 0 0 0 6.95452265E-18 4.8546055E-5 3.37814663E-14 6.82669343E-9
4.55749989 1.25000477E-2 2.83488316E-6 4.95629756E-5 4.8709051E-5 4.80548879E-5 6.54164296E-7 0 0 0 0 0 0 0 0 0 5.76485909E-18 4.80484814E-5 2.93422106E-14 6.40478159E-9
4.58249998 1.24998093E-2 6.83153485E-5 4.95583263E-5 4.81843781E-5 4.75647357E-5 6.1964289E-7 0 0 0 0 0 0 0 0 0 4.77921342E-18 4.75587294E-5 2.54922883E-14 6.00680927E-9
4.60750008 1.25000477E-2 2.97294973E-5 4.76796959E-5 4.76693858E-5 4.70822306E-5 5.87156137E-7 0 0 0 0 0 0 0 0 0 3.96247762E-18 4.70765954E-5 2.21528914E-14 5.63325386E-9
4.63249969 1.25000477E-2 2.33403425E-5 4.69926308E-5 4.71637213E-5 4.66071724E-5 5.56549082E-7 0 0 0 0 0 0 0 0 0 3.28550122E-18 4.66018864E-5 1.9255334E-14 5.28405097E-9
4.65750027 1.25000477E-2 9.38915982E-5 4.90606835E-5 4.66670463E-5 4.61393392E-5 5.27708096E-7 0 0 0 0 0 0 0 0 0 2.72428978E-18 4.61343807E-5 1.67404271E-14 4.95829289E-9
4.68249989 1.25000477E-2 -1.13881515E-6 4.60121555E-5 4.61790769E-5 4.56785674E-5 5.00508065E-7 0 0 0 0 0 0 0 0 0 2.2589494E-18 4.56739144E-5 1.45569168E-14 4.65434269E-9
4.70749998 1.24998093E-2 4.24595819E-5 4.77590511E-5 4.56995731E-5 4.52247477E-5 4.74824901E-7 0 0 0 0 0 0 0 0 0 1.87312651E-18 4.52203785E-5 1.26608827E-14 4.37020464E-9
4.73250008 1.25000477E-2 1.05054445E-4 4.75941561E-5 4.52284112E-5 4.47778184E-5 4.50590107E-7 0 0 0 0 0 0 0 0 0 1.55322806E-18 4.47737148E-5 1.1014232E-14 4.10385859E-9
4.75749969 1.25000477E-2 6.53575535E-6 4.69863407E-5 4.47654129E-5 4.43377176E-5 4.27697557E-7 0 0 0 0 0 0 0 0 0 1.28802092E-18 4.43338613E-5 9.58408547E-15 3.85353971E-9
4.78250027 1.25000477E-2 6.41854131E-5 4.71979147E-5 4.43104218E-5 4.39043324E-5 4.06090237E-7 0 0 0 0 0 0 0 0 0 1.06818113E-18 4.39007163E-5 8.34186846E-15 3.61787E-9
4.80749989 1.25000477E-2 4.08821033E-5 4.62169482E-5 4.38632051E-5 4.34774993E-5 3.85704908E-7 0 0 0 0 0 0 0 0 0 8.85911056E-19 4.3474105E-5 7.26252148E-15 3.39584871E-9
4.83249998 1.24998093E-2 5.98490769E-5 4.52219865E-5 4.34234971E-5 4.30570326E-5 3.66466196E-7 0 0 0 0 0 0 0 0 0 7.34793896E-19 4.30538457E-5 6.32447907E-15 3.1868026E-9
4.85750008 1.25000477E-2 8.33768427E-5 4.58079412E-5 4.29910979E-5 4.2642776E-5 3.48324022E-7 0 0 0 0 0 0 0 0 0 6.09480169E-19 4.26397855E-5 5.50895491E-15 2.99022962E-9
4.88249969 1.25000477E-2 -9.22661002E-6 4.70430277E-5 4.25658E-5 4.22346093E-5 3.31188744E-7 0 0 0 0 0 0 0 0 0 5.05552421E-19 4.22318044E-5 4.79975709E-15 2.80568324E-9
4.90750027 1.25000477E-2 6.25222674E-5 4.77323847E-5 4.21475124E-5 4.18325035E-5 3.15006957E-7 0 0 0 0 0 0 0 0 0 4.19381915E-19 4.18298732E-5 4.18302943E-15 2.63269961E-9
4.93249989 1.25000477E-2 1.16300753E-5 4.58406794E-5 4.17361007E-5 4.14363712E-5 2.99730715E-7 0 0 0 0 0 0 0 0 0 3.47931191E-19 4.14338974E-5 3.6466149E-15 2.47070808E-9
4.95749998 1.24998093E-2 7.80312839E-5 4.66675156E-5 4.13314265E-5 4.10461143E-5 2.8531349E-7 0 0 0 0 0 0 0 0 0 2.88692186E-19 4.10437933E-5 3.17999758E-15 2.31907271E-9
4.98250008 1.25000477E-2 -4.64778623E-7 4.73367108E-5 4.09332497E-5 4.06615181E-5 2.71730386E-7 0 0 0 0 0 0 0 0 0 2.39569936E-19 4.06593426E-5 2.77393698E-15 2.17709828E-9
5.00749969 1.25000477E-2 1.69339255E-5 4.75675733E-5 4.05412866E-5 4.02823644E-5 2.58920124E-7 0 0 0 0 0 0 0 0 0 1.98821184E-19 4.02803198E-5 2.42036848E-15 2.04409978E-9
5.03250027 1.25000477E-2 3.1212152E-5 4.6435227E-5 4.01552643E-5 3.99084274E-5 2.46836152E-7 0 0 0 0 0 0 0 0 0 1.65008664E-19 3.99065066E-5 2.11234538E-15 1.91944016E-9
5.05749989 1.25000477E-2 -1.51366712E-5 4.86709214E-5 3.97749827E-5 3.95395582E-5 2.35425532E-7 0 0 0 0 0 0 0 0 0 1.36943447E-19 3.95377574E-5 1.84387616E-15 1.80253312E-9
5.08249998 1.24998093E-2 -1.88268696E-5 4.83269723E-5 3.94002891E-5 3.91756548E-5 2.24633155E-7 0 0 0 0 0 0 0 0 0 1.13643398E-19 3.91739632E-5 1.6097985E-15 1.69283665E-9
5.10750008 1.25000477E-2 -4.2070973E-5 4.74942135E-5 3.90310634E-5 3.88166372E-5 2.14425469E-7 0 0 0 0 0 0 0 0 0 9.43015237E-20 3.88150474E-5 1.40568135E-15 1.58985758E-9
5.13249969 1.25000477E-2 7.19771997E-5 4.81637799E-5 3.86671527E-5 3.84624072E-5 2.04747337E-7 0 0 0 0 0 0 0 0 0 7.82457477E-20 3.8460912E-5 1.2276544E-15 1.49314383E-9
5.15750027 1.25000477E-2 5.43047281E-5 4.70085433E-5 3.83084043E-5 3.81128411E-5 1.95562905E-7 0 0 0 0 0 0 0 0 0 6.49195385E-20 3.81114369E-5 1.07235525E-15 1.40229406E-9
5.18249989 1.25000477E-2 1.03078943E-4 4.82454852E-5 3.795464E-5 3.7767808E-5 1.86832906E-7 0 0 0 0 0 0 0 0 0 5.38575875E-20 3.7766491E-5 9.3683538E-16 1.31694466E-9
5.20749998 1.24998093E-2 2.83009122E-5 4.64908553E-5 3.76057142E-5 3.74271985E-5 1.78515819E-7 0 0 0 0 0 0 0 0 0 4.46740829E-20 3.74259616E-5 8.1853463E-16 1.23676192E-9
5.23250008 1.25000477E-2 -1.70679432E-5 4.75171146E-5 3.72615832E-5 3.70909984E-5 1.70586503E-7 0 0 0 0 0 0 0 0 0 3.70517719E-20 3.70898379E-5 7.15258602E-16 1.16144372E-9
5.25749969 1.25000477E-2 9.87091844E-5 4.69748775E-5 3.69222507E-5 3.67592402E-5 1.63007812E-7 0 0 0 0 0 0 0 0 0 3.07256174E-20 3.67581524E-5 6.25090622E-16 1.09070386E-9
5.28250027 1.25000477E-2 3.15404286E-5 4.76672794E-5 3.65878041E-5 3.64320404E-5 1.55765008E-7 0 0 0 0 0 0 0 0 0 2.54777752E-20 3.64310145E-5 5.46385114E-16 1.02429043E-9
5.30749989 1.25000477E-2 5.20927169E-5 4.89708036E-5 3.62583269E-5 3.6109479E-5 1.48848898E-7 0 0 0 0 0 0 0 0 0 2.11268084E-20 3.61085185E-5 4.77702812E-16 9.61971947E-10
5.33249998 1.24998093E-2 8.68749266E-5 5.02467592E-5 3.59338555E-5 3.57915997E-5 1.42253754E-7 0 0 0 0 0 0 0 0 0 1.75208421E-20 3.57906974E-5 4.17772081E-16 9.03526531E-10
5.35750008 1.25000477E-2 9.30329043E-5 5.23721319E-5 3.56143137E-5 3.5478326E-5 1.35985488E-7 0 0 0 0 0 0 0 0 0 1.45333033E-20 3.54774784E-5 3.65473911E-16 8.48728532E-10
5.38249969 1.25000477E-2 6.00946805E-5 5.22041555E-5 3.52995448E-5 3.51695162E-5 1.30031154E-7 0 0 0 0 0 0 0 0 0 1.20577286E-20 3.51687195E-5 3.19815421E-16 7.97339306E-10
5.40750027 1.25000477E-2 5.69076474E-5 5.35335712E-5 3.49893417E-5 3.48649592E-5 1.24383675E-7 0 0 0 0 0 0 0 0 0 1.00055678E-20 3.48642097E-5 2.79929619E-16 7.49115991E-10
5.43249989 1.25000477E-2 1.30034141E-5 5.44715695E-5 3.46835259E-5 3.45644985E-5 1.190283E-7 0 0 0 0 0 0 0 0 0 8.30403305E-21 3.45637964E-5 2.4507379E-16 7.03833103E-10
5.45749998 1.24998093E-2 2.72691777E-5 5.38841887E-5 3.43819374E-5 3.42679923E-5 1.13946449E-7 0 0 0 0 0 0 0 0 0 6.89241056E-21 3.42673302E-5 2.14601647E-16 6.61285304E-10
5.48250008 1.25000477E-2 -1.05013351E-5 5.26502372E-5 3.40844999E-5 3.39753715E-5 1.09128415E-7 0 0 0 0 0 0 0 0 0 5.7211212E-21 3.39747494E-5 1.8796209E-16 6.21301233E-10
5.50749969 1.25000477E-2 8.90818483E-5 5.35184954E-5 3.3791137E-5 3.36865851E-5 1.04553507E-7 0 0 0 0 0 0 0 0 0 4.74919165E-21 3.36859994E-5 1.6467636E-16 5.83732451E-10
5.53250027 1.25000477E-2 3.91323993E-5 5.07465556E-5 3.35018012E-5 3.34015895E-5 1.00212269E-7 0 0 0 0 0 0 0 0 0 3.94264088E-21 3.34010401E-5 1.44323482E-16 5.48441792E-10
5.55749989 1.25000477E-2 -1.11119516E-5 5.00462447E-5 3.32164091E-5 3.31203155E-5 9.60944107E-8 0 0 0 0 0 0 0 0 0 3.27339602E-21 3.31198025E-5 1.26533673E-16 5.1529736E-10
5.58249998 1.24998093E-2 4.87857287E-5 4.81614989E-5 3.29348113E-5 3.28426249E-5 9.21876904E-8 0 0 0 0 0 0 0 0 0 2.71796666E-21 3.28421411E-5 1.10977456E-16 4.84165708E-10
5.60750008 1.25000477E-2 6.26053297E-5 5.03596275E-5 3.26568552E-5 3.25683686E-5 8.84856135E-8 0 0 0 0 0 0 0 0 0 2.25683265E-21 3.25679139E-5 9.73648094E-17 4.5491752E-10
5.63249969 1.25000477E-2 5.5157765E-5 4.95259701E-5 3.23823842E-5 3.22974156E-5 8.49689314E-8 0 0 0 0 0 0 0 0 0 1.87395607E-21 3.22969863E-5 8.54455669E-17 4.27434782E-10
5.65750027 1.25000477E-2 2.3064933E-5 4.94065862E-5 3.21112675E-5 3.20296422E-5 8.1624691E-8 0 0 0 0 0 0 0 0 0 1.55584E-21 3.2029242E-5 7.49992419E-17 4.01605083E-10
5.68249989 1.25000477E-2 -3.06666043E-5 4.98053887E-5 3.18434431E-5 3.17650047E-5 7.84377505E-8 0 0 0 0 0 0 0 0 0 1.29156851E-21 3.17646263E-5 6.58405195E-17 3.77330889E-10
5.70749998 1.24998093E-2 7.79902803E-6 5.01162758E-5 3.15788966E-5 3.15035031E-5 7.53931602E-8 0 0 0 0 0 0 0 0 0 1.07203183E-21 3.15031502E-5 5.78083575E-17 3.54520496E-10
5.73250008 1.25000477E-2 6.51179362E-5 4.8856291E-5 3.13176424E-5 3.12451557E-5 7.24839211E-8 0 0 0 0 0 0 0 0 0 8.89691516E-22 3.12448246E-5 5.07635316E-17 3.33088251E-10
5.75749969 1.25000477E-2 6.49687572E-5 4.98670997E-5 3.10597243E-5 3.09900279E-5 6.96973288E-8 0 0 0 0 0 0 0 0 0 7.38325441E-22 3.0989715E-5 4.45857762E-17 3.12956605E-10
5.78250027 1.25000477E-2 8.56631668E-5 5.04960917E-5 3.08051785E-5 3.07381488E-5 6.70294469E-8 0 0 0 0 0 0 0 0 0 6.12714551E-22 3.07378541E-5 3.91689144E-17 2.94052172E-10
5.80749989 1.25000477E-2 2.38501379E-5 4.92773615E-5 3.05539943E-5 3.04895166E-5 6.44767724E-8 0 0 0 0 0 0 0 0 0 5.08512866E-22 3.04892401E-5 3.44195478E-17 2.76305423E-10
5.83249998 1.24998093E-2 4.77018475E-5 5.0725539E-5 3.03061279E-5 3.02440931E-5 6.20359515E-8 0 0 0 0 0 0 0 0 0 4.22091627E-22 3.0243833E-5 3.02551831E-17 2.59648136E-10
5.85750008 1.25000477E-2 1.10879751E-4 5.09398851E-5 3.00614702E-5 3.00017618E-5 5.97078014E-8 0 0 0 0 0 0 0 0 0 3.50398231E-22 3.00015181E-5 2.66021748E-17 2.44009979E-10
5.88249969 1.25000477E-2 2.4635021E-5 5.2353007E-5 2.98198938E-5 2.97624083E-5 5.74849608E-8 0 0 0 0 0 0 0 0 0 2.90920037E-22 2.97621791E-5 2.33965174E-17 2.29323255E-10
5.90750027 1.25000477E-2 -7.62004106E-7 5.18953275E-5 2.95812533E-5 2.95258906E-5 5.53633726E-8 0 0 0 0 0 0 0 0 0 2.41553273E-22 2.95256741E-5 2.05816201E-17 2.15522059E-10
5.93249989 1.25000477E-2 1.04993931E-4 5.44888208E-5 2.93454032E-5 2.92920668E-5 5.33363504E-8 0 0 0 0 0 0 0 0 0 2.00559946E-22 2.92918648E-5 1.81082757E-17 2.02546313E-10
5.95749998 1.24998093E-2 -1.18131509E-4 5.50531695E-5 2.91122706E-5 2.9060875E-5 5.13955705E-8 0 0 0 0 0 0 0 0 0 1.66514174E-22 2.90606858E-5 1.59341853E-17 1.90344213E-10
5.98250008 1.25000477E-2 7.67312849E-6 5.4897042E-5 2.88818119E-5 2.88322753E-5 4.9536947E-8 0 0 0 0 0 0 0 0 0 1.38232223E-22 2.88320971E-5 1.40224898E-17 1.78869627E-10
6.00749969 1.25000477E-2 1.26594832E-5 5.29205499E-5 2.86540271E-5 2.86062768E-5 4.77514916E-8 0 0 0 0 0 0 0 0 0 1.14739642E-22 2.86061077E-5 1.23413635E-17 1.6808191E-10
6.03250027 1.25000477E-2 5.89597621E-5 5.39475623E-5 2.84289799E-5 2.83829431E-5 4.60358933E-8 0 0 0 0 0 0 0 0 0 9.52307647E-23 2.83827849E-5 1.08631951E-17 1.57944463E-10
6.05749989 1.25000477E-2 -6.7543202E-5 5.33725979E-5 2.82067358E-5 2.81623488E-5 4.4387896E-8 0 0 0 0 0 0 0 0 0 7.90368892E-23 2.81621997E-5 9.56382585E-18 1.48423218E-10
6.08249998 1.24998093E-2 -2.15521941E-5 5.28496275E-5 2.79873493E-5 2.7944543E-5 4.28059792E-8 0 0 0 0 0 0 0 0 0 6.56005369E-23 2.7944403E-5 8.42192783E-18 1.39485798E-10
6.10750008 1.25000477E-2 -3.51395865E-5 5.29380814E-5 2.77708205E-5 2.77295294E-5 4.12928394E-8 0 0 0 0 0 0 0 0 0 5.44560465E-23 2.77293966E-5 7.41856022E-18 1.31101074E-10
6.13249969 1.25000477E-2 4.0895804E-5 5.13777595E-5 2.75570928E-5 2.75172479E-5 3.98462632E-8 0 0 0 0 0 0 0 0 0 4.52131084E-23 2.75171242E-5 6.53679148E-18 1.2323885E-10
6.15750027 1.25000477E-2 4.27796876E-5 5.2597934E-5 2.73460319E-5 2.73075657E-5 3.84663039E-8 0 0 0 0 0 0 0 0 0 3.75470496E-23 2.73074493E-5 5.76162357E-18 1.15870952E-10
6.18249989 1.25000477E-2 1.39699468E-5 5.39911744E-5 2.71374793E-5 2.710033E-5 3.71505955E-8 0 0 0 0 0 0 0 0 0 3.118571E-23 2.71002209E-5 5.07969588E-18 1.08972199E-10
6.20749998 1.24998093E-2 -4.78153779E-5 5.25073592E-5 2.69312513E-5 2.68953572E-5 3.58944838E-8 0 0 0 0 0 0 0 0 0 2.59035447E-23 2.68952554E-5 4.47929634E-18 1.02522442E-10
6.23250008 1.25000477E-2 8.2826642E-5 5.13717423E-5 2.67272208E-5 2.66925272E-5 3.46945832E-8 0 0 0 0 0 0 0 0 0 2.15155675E-23 2.66924308E-5 3.95033212E-18 9.6508232E-11
6.25749969 1.25000477E-2 6.34834141E-5 5.30390753E-5 2.65253002E-5 2.64917562E-5 3.35431558E-8 0 0 0 0 0 0 0 0 0 1.78687866E-23 2.64916653E-5 3.48405579E-18 9.0920424E-11
6.28250027 1.25000477E-2 5.59705077E-5 5.38006716E-5 2.63254697E-5 2.62930353E-5 3.24356577E-8 0 0 0 0 0 0 0 0 0 1.48370884E-23 2.62929498E-5 3.07291456E-18 8.57494215E-11
6.30749989 1.25000477E-2 3.50187111E-5 5.23702074E-5 2.61277964E-5 2.6096428E-5 3.13679429E-8 0 0 0 0 0 0 0 0 0 1.23174398E-23 2.60963479E-5 2.71044794E-18 8.09779951E-11
6.33249998 1.24998093E-2 9.24728156E-5 5.37648593E-5 2.59323624E-5 2.59020253E-5 3.03369134E-8 0 0 0 0 0 0 0 0 0 1.02241217E-23 2.59019489E-5 2.39098624E-18 7.65724983E-11
6.35750008 1.25000477E-2 3.55732918E-5 5.43656861E-5 2.57392712E-5 2.57099273E-5 2.93433313E-8 0 0 0 0 0 0 0 0 0 8.48626743E-24 2.57098563E-5 2.10955975E-18 7.24790852E-11
6.38249969 1.25000477E-2 2.32266775E-5 5.45388357E-5 2.55485902E-5 2.55202049E-5 2.83857631E-8 0 0 0 0 0 0 0 0 0 7.04424468E-24 2.55201358E-5 1.86170976E-18 6.86262505E-11
6.40750027 1.25000477E-2 -9.57438751E-5 5.52913989E-5 2.53603394E-5 2.53328726E-5 2.74659779E-8 0 0 0 0 0 0 0 0 0 5.84816865E-24 2.53328089E-5 1.64344575E-18 6.49363896E-11
6.43249989 1.25000477E-2 -4.88371479E-5 5.5288634E-5 2.51744841E-5 2.51478996E-5 2.65851092E-8 0 0 0 0 0 0 0 0 0 4.85645295E-24 2.51478377E-5 1.45121621E-18 6.13424658E-11
6.45749998 1.24998093E-2 -2.48616416E-5 5.42053822E-5 2.49909135E-5 2.49651712E-5 2.57432013E-8 0 0 0 0 0 0 0 0 0 4.03400787E-24 2.4965113E-5 1.28182379E-18 5.78028979E-11
6.48250008 1.25000477E-2 4.21704635E-6 5.57934618E-5 2.48094639E-5 2.47845219E-5 2.49411212E-8 0 0 0 0 0 0 0 0 0 3.35162228E-24 2.47844673E-5 1.13244252E-18 5.43099454E-11
6.50749969 1.25000477E-2 1.69936484E-5 5.62719724E-5 2.46299569E-5 2.46057807E-5 2.41754687E-8 0 0 0 0 0 0 0 0 0 2.78509118E-24 2.46057298E-5 1.00060141E-18 5.08871868E-11
6.53250027 1.25000477E-2 -1.13898686E-5 5.61023808E-5 2.44522344E-5 2.44287912E-5 2.34437678E-8 0 0 0 0 0 0 0 0 0 2.31428025E-24 2.44287439E-5 8.84138098E-19 4.75774871E-11
6.55749989 1.25000477E-2 2.75182083E-5 5.60257613E-5 2.42762235E-5 2.42534807E-5 2.27423556E-8 0 0 0 0 0 0 0 0 0 1.92286502E-24 2.4253437E-5 7.81220235E-19 4.44279648E-11
6.58249998 1.24998093E-2 -2.33009687E-5 5.73461584E-5 2.41019079E-5 2.40798399E-5 2.20673577E-8 0 0 0 0 0 0 0 0 0 1.59733023E-24 2.40797981E-5 6.90256165E-19 4.14757187E-11
6.60750008 1.25000477E-2 7.39395327E-5 5.82176363E-5 2.3929344E-5 2.39079272E-5 2.14172822E-8 0 0 0 0 0 0 0 0 0 1.32659169E-24 2.39078872E-5 6.09872407E-19 3.87405594E-11
6.63249969 1.25000477E-2 8.21004287E-5 5.88295661E-5 2.3758641E-5 2.37378517E-5 2.07893223E-8 0 0 0 0 0 0 0 0 0 1.10156054E-24 2.37378154E-5 5.38877357E-19 3.62244054E-11
6.65750027 1.25000477E-2 1.69927098E-5 6.09120907E-5 2.35898715E-5 2.3569688E-5 2.0183391E-8 0 0 0 0 0 0 0 0 0 9.14616378E-25 2.35696534E-5 4.76201416E-19 3.3914975E-11
6.68249989 1.25000477E-2 3.42362982E-5 5.99698833E-5 2.34230592E-5 2.34034596E-5 1.95996659E-8 0 0 0 0 0 0 0 0 0 7.59385315E-25 2.34034287E-5 4.20880585E-19 3.17919753E-11
6.70749998 1.24998093E-2 4.86007957E-5 5.99500054E-5 2.32581679E-5 2.32391303E-5 1.9037973E-8 0 0 0 0 0 0 0 0 0 6.3054441E-25 2.32390994E-5 3.72048184E-19 2.98327509E-11
6.73250008 1.25000477E-2 4.32070483E-5 6.1228784E-5 2.309507E-5 2.30765709E-5 1.84991116E-8 0 0 0 0 0 0 0 0 0 5.23554213E-25 2.30765436E-5 3.28908027E-19 2.80155916E-11
6.75749969 1.25000477E-2 7.01670615E-6 6.30285649E-5 2.29336456E-5 2.29156649E-5 1.79808666E-8 0 0 0 0 0 0 0 0 0 4.34689969E-25 2.29156394E-5 2.90767091E-19 2.63223783E-11
6.78250027 1.25000477E-2 6.69055153E-5 6.16484176E-5 2.27737601E-5 2.27562778E-5 1.74817796E-8 0 0 0 0 0 0 0 0 0 3.60816596E-25 2.27562541E-5 2.5701016E-19 2.47384977E-11
6.80749989 1.25000477E-2 -2.35027092E-5 6.3238047E-5 2.26153443E-5 2.25983458E-5 1.69995928E-8 0 0 0 0 0 0 0 0 0 2.99377373E-25 2.25983222E-5 2.27115336E-19 2.32529551E-11
6.83249998 1.24998093E-2 3.45461704E-5 6.25991524E-5 2.24583928E-5 2.24418618E-5 1.65317324E-8 0 0 0 0 0 0 0 0 0 2.48282038E-25 2.244184E-5 2.00641472E-19 2.185758E-11
6.85750008 1.25000477E-2 6.20909268E-5 6.54368123E-5 2.23029419E-5 2.22868639E-5 1.60774061E-8 0 0 0 0 0 0 0 0 0 2.05803074E-25 2.22868439E-5 1.77209888E-19 2.05461117E-11
6.88249969 1.25000477E-2 -1.39434065E-4 6.48303248E-5 2.21490554E-5 2.21334194E-5 1.56346829E-8 0 0 0 0 0 0 0 0 0 1.70513641E-25 2.21334012E-5 1.56492775E-19 1.93135195E-11
6.90750027 1.25000477E-2 -1.10136156E-4 6.53838943E-5 2.19967878E-5 2.19815847E-5 1.52035433E-8 0 0 0 0 0 0 0 0 0 1.41232578E-25 2.19815665E-5 1.38201744E-19 1.81556437E-11
6.93249989 1.25000477E-2 -9.33631454E-5 6.85289342E-5 2.18461628E-5 2.18313799E-5 1.47842778E-8 0 0 0 0 0 0 0 0 0 1.16959944E-25 2.18313617E-5 1.22072394E-19 1.70685202E-11
6.95749998 1.24998093E-2 -2.42608003E-5 6.41937077E-5 2.16971584E-5 2.16827812E-5 1.43772008E-8 0 0 0 0 0 0 0 0 0 9.6852675E-26 2.16827648E-5 1.07861159E-19 1.60481715E-11
6.98250008 1.25000477E-2 -8.14957311E-5 6.51645532E-5 2.1549713E-5 2.15357286E-5 1.39836462E-8 0 0 0 0 0 0 0 0 0 8.02050968E-26 2.1535714E-5 9.53456712E-20 1.50907672E-11
