#
# Keck ESI Spectrum of Quasar J0836+0054, z=5.774
#
# Source: Fan et al. 2001, AJ, 122, 2833
#         provided by the authors
#
# Wavelengths: 3901-10926 Angstroms
#
# wave - wavelength in Agnstroms
# flam - Flux in scaled F-lambda units
# sig - uncertainty on flam
wave          flam     sig
3901.92883759 -2.58992 10.7465
3905.72793404 -5.03361 9.38909
3909.52703049 -8.61941 7.5935
3913.32612693 -2.98439 6.21118
3917.12522338 0.0592497 5.12027
3920.92431983 -0.355703 4.26396
3924.72341628 -0.698343 3.5939
3928.52251273 -0.511314 3.06759
3932.32160917 0.705788 2.63443
3936.12070562 1.06113 2.28043
3939.91980207 0.835366 1.9866
3943.71889852 -0.0932906 1.7532
3947.51799496 -1.07985 1.55599
3951.31709141 -1.5126 1.39412
3955.11618786 -0.645654 1.25451
3958.91528431 0.918806 1.13204
3962.71438076 0.896966 1.02774
3966.5134772 0.0590802 0.935891
3970.31257365 0.308494 0.862086
3974.1116701 0.619596 0.793828
3977.91076655 0.517367 0.734582
3981.709863 0.63063 0.677652
3985.50895944 0.136389 0.627544
3989.30805589 -0.473722 0.58322
3993.10715234 -0.537085 0.545137
3996.90624879 -0.322187 0.511117
4000.70534524 -0.0295365 0.480325
4004.50444168 0.194087 0.452
4008.30353813 0.23305 0.425841
4012.10263458 0.14661 0.401703
4015.90173103 0.241237 0.38055
4019.70082748 0.336202 0.360771
4023.49992392 0.186234 0.342468
4027.29902037 0.062395 0.325546
4031.09811682 0.058195 0.311032
4034.89721327 -0.0674369 0.298108
4038.69630971 -0.278389 0.286243
4042.49540616 -0.154772 0.274674
4046.29450261 0.253438 0.264288
4050.09359906 0.377248 0.254461
4053.89269551 0.160118 0.24566
4057.69179195 0.0336148 0.237245
4061.4908884 0.102187 0.229089
4065.28998485 0.125308 0.222417
4069.0890813 0.118787 0.215289
4072.88817775 0.124748 0.209888
4076.68727419 0.142454 0.203346
4080.48637064 0.141341 0.198349
4084.28546709 0.0394256 0.192922
4088.08456354 0.0615759 0.188383
4091.88365999 0.10448 0.183983
4095.68275643 -0.0641059 0.179442
4099.48185288 -0.131249 0.176264
4103.28094933 0.0118354 0.173071
4107.08004578 0.188703 0.169955
4110.87914223 0.17719 0.166308
4114.67823867 0.0308735 0.163156
4118.47733512 0.0821123 0.160774
4122.27643157 0.163674 0.158484
4126.07552802 0.0595409 0.15594
4129.87462446 0.0346673 0.15332
4133.67372091 0.0926236 0.151173
4137.47281736 0.0401329 0.14888
4141.27191381 -0.0177532 0.147392
4145.07101026 -0.0478872 0.145711
4148.8701067 -0.0468226 0.144587
4152.66920315 -0.0550822 0.143463
4156.4682996 -0.0996611 0.142823
4160.26739605 -0.0650076 0.142755
4164.0664925 -0.00309686 0.142916
4167.86558894 0.0369665 0.14262
4171.66468539 0.0481532 0.141367
4175.46378184 0.0352805 0.140579
4179.26287829 -0.0865989 0.140132
4183.06197474 -0.23123 0.140725
4186.86107118 -0.143746 0.141065
4190.66016763 0.000918411 0.142234
4194.45926408 0.0756341 0.143193
4198.25836053 0.0828471 0.144767
4202.05745697 -0.012795 0.145851
4205.85655342 -0.0452898 0.147858
4209.65564987 -0.0426792 0.149485
4213.45474632 -0.101566 0.151821
4217.25384277 -0.0163196 0.15371
4221.05293921 0.120991 0.155426
4224.85203566 0.146862 0.157135
4228.65113211 0.199028 0.15935
4232.45022856 0.228548 0.161572
4236.24932501 0.207337 0.163638
4240.04842145 0.0735994 0.165266
4243.8475179 0.00310644 0.167357
4247.64661435 0.0816742 0.169331
4251.4457108 -0.0356671 0.171315
4255.24480725 -0.133364 0.173205
4259.04390369 -0.0295416 0.174399
4262.84300014 0.0664715 0.175309
4266.64209659 0.0589871 0.175098
4270.44119304 -0.0915082 0.175539
4274.24028949 -0.330732 0.175115
4278.03938593 -0.419963 0.174868
4281.83848238 -0.257637 0.173791
4285.63757883 -0.0709431 0.172465
4289.43667528 -0.109124 0.171448
4293.23577172 -0.164326 0.16917
4297.03486817 -0.146273 0.166666
4300.83396462 -0.315109 0.16323
4304.63306107 -0.216917 0.160885
4308.43215752 0.0896436 0.158483
4312.23125396 0.0424767 0.15673
4316.03035041 0.0149034 0.153925
4319.82944686 0.14651 0.150469
4323.62854331 0.191591 0.146875
4327.42763976 0.163264 0.143293
4331.2267362 0.0800725 0.140383
4335.02583265 -0.0363757 0.136942
4338.8249291 0.0307114 0.134428
4342.62402555 0.209794 0.132029
4346.423122 0.122701 0.130841
4350.22221844 0.0464849 0.128891
4354.02131489 0.161637 0.127353
4357.82041134 0.0697967 0.124744
4361.61950779 -0.038734 0.122656
4365.41860424 0.0156584 0.120806
4369.21770068 -0.0693498 0.11826
4373.01679713 -0.307235 0.116318
4376.81589358 -0.367875 0.113934
4380.61499003 -0.0115023 0.11181
4384.41408647 0.416034 0.11006
4388.21318292 0.307414 0.10846
4392.01227937 -0.132846 0.107302
4395.81137582 -0.115222 0.106594
4399.61047227 0.0977874 0.105465
4403.40956871 0.137356 0.10562
4407.20866516 0.107998 0.105052
4411.00776161 -0.000481737 0.104672
4414.80685806 0.0803836 0.10419
4418.60595451 0.124678 0.103782
4422.40505095 -0.139007 0.103671
4426.2041474 -0.246919 0.103101
4430.00324385 -0.0218394 0.102116
4433.8023403 0.226605 0.101163
4437.60143675 0.277438 0.10045
4441.40053319 0.159016 0.100706
4445.19962964 0.0748377 0.101351
4448.99872609 0.0687297 0.101424
4452.79782254 -0.0482698 0.10107
4456.59691898 -0.173872 0.10082
4460.39601543 -0.154321 0.101273
4464.19511188 -0.248408 0.101549
4467.99420833 -0.443554 0.108435
4471.79330478 -0.493582 0.137182
4475.59240122 -0.430697 0.206657
4479.39149767 -0.218369 1.3386
4483.19059412 -0.0326746 1.18606
4486.98969057 0.0949055 1.0512
4490.78878702 -0.115129 0.938046
4494.58788346 -0.754544 0.844943
4498.38697991 -0.197425 0.764506
4502.18607636 0.748746 0.690149
4505.98517281 0.871537 0.627466
4509.78426926 0.446782 0.570101
4513.5833657 -0.063849 0.524426
4517.38246215 -0.117746 0.481177
4521.1815586 -0.028382 0.191343
4524.98065505 0.0575285 0.138989
4528.7797515 0.152358 0.11364
4532.57884794 0.133665 0.110569
4536.37794439 -0.0160826 0.111672
4540.17704084 0.0277691 0.11323
4543.97613729 0.315345 0.11398
4547.77523373 0.39744 0.114025
4551.57433018 0.316929 0.113907
4555.37342663 0.18695 0.114609
4559.17252308 0.0483097 0.114483
4562.97161953 0.133728 0.114677
4566.77071597 0.17704 0.11404
4570.56981242 0.0133315 0.114264
4574.36890887 -0.199564 0.114345
4578.16800532 -0.224448 0.114373
4581.96710177 -0.161294 0.113855
4585.76619821 -0.143027 0.113237
4589.56529466 0.0269236 0.11226
4593.36439111 0.105081 0.111456
4597.16348756 0.0266668 0.110181
4600.96258401 -0.0319849 0.109115
4604.76168045 -0.0438352 0.107958
4608.5607769 -0.0101311 0.106602
4612.35987335 -0.0358493 0.105236
4616.1589698 -0.0433228 0.103446
4619.95806624 -0.000107594 0.101478
4623.75716269 -0.0599567 0.0993826
4627.55625914 -0.104209 0.0974241
4631.35535559 -0.0626974 0.0961505
4635.15445204 -0.0609558 0.0947768
4638.95354848 -0.0172313 0.0936344
4642.75264493 -0.000487864 0.091525
4646.55174138 -0.0966524 0.0897759
4650.35083783 -0.195865 0.08782
4654.14993428 -0.22985 0.0866648
4657.94903072 -0.143726 0.0852441
4661.74812717 -0.0420232 0.0838788
4665.54722362 -0.0111738 0.0820152
4669.34632007 -0.00233695 0.0804825
4673.14541652 0.0170479 0.0786715
4676.94451296 -0.0251538 0.0773305
4680.74360941 -0.10078 0.0761428
4684.54270586 -0.0529424 0.0751702
4688.34180231 0.00887515 0.0739072
4692.14089876 -0.0170946 0.0725223
4695.9399952 -0.0177842 0.0713169
4699.73909165 -0.0385692 0.0705563
4703.5381881 -0.110002 0.069868
4707.33728455 -0.0815059 0.0689981
4711.13638099 0.0376388 0.067991
4714.93547744 0.0815163 0.0671438
4718.73457389 0.0538174 0.0666696
4722.53367034 0.0677338 0.0657185
4726.33276679 0.102596 0.0649724
4730.13186323 0.0790571 0.0642259
4733.93095968 0.0235173 0.0639343
4737.73005613 -0.0135636 0.0633891
4741.52915258 -0.0392463 0.0628474
4745.32824903 -0.0184721 0.0623116
4749.12734547 0.0257086 0.0618011
4752.92644192 0.0175558 0.061185
4756.72553837 0.00862274 0.0606756
4760.52463482 -0.0557082 0.0603089
4764.32373127 -0.107104 0.0603759
4768.12282771 0.0168925 0.0606537
4771.92192416 0.112532 0.060806
4775.72102061 0.0919756 0.0607301
4779.52011706 0.0445702 0.0603844
4783.31921351 -0.0048801 0.0602731
4787.11830995 0.0130262 0.0602218
4790.9174064 0.0736155 0.0602941
4794.71650285 0.0880513 0.0603573
4798.5155993 0.0490317 0.0606054
4802.31469574 -0.0640354 0.0607316
4806.11379219 -0.111574 0.0603668
4809.91288864 0.0317523 0.0601365
4813.71198509 0.114639 0.0601341
4817.51108154 0.0303021 0.0607009
4821.31017798 -0.0142256 0.0610445
4825.10927443 -0.0406254 0.0615731
4828.90837088 -0.0790289 0.0621211
4832.70746733 -0.0477658 0.0625276
4836.50656378 -0.07683 0.0625643
4840.30566022 -0.117574 0.0626784
4844.10475667 -0.118667 0.0629694
4847.90385312 -0.134232 0.0635193
4851.70294957 -0.104955 0.0637224
4855.50204602 -0.0514922 0.0641463
4859.30114246 -0.0127769 0.0647409
4863.10023891 0.0232701 0.065408
4866.89933536 0.0232361 0.0657473
4870.69843181 -0.0554927 0.0660475
4874.49752825 -0.0966872 0.0665212
4878.2966247 -0.0709223 0.067203
4882.09572115 -0.0691368 0.067545
4885.8948176 -0.0826635 0.0679939
4889.69391405 -0.0992685 0.0684873
4893.49301049 -0.0795119 0.0689812
4897.29210694 -0.0691631 0.0692786
4901.09120339 -0.0741802 0.0696556
4904.89029984 -0.0304875 0.0699063
4908.68939629 0.00482716 0.0703246
4912.48849273 0.0163225 0.0702787
4916.28758918 0.0417351 0.0703391
4920.08668563 0.0360963 0.0706729
4923.88578208 -0.0399152 0.0708873
4927.68487853 -0.0106242 0.0712713
4931.48397497 0.0999511 0.0708764
4935.28307142 0.0666513 0.0704248
4939.08216787 0.0380444 0.0700607
4942.88126432 0.0842413 0.0696704
4946.68036077 0.0547395 0.0694286
4950.47945721 0.0225681 0.0690505
4954.27855366 0.0332653 0.068461
4958.07765011 -0.0176147 0.0677379
4961.87674656 -0.0339453 0.0669652
4965.675843 0.00290899 0.0665243
4969.47493945 -0.00334171 0.0658334
4973.2740359 0.00716488 0.0648503
4977.07313235 0.00997724 0.0637916
4980.8722288 -0.0134948 0.062861
4984.67132524 -0.0217384 0.0619993
4988.47042169 -0.00799464 0.0610783
4992.26951814 -0.00206435 0.0602343
4996.06861459 -0.0109334 0.0593448
4999.86771104 -0.0150855 0.0583274
5003.66680748 -0.0414974 0.0571915
5007.46590393 -0.0543999 0.056201
5011.26500038 -0.0252936 0.0552222
5015.06409683 -0.00725512 0.054404
5018.86319328 -0.034483 0.0535904
5022.66228972 -0.0595525 0.0534452
5026.46138617 -0.0226547 0.053029
5030.26048262 0.0205345 0.052512
5034.05957907 0.00949838 0.0513183
5037.85867552 -0.00193654 0.050214
5041.65777196 0.0144921 0.0491347
5045.45686841 0.0163028 0.048258
5049.25596486 0.00329304 0.0473383
5053.05506131 -0.0197583 0.0463711
5056.85415775 -0.0337075 0.045591
5060.6532542 -0.0118934 0.0449274
5064.45235065 0.00328515 0.0442765
5068.2514471 -0.0032527 0.0435453
5072.05054355 0.00115846 0.0428933
5075.84963999 0.00510862 0.0423054
5079.64873644 -0.00865936 0.0416008
5083.44783289 -0.0251181 0.0409729
5087.24692934 -0.0219886 0.0404261
5091.04602579 -0.00304551 0.0399708
5094.84512223 0.00592503 0.0394976
5098.64421868 0.00939258 0.0390757
5102.44331513 0.0191244 0.0385928
5106.24241158 0.0174073 0.0381017
5110.04150803 0.00143847 0.0377145
5113.84060447 0.00384294 0.0373859
5117.63970092 0.0223616 0.0371011
5121.43879737 0.0293522 0.0366955
5125.23789382 0.0115602 0.0363377
5129.03699026 -0.00403909 0.0360661
5132.83608671 0.00139298 0.0358458
5136.63518316 0.00253234 0.0356813
5140.43427961 -0.00989601 0.0355012
5144.23337606 -0.0180229 0.035271
5148.0324725 -0.0110005 0.0350418
5151.83156895 -0.00542849 0.034798
5155.6306654 -0.00688298 0.0346669
5159.42976185 -0.0231719 0.0345617
5163.2288583 -0.0292513 0.0344507
5167.02795474 -0.00360553 0.0342943
5170.82705119 0.0228067 0.0342112
5174.62614764 0.023865 0.0341703
5178.42524409 0.00582363 0.0341813
5182.22434054 0.00320192 0.0342168
5186.02343698 0.00810182 0.034313
5189.82253343 -0.00247102 0.0343128
5193.62162988 -0.0124729 0.0351668
5197.42072633 -0.000356493 0.0356695
5201.21982278 0.0170641 0.035754
5205.01891922 0.0260038 0.0349448
5208.81801567 0.0330786 0.0345437
5212.61711212 0.0411933 0.0347274
5216.41620857 0.0387218 0.034811
5220.21530501 0.0140507 0.0350189
5224.01440146 0.00548505 0.0350919
5227.81349791 0.00536936 0.0352397
5231.61259436 -0.00499537 0.0353316
5235.41169081 -0.003564 0.0356413
5239.21078725 -0.0194437 0.0359082
5243.0098837 -0.0403431 0.0361791
5246.80898015 -0.0218224 0.036428
5250.6080766 0.00794749 0.0369149
5254.40717305 0.0336707 0.0372584
5258.20626949 0.0365785 0.0374191
5262.00536594 -0.00394368 0.0374248
5265.80446239 -0.0264446 0.0376289
5269.60355884 0.00268213 0.0380644
5273.40265529 0.0298755 0.0385664
5277.20175173 0.0288006 0.0389937
5281.00084818 0.0220298 0.0393359
5284.79994463 0.0123329 0.0396573
5288.59904108 -0.00655452 0.040035
5292.39813753 -0.0155597 0.0404428
5296.19723397 -0.012247 0.0409233
5299.99633042 -0.0158851 0.0413404
5303.79542687 -0.0255962 0.0418065
5307.59452332 -0.0289899 0.0422183
5311.39361976 -0.0238072 0.0426643
5315.19271621 -0.00640084 0.0431068
5318.99181266 0.0028442 0.0434113
5322.79090911 -0.0164908 0.0438052
5326.59000556 -0.0124872 0.044395
5330.389102 0.0232097 0.0447915
5334.18819845 0.0279246 0.0451564
5337.9872949 0.033447 0.0451905
5341.78639135 0.0666525 0.0455236
5345.5854878 0.0625691 0.0457466
5349.38458424 0.0583622 0.0460235
5353.18368069 0.0860657 0.04628
5356.98277714 0.0727965 0.0464776
5360.78187359 0.0248845 0.0465642
5364.58097004 0.00618237 0.0465822
5368.38006648 0.0233193 0.046656
5372.17916293 0.00780766 0.0466809
5375.97825938 -7.17565e-05 0.0467555
5379.77735583 0.0265874 0.0467518
5383.57645227 -0.0251729 0.0466866
5387.37554872 -0.0402318 0.046504
5391.17464517 0.0529986 0.0463418
5394.97374162 0.07232 0.0461147
5398.77283807 0.0125978 0.0459807
5402.57193451 -0.0287474 0.0458718
5406.37103096 -0.0224973 0.0457236
5410.17012741 0.0169899 0.0454949
5413.96922386 0.0608635 0.0453626
5417.76832031 0.0673821 0.0451627
5421.56741675 -0.00145997 0.0448027
5425.3665132 -0.0475762 0.0442667
5429.16560965 -0.00430963 0.0439188
5432.9647061 0.0721703 0.0438073
5436.76380255 0.114756 0.0435467
5440.56289899 0.0975063 0.042998
5444.36199544 0.0898688 0.0424588
5448.16109189 0.0781517 0.0420449
5451.96018834 0.0120286 0.0418252
5455.75928479 -0.0204413 0.0416588
5459.55838123 -0.0342416 0.04134
5463.35747768 -0.046176 0.0409589
5467.15657413 -0.0454111 0.0404003
5470.95567058 -0.0578218 0.0399135
5474.75476702 -0.0250011 0.0399014
5478.55386347 0.00978165 0.0401711
5482.35295992 0.0333829 0.0402412
5486.15205637 0.0984367 0.0399429
5489.95115282 0.127732 0.0392043
5493.75024926 0.0988799 0.0387755
5497.54934571 0.0625076 0.0380861
5501.34844216 0.00655518 0.0376094
5505.14753861 -0.0206967 0.0370045
5508.94663506 -0.00256452 0.036808
5512.7457315 0.0160771 0.0364542
5516.54482795 0.0342154 0.0361381
5520.3439244 -0.000292658 0.035561
5524.14302085 -0.0396642 0.0351328
5527.9421173 -0.0321557 0.03473
5531.74121374 -0.0400643 0.0344688
5535.54031019 -0.0249656 0.0340608
5539.33940664 0.0454461 0.0344712
5543.13850309 0.0748612 0.0343767
5546.93759954 0.0247149 0.0342835
5550.73669598 -0.0302565 0.0333135
5554.53579243 -0.0498822 0.0326816
5558.33488888 -0.0236863 0.0328659
5562.13398533 0.0192607 0.0326612
5565.93308177 0.0455718 0.0329211
5569.73217822 0.0563099 0.0324516
5573.53127467 0.0583247 0.0360808
5577.33037112 0.0716993 0.0355982
5581.12946757 0.0186149 0.0352215
5584.92856401 -0.0335141 0.0318523
5588.72766046 -0.00245674 0.0312744
5592.52675691 0.0450292 0.0312277
5596.32585336 0.0178292 0.0306427
5600.12494981 -0.0518264 0.0311577
5603.92404625 -0.041993 0.0309853
5607.7231427 0.0158202 0.0310306
5611.52223915 -0.0103719 0.0303767
5615.3213356 -0.0351622 0.0303597
5619.12043205 0.00606705 0.0306789
5622.91952849 0.0486223 0.0307276
5626.71862494 0.0450417 0.0306462
5630.51772139 -7.73881e-05 0.0301498
5634.31681784 -0.0187897 0.0300889
5638.11591428 0.00633127 0.0299941
5641.91501073 0.0271617 0.030173
5645.71410718 -0.0173967 0.0301853
5649.51320363 -0.0827247 0.0300969
5653.31230008 -0.0774358 0.0300435
5657.11139652 -0.0366643 0.0300345
5660.91049297 -0.00924415 0.0302749
5664.70958942 -0.00510242 0.0302208
5668.50868587 0.0178229 0.0302602
5672.30778232 0.0427984 0.0303067
5676.10687876 0.0364282 0.0304869
5679.90597521 0.025212 0.0305762
5683.70507166 0.0232517 0.0308172
5687.50416811 0.0151833 0.0308997
5691.30326456 -0.0200071 0.0312456
5695.102361 -0.0326738 0.0311499
5698.90145745 -0.012434 0.0313217
5702.7005539 -0.0123088 0.0313209
5706.49965035 -0.019697 0.0315901
5710.2987468 -0.0112988 0.0317942
5714.09784324 0.00665349 0.031903
5717.89693969 0.015828 0.0320544
5721.69603614 -0.00209463 0.032214
5725.49513259 -0.0101396 0.0323334
5729.29422903 0.0367551 0.0324886
5733.09332548 0.0492478 0.0324728
5736.89242193 -0.0112489 0.0327397
5740.69151838 -0.0401272 0.0329782
5744.49061483 -0.018566 0.0332838
5748.28971127 -0.00610262 0.0333289
5752.08880772 -0.0453744 0.0332929
5755.88790417 -0.0844953 0.0334433
5759.68700062 -0.069329 0.0336066
5763.48609707 -0.0396266 0.0339349
5767.28519351 -0.00874434 0.034166
5771.08428996 0.0134393 0.0344486
5774.88338641 0.0315148 0.0346869
5778.68248286 0.0354464 0.0346844
5782.48157931 -0.00117792 0.0349349
5786.28067575 -0.0262697 0.0351251
5790.0797722 -0.0337663 0.035364
5793.87886865 -0.0312674 0.0355918
5797.6779651 -0.0396639 0.0358519
5801.47706154 -0.0416408 0.0360318
5805.27615799 0.020532 0.0362535
5809.07525444 0.0554116 0.0363964
5812.87435089 0.0462165 0.0367655
5816.67344734 0.038366 0.0369106
5820.47254378 0.00462486 0.0369886
5824.27164023 -0.0144165 0.0371195
5828.07073668 -0.0210776 0.0372262
5831.86983313 -0.0151835 0.0375025
5835.66892958 -0.00507544 0.0375119
5839.46802602 -0.0266537 0.0376469
5843.26712247 -0.025681 0.0376484
5847.06621892 -0.0246364 0.0377162
5850.86531537 -0.0405577 0.0377748
5854.66441182 -0.0420373 0.0377615
5858.46350826 -0.0549628 0.0378491
5862.26260471 -0.0687836 0.0389232
5866.06170116 -0.0617104 0.0393438
5869.86079761 -0.01555 0.0396683
5873.65989406 0.0446221 0.03847
5877.4589905 0.0662239 0.0381406
5881.25808695 0.0721337 0.038066
5885.0571834 0.0566808 0.041712
5888.85627985 -0.0112477 0.042006
5892.65537629 -0.0309067 0.0446175
5896.45447274 -0.0277469 0.0398568
5900.25356919 -0.0618414 0.0393287
5904.05266564 -0.0848548 0.0371627
5907.85176209 -0.0526578 0.0371414
5911.65085853 -0.0078713 0.0374885
5915.44995498 -0.0112234 0.0370068
5919.24905143 0.00813694 0.0370314
5923.04814788 0.0280408 0.0360308
5926.84724433 -0.00643622 0.036476
5930.64634077 -0.0237681 0.0361338
5934.44543722 0.0123768 0.0357962
5938.24453367 0.053177 0.0348872
5942.04363012 0.0525273 0.0346104
5945.84272657 0.0453225 0.0343678
5949.64182301 0.0296605 0.0349045
5953.44091946 -0.0135216 0.0342738
5957.24001591 -0.0342613 0.0339612
5961.03911236 -0.0385575 0.0328369
5964.83820881 -0.0206684 0.0328201
5968.63730525 0.000978369 0.0327575
5972.4364017 -0.00254229 0.0336045
5976.23549815 0.00124441 0.0334923
5980.0345946 0.000444308 0.0333346
5983.83369104 -0.000461855 0.032313
5987.63278749 0.00864843 0.0320112
5991.43188394 0.0323997 0.0316593
5995.23098039 0.0748344 0.0313418
5999.03007684 0.075176 0.0310764
6002.82917328 0.0573746 0.0304868
6006.62826973 0.0667004 0.0299833
6010.42736618 0.0735642 0.0293889
6014.22646263 0.0693892 0.0291722
6018.02555908 0.063688 0.0288543
6021.82465552 0.0749708 0.0284909
6025.62375197 0.0648177 0.0281108
6029.42284842 0.0312855 0.02792
6033.22194487 0.0394343 0.0275263
6037.02104132 0.0561979 0.0272944
6040.82013776 0.0134789 0.026758
6044.61923421 -0.0427406 0.0265224
6048.41833066 -0.040564 0.0260591
6052.21742711 -0.0138173 0.0256925
6056.01652355 0.00139544 0.0254272
6059.81562 0.046088 0.0253549
6063.61471645 0.0858739 0.0253083
6067.4138129 0.0433198 0.0250625
6071.21290935 0.0145162 0.0247565
6075.01200579 0.0161887 0.0244414
6078.81110224 -0.0315646 0.0242571
6082.61019869 -0.0377612 0.024154
6086.40929514 0.0482213 0.024302
6090.20839159 0.105642 0.0242471
6094.00748803 0.0666885 0.0241116
6097.80658448 0.0399639 0.0239369
6101.60568093 0.0429199 0.0237727
6105.40477738 0.0236254 0.0235411
6109.20387383 0.00409419 0.0232387
6113.00297027 -0.023141 0.0229772
6116.80206672 -0.0354674 0.0227434
6120.60116317 -0.0371128 0.0225334
6124.40025962 -0.0214387 0.0224108
6128.19935607 0.0132333 0.0222805
6131.99845251 0.00952864 0.0223135
6135.79754896 0.00750711 0.0224495
6139.59664541 0.04074 0.0229205
6143.39574186 0.0504465 0.0227679
6147.1948383 0.0179837 0.0225163
6150.99393475 0.00610423 0.0224299
6154.7930312 0.0346976 0.0227975
6158.59212765 0.0352873 0.0225391
6162.3912241 0.0171177 0.0220625
6166.19032054 0.0258387 0.0220942
6169.98941699 0.0430868 0.0225191
6173.78851344 0.0655926 0.0225772
6177.58760989 0.0742346 0.0221776
6181.38670634 0.0592549 0.0220117
6185.18580278 0.0289035 0.0219446
6188.98489923 0.0205671 0.0219232
6192.78399568 0.0157821 0.0217044
6196.58309213 -0.00983574 0.0218659
6200.38218858 -0.0115521 0.0218583
6204.18128502 0.00913596 0.0219678
6207.98038147 0.0293411 0.0218883
6211.77947792 0.0298868 0.0217334
6215.57857437 0.0127872 0.0219645
6219.37767082 0.00537338 0.0221373
6223.17676726 0.00524983 0.022084
6226.97586371 -0.00757501 0.0218706
6230.77496016 -0.0151874 0.0231989
6234.57405661 -0.0106163 0.0239448
6238.37315305 -0.00206668 0.0249999
6242.1722495 0.0151659 0.0233074
6245.97134595 0.0441099 0.0230069
6249.7704424 0.0609644 0.0223932
6253.56953885 0.0547851 0.0236445
6257.36863529 0.07562 0.0238157
6261.16773174 0.118571 0.0246857
6264.96682819 0.174507 0.023979
6268.76592464 0.218429 0.0241697
6272.56502109 0.145299 0.0240652
6276.36411753 0.04278 0.0234499
6280.16321398 0.00484899 0.0232949
6283.96231043 -0.00120243 0.0240088
6287.76140688 0.00185529 0.0242697
6291.56050333 0.0162878 0.0250165
6295.35959977 0.0427261 0.0277357
6299.15869622 0.0708108 0.0282073
6302.95779267 0.0558032 0.0298379
6306.75688912 0.0653082 0.0258248
6310.55598556 0.133049 0.025583
6314.35508201 0.142192 0.0243319
6318.15417846 0.077513 0.024526
6321.95327491 0.0473751 0.0245722
6325.75237136 0.0310228 0.025759
6329.5514678 -0.00575972 0.0254741
6333.35056425 0.00441463 0.0254621
6337.1496607 -0.0025655 0.024532
6340.94875715 0.0715368 0.0251616
6344.7478536 0.244919 0.0259042
6348.54695004 0.21525 0.0260772
6352.34604649 0.119301 0.0266378
6356.14514294 0.125037 0.0263722
6359.94423939 0.142901 0.0300331
6363.74333584 0.129085 0.0285272
6367.54243228 0.0975572 0.0288624
6371.34152873 0.102945 0.0258078
6375.14062518 0.0881129 0.0262114
6378.93972163 0.0560795 0.0261701
6382.73881808 0.0464238 0.0269637
6386.53791452 0.0323834 0.0267368
6390.33701097 0.0276739 0.0269972
6394.13610742 0.140013 0.0270716
6397.93520387 0.258465 0.0273712
6401.73430031 0.154968 0.0274533
6405.53339676 0.0620851 0.0271018
6409.33249321 0.140146 0.0274551
6413.13158966 0.185393 0.0275208
6416.93068611 0.13191 0.0280049
6420.72978255 0.110472 0.0279669
6424.528879 0.0648178 0.028248
6428.32797545 0.0440446 0.0281713
6432.1270719 0.148837 0.0284548
6435.92616835 0.206504 0.0289136
6439.72526479 0.168633 0.0293027
6443.52436124 0.200981 0.0296594
6447.32345769 0.256063 0.0299943
6451.12255414 0.274416 0.0305273
6454.92165059 0.268823 0.0305366
6458.72074703 0.176346 0.0308776
6462.51984348 0.0695634 0.0311544
6466.31893993 0.0288637 0.032206
6470.11803638 0.0689918 0.0318838
6473.91713283 0.152823 0.0316278
6477.71622927 0.196178 0.0307904
6481.51532572 0.16545 0.030792
6485.31442217 0.114266 0.0304193
6489.11351862 0.0823151 0.0303805
6492.91261506 0.0765649 0.0317612
6496.71171151 0.083608 0.0323734
6500.51080796 0.0479589 0.033426
6504.30990441 -0.0140912 0.0319409
6508.10900086 -0.0257499 0.0317036
6511.9080973 -0.00597951 0.0309982
6515.70719375 -0.022564 0.0312693
6519.5062902 0.0389263 0.0318702
6523.30538665 0.0992154 0.0317512
6527.1044831 0.00126373 0.0325293
6530.90357954 0.00749546 0.0323727
6534.70267599 0.072037 0.0324704
6538.50177244 0.0395364 0.032264
6542.30086889 0.0765059 0.0316316
6546.09996534 0.162927 0.0317942
6549.89906178 0.222277 0.0326618
6553.69815823 0.253354 0.0323581
6557.49725468 0.19297 0.0333808
6561.29635113 0.187012 0.0319492
6565.09544757 0.211753 0.0341318
6568.89454402 0.0651258 0.0345048
6572.69364047 0.108164 0.0384667
6576.49273692 0.377527 0.0372782
6580.29183337 0.398833 0.0377671
6584.09092981 0.684004 0.0369487
6587.89002626 1.17347 0.0377528
6591.68912271 0.859957 0.0370423
6595.48821916 0.301294 0.0337459
6599.28731561 0.0879234 0.0334217
6603.08641205 0.0626328 0.0321417
6606.8855085 0.165256 0.0322967
6610.68460495 0.239823 0.0305417
6614.4837014 0.22115 0.0300195
6618.28279785 0.134485 0.0292792
6622.08189429 0.044541 0.0293056
6625.88099074 0.0763063 0.0293242
6629.68008719 0.158089 0.0298887
6633.47918364 0.194084 0.0295326
6637.27828009 0.190601 0.0292694
6641.07737653 0.126972 0.0284976
6644.87647298 0.102237 0.0283026
6648.67556943 0.306474 0.0287163
6652.47466588 0.496287 0.0285697
6656.27376232 0.331903 0.0282887
6660.07285877 0.113373 0.0270013
6663.87195522 0.0559689 0.0268495
6667.67105167 0.200164 0.0270335
6671.47014812 0.356253 0.0269974
6675.26924456 0.293728 0.0265152
6679.06834101 0.200632 0.0256091
6682.86743746 0.245452 0.0259745
6686.66653391 0.274216 0.0256214
6690.46563036 0.203666 0.0260594
6694.2647268 0.19246 0.0254572
6698.06382325 0.107506 0.0251776
6701.8629197 0.0477497 0.0245131
6705.66201615 0.0768339 0.0243273
6709.4611126 0.133122 0.0246504
6713.26020904 0.327273 0.0254636
6717.05930549 0.353691 0.0251631
6720.85840194 0.173672 0.0248106
6724.65749839 0.116283 0.0237342
6728.45659484 0.0428009 0.0235294
6732.25569128 0.0237147 0.0231505
6736.05478773 0.0841168 0.0231061
6739.85388418 0.0987043 0.0231039
6743.65298063 0.121293 0.0229444
6747.45207707 0.180837 0.0230371
6751.25117352 0.206998 0.0225597
6755.05026997 0.112259 0.0225127
6758.84936642 0.260287 0.0233042
6762.64846287 0.627841 0.023809
6766.44755931 0.649916 0.024637
6770.24665576 0.521047 0.0234516
6774.04575221 0.347569 0.022754
6777.84484866 0.227559 0.0221422
6781.64394511 0.18792 0.0218496
6785.44304155 0.0855742 0.02189
6789.242138 0.0616163 0.0216772
6793.04123445 0.301093 0.0225098
6796.8403309 0.619645 0.0231738
6800.63942735 0.655394 0.023836
6804.43852379 0.617378 0.023486
6808.23762024 0.547475 0.0229609
6812.03671669 0.284061 0.0219955
6815.83581314 0.0716295 0.0211765
6819.63490958 0.0626576 0.0211185
6823.43400603 0.173327 0.0236969
6827.23310248 0.218508 0.0258749
6831.03219893 0.144611 0.028755
6834.83129538 0.0720375 0.0249133
6838.63039182 -0.0286239 0.0239532
6842.42948827 0.0534603 0.0224735
6846.22858472 0.328667 0.0229933
6850.02768117 0.386008 0.0221824
6853.82677762 0.305157 0.0222242
6857.62587406 0.306555 0.0230948
6861.42497051 0.191418 0.0243482
6865.22406696 0.0483154 0.024583
6869.02316341 0.173056 0.0232313
6872.82225986 0.298172 0.0216154
6876.6213563 0.202449 0.0217912
6880.42045275 0.293254 0.0223736
6884.2195492 0.542953 0.0244254
6888.01864565 0.299711 0.0231318
6891.8177421 0.20553 0.0223793
6895.61683854 0.322307 0.0225426
6899.41593499 0.293696 0.0229787
6903.21503144 0.231666 0.0223894
6907.01412789 0.134193 0.0220613
6910.81322433 0.229159 0.0231424
6914.61232078 0.562187 0.0238208
6918.41141723 0.475515 0.024937
6922.21051368 0.413026 0.0244538
6926.00961013 0.672885 0.0252764
6929.80870657 0.714682 0.0233801
6933.60780302 0.528585 0.0235051
6937.40689947 0.241732 0.0229294
6941.20599592 0.227834 0.0231144
6945.00509237 0.496927 0.0246999
6948.80418881 0.507064 0.0243726
6952.60328526 0.25759 0.0241409
6956.40238171 0.278196 0.0224794
6960.20147816 0.516685 0.0233583
6964.00057461 0.574518 0.0239314
6967.79967105 0.561 0.024864
6971.5987675 0.783593 0.0250821
6975.39786395 0.928594 0.0273416
6979.1969604 1.1524 0.0271833
6982.99605685 1.0958 0.0267869
6986.79515329 0.904546 0.0254207
6990.59424974 0.85667 0.0241454
6994.39334619 0.611844 0.0239232
6998.19244264 0.377023 0.0237008
7001.99153908 0.222601 0.0235239
7005.79063553 0.347488 0.0251679
7009.58973198 0.654057 0.0245413
7013.38882843 0.501377 0.0244216
7017.18792488 0.348894 0.0231069
7020.98702132 0.34357 0.0222898
7024.78611777 0.464627 0.0237529
7028.58521422 0.835749 0.0237448
7032.38431067 0.626199 0.0239734
7036.18340712 0.294016 0.0235484
7039.98250356 0.503433 0.0238573
7043.78160001 0.692598 0.0259318
7047.58069646 0.521475 0.0252398
7051.37979291 0.282323 0.0245072
7055.17888936 0.177767 0.0230751
7058.9779858 0.107709 0.0229556
7062.77708225 0.078216 0.0234892
7066.5761787 0.196164 0.0238768
7070.37527515 0.469096 0.02515
7074.17437159 0.973299 0.026252
7077.97346804 1.16087 0.027155
7081.77256449 0.580475 0.0253768
7085.57166094 0.242059 0.0249649
7089.37075739 0.581665 0.0254308
7093.16985383 1.20111 0.0273253
7096.96895028 1.12485 0.0264264
7100.76804673 0.805399 0.0262062
7104.56714318 1.00104 0.0265541
7108.36623963 1.46262 0.0282564
7112.16533607 1.40063 0.0278712
7115.96443252 0.959522 0.0266772
7119.76352897 0.587549 0.0251769
7123.56262542 0.499091 0.0256556
7127.36172187 0.61122 0.0256773
7131.16081831 0.580647 0.0263106
7134.95991476 0.628933 0.026079
7138.75901121 0.88465 0.0272027
7142.55810766 0.832264 0.0272609
7146.35720411 0.399245 0.0264343
7150.15630055 0.244491 0.0254194
7153.955397 0.446052 0.0258457
7157.75449345 0.753815 0.027117
7161.5535899 0.726608 0.0271959
7165.35268634 0.306737 0.0265611
7169.15178279 0.204577 0.0263955
7172.95087924 0.381321 0.0264435
7176.74997569 0.292526 0.0265355
7180.54907214 0.190526 0.025905
7184.34816858 0.232155 0.0256762
7188.14726503 0.169842 0.0253666
7191.94636148 0.00463746 0.0251312
7195.74545793 -0.0879332 0.0252214
7199.54455438 0.0170739 0.0254937
7203.34365082 0.400109 0.0266515
7207.14274727 0.683149 0.026929
7210.94184372 0.630099 0.0280089
7214.74094017 0.90474 0.0282282
7218.54003662 0.995999 0.0285575
7222.33913306 0.52011 0.0280944
7226.13822951 0.438387 0.0277653
7229.93732596 0.63572 0.0282168
7233.73642241 0.559734 0.0304804
7237.53551885 0.3919 0.0341817
7241.3346153 0.356434 0.0404153
7245.13371175 0.196089 0.0351026
7248.9328082 0.155899 0.032991
7252.73190465 0.192953 0.028982
7256.53100109 0.108102 0.0286138
7260.33009754 0.0338953 0.0266975
7264.12919399 0.0984056 0.0269973
7267.92829044 0.350754 0.0278569
7271.72738689 0.594955 0.0324141
7275.52648333 0.332971 0.0312256
7279.32557978 -0.022695 0.0340243
7283.12467623 -0.0435568 0.0288577
7286.92377268 0.0139691 0.0288874
7290.72286913 0.115813 0.0282125
7294.52196557 0.396214 0.0306807
7298.32106202 0.869153 0.0365592
7302.12015847 1.19458 0.0376903
7305.91925492 0.898036 0.037279
7309.71835137 0.524642 0.0348337
7313.51744781 0.314673 0.0352717
7317.31654426 0.358139 0.0341436
7321.11564071 0.462139 0.0317476
7324.91473716 0.372363 0.0326621
7328.7138336 0.399327 0.0321818
7332.51293005 0.406984 0.0312926
7336.3120265 0.190507 0.0319112
7340.11112295 0.0274216 0.0309762
7343.9102194 0.0603612 0.0315628
7347.70931584 0.0945329 0.0280542
7351.50841229 0.141917 0.0281342
7355.30750874 0.2395 0.0302032
7359.10660519 0.229376 0.0291249
7362.90570164 0.031249 0.0299122
7366.70479808 -0.0612996 0.0292069
7370.50389453 0.0361576 0.0292641
7374.30299098 0.120429 0.027146
7378.10208743 0.174777 0.025331
7381.90118388 0.214063 0.024573
7385.70028032 0.214313 0.0255228
7389.49937677 0.185604 0.0264042
7393.29847322 0.169245 0.0263373
7397.09756967 0.213823 0.0280442
7400.89666612 0.290264 0.0265062
7404.69576256 0.262003 0.0260742
7408.49485901 0.304315 0.0241343
7412.29395546 0.524962 0.0245197
7416.09305191 0.665727 0.0254755
7419.89214835 0.804321 0.025485
7423.6912448 0.92898 0.0259564
7427.49034125 0.690449 0.0258957
7431.2894377 0.358426 0.0249553
7435.08853415 0.109436 0.0252365
7438.88763059 -0.0352499 0.0236651
7442.68672704 -0.0441344 0.0225974
7446.48582349 -0.0213182 0.0209092
7450.28491994 0.063176 0.0208583
7454.08401639 0.0817982 0.0209924
7457.88311283 0.0514368 0.0218457
7461.68220928 0.148513 0.0236501
7465.48130573 0.431605 0.0259377
7469.28040218 0.569856 0.0279055
7473.07949863 0.236956 0.0263318
7476.87859507 0.0968189 0.0270218
7480.67769152 0.259558 0.0255672
7484.47678797 0.176911 0.0241509
7488.27588442 0.00880796 0.0224124
7492.07498086 0.0911886 0.0212677
7495.87407731 0.338307 0.0216207
7499.67317376 0.285878 0.0203165
7503.47227021 0.111593 0.0199156
7507.27136666 0.105171 0.0192469
7511.0704631 0.0487235 0.0195104
7514.86955955 0.00717925 0.019786
7518.668656 0.105609 0.0228593
7522.46775245 0.143797 0.0231646
7526.2668489 0.165549 0.0259069
7530.06594534 0.344032 0.022138
7533.86504179 0.601342 0.0232149
7537.66413824 0.691419 0.0212411
7541.46323469 0.468698 0.0211653
7545.26233114 0.283334 0.0194917
7549.06142758 0.187054 0.0190712
7552.86052403 0.103972 0.020171
7556.65962048 0.154249 0.0205652
7560.45871693 0.244764 0.0204616
7564.25781338 0.208487 0.0195222
7568.05690982 0.149751 0.0218712
7571.85600627 0.143398 0.0220707
7575.65510272 0.190808 0.0212766
7579.45419917 0.324298 0.0196988
7583.25329561 0.460516 0.0203237
7587.05239206 0.272387 0.0199712
7590.85148851 0.0734232 0.018543
7594.65058496 0.0329334 0.0188738
7598.44968141 0.0557583 0.0179965
7602.24877785 0.125794 0.0175368
7606.0478743 0.121628 0.0161241
7609.84697075 0.0882074 0.0162661
7613.6460672 0.094906 0.0178161
7617.44516365 0.0823226 0.0186283
7621.24426009 0.183287 0.0200026
7625.04335654 0.307359 0.020241
7628.84245299 0.237521 0.019363
7632.64154944 0.243188 0.018829
7636.44064589 0.409687 0.0179046
7640.23974233 0.431625 0.0177244
7644.03883878 0.186016 0.0173816
7647.83793523 0.049602 0.0175506
7651.63703168 0.0244448 0.0176967
7655.43612813 -0.0134218 0.0180108
7659.23522457 0.015713 0.0180859
7663.03432102 0.0441786 0.0179607
7666.83341747 0.0561215 0.0178671
7670.63251392 0.0789424 0.0169244
7674.43161036 0.0658512 0.0170725
7678.23070681 0.0923804 0.0174573
7682.02980326 0.137586 0.0186708
7685.82889971 0.0983485 0.0197765
7689.62799616 0.0765015 0.0200556
7693.4270926 0.0925356 0.019858
7697.22618905 0.0672033 0.019451
7701.0252855 0.0656821 0.0186784
7704.82438195 0.0791581 0.0181581
7708.6234784 0.0802596 0.020825
7712.42257484 0.140724 0.0270658
7716.22167129 0.0791509 0.0281136
7720.02076774 -0.0326446 0.0259918
7723.81986419 0.00658749 0.0217363
7727.61896064 0.0969583 0.0216495
7731.41805708 0.0776465 0.0200023
7735.21715353 0.0148167 0.0196492
7739.01624998 0.0173691 0.0194225
7742.81534643 0.077443 0.0192565
7746.61444287 0.105536 0.0220583
7750.41353932 0.0257674 0.0219224
7754.21263577 -0.0395009 0.0241855
7758.01173222 0.0530804 0.0210854
7761.81082867 0.171734 0.0207817
7765.60992511 0.139721 0.0199879
7769.40902156 0.0973496 0.023149
7773.20811801 0.0405547 0.0242954
7777.00721446 0.0563178 0.0257486
7780.80631091 0.168476 0.0212262
7784.60540735 0.198507 0.0211694
7788.4045038 0.201623 0.0220891
7792.20360025 0.245816 0.0226349
7796.0026967 0.348925 0.0224753
7799.80179315 0.388328 0.0196461
7803.60088959 0.329201 0.0212505
7807.39998604 0.49588 0.0220882
7811.19908249 0.643417 0.0230688
7814.99817894 0.415903 0.0222033
7818.79727539 0.179024 0.0229021
7822.59637183 5.38438e-05 0.0222984
7826.39546828 -0.0385551 0.0201525
7830.19456473 0.0818513 0.0190765
7833.99366118 0.226694 0.0192292
7837.79275762 0.21204 0.020999
7841.59185407 0.0985971 0.0201841
7845.39095052 0.0443626 0.0219881
7849.19004697 0.0550615 0.0239178
7852.98914342 0.0865373 0.0272703
7856.78823986 0.112166 0.0284074
7860.58733631 0.188944 0.0230147
7864.38643276 0.177323 0.0251586
7868.18552921 0.355502 0.0247176
7871.98462566 0.789954 0.026899
7875.7837221 0.7418 0.0268271
7879.58281855 0.725571 0.0256061
7883.381915 0.93861 0.0284793
7887.18101145 1.07321 0.0269006
7890.9801079 0.647199 0.0248158
7894.77920434 0.14833 0.0216216
7898.57830079 0.131257 0.0202403
7902.37739724 0.482216 0.0210288
7906.17649369 0.671002 0.0228285
7909.97559014 0.419912 0.0262742
7913.77468658 0.470011 0.0279811
7917.57378303 0.807519 0.0306218
7921.37287948 0.401358 0.0242755
7925.17197593 0.108987 0.024182
7928.97107237 0.170303 0.0232158
7932.77016882 0.265258 0.0234093
7936.56926527 0.211512 0.0213104
7940.36836172 0.140482 0.0204671
7944.16745817 0.116252 0.0229893
7947.96655461 0.151142 0.0230272
7951.76565106 0.195532 0.0225486
7955.56474751 0.42793 0.0211285
7959.36384396 0.769786 0.0242677
7963.16294041 0.675901 0.0264336
7966.96203685 0.194202 0.0254119
7970.7611333 0.0276593 0.0224548
7974.56022975 -0.0115745 0.0244834
7978.3593262 0.100997 0.0237755
7982.15842265 0.150206 0.0239242
7985.95751909 0.0817039 0.0215887
7989.75661554 -0.0043791 0.0250724
7993.55571199 0.0465242 0.0257896
7997.35480844 0.226557 0.0258268
8001.15390488 0.261368 0.02249
8004.95300133 0.119464 0.0213934
8008.75209778 0.040329 0.0230162
8012.55119423 0.469031 0.0246049
8016.35029068 0.989584 0.0273333
8020.14938712 0.851341 0.0278052
8023.94848357 0.931505 0.0298858
8027.74758002 0.854144 0.0287109
8031.54667647 0.284888 0.0245728
8035.34577292 0.0590138 0.0221224
8039.14486936 0.0950686 0.0216372
8042.94396581 0.201337 0.0220323
8046.74306226 0.276213 0.0243857
8050.54215871 0.395125 0.0251253
8054.34125516 0.57669 0.0257164
8058.1403516 0.692126 0.0265252
8061.93944805 0.730303 0.0264089
8065.7385445 0.586678 0.0268453
8069.53764095 0.494111 0.0239631
8073.3367374 0.527967 0.024523
8077.13583384 0.645797 0.0244105
8080.93493029 0.538262 0.0247086
8084.73402674 0.430573 0.024233
8088.53312319 0.572602 0.0256628
8092.33221963 0.547061 0.0252144
8096.13131608 0.589198 0.027188
8099.93041253 0.952083 0.0272417
8103.72950898 0.735876 0.0275039
8107.52860543 0.374095 0.025708
8111.32770187 0.433436 0.0245202
8115.12679832 0.443456 0.0245454
8118.92589477 0.339656 0.0243911
8122.72499122 0.488777 0.025082
8126.52408767 0.894054 0.0261588
8130.32318411 1.04172 0.0268074
8134.12228056 0.684737 0.0270467
8137.92137701 0.259967 0.0260313
8141.72047346 0.305694 0.0273106
8145.51956991 0.816957 0.02745
8149.31866635 0.84182 0.0273343
8153.1177628 0.564786 0.0262048
8156.91685925 0.77747 0.0258761
8160.7159557 1.22702 0.0276213
8164.51505215 1.1507 0.026639
8168.31414859 0.478889 0.025718
8172.11324504 0.172585 0.0246018
8175.91234149 0.319211 0.0248934
8179.71143794 0.461112 0.0254661
8183.51053438 0.489764 0.0261213
8187.30963083 0.818204 0.0274527
8191.10872728 1.84642 0.0304352
8194.90782373 2.50783 0.0309597
8198.70692018 2.53331 0.033436
8202.50601662 3.36256 0.0360423
8206.30511307 3.6588 0.0429498
8210.10420952 2.32276 0.0450775
8213.90330597 2.40649 0.0454408
8217.70240242 3.75368 0.0486048
8221.50149886 4.68848 0.0514906
8225.30059531 4.34878 0.0498897
8229.09969176 4.26813 0.0492094
8232.89878821 4.37244 0.0482666
8236.69788466 4.31713 0.0495116
8240.4969811 4.86439 0.0501459
8244.29607755 5.76102 0.0526549
8248.095174 6.01755 0.0530565
8251.89427045 5.17601 0.0505323
8255.69336689 4.35536 0.0488827
8259.49246334 4.7128 0.0480849
8263.29155979 5.6518 0.0502528
8267.09065624 6.54141 0.0513359
8270.88975269 7.02582 0.052932
8274.68884913 7.06394 0.0582501
8278.48794558 6.9223 0.0635713
8282.28704203 6.49461 0.0737009
8286.08613848 6.25076 0.067904
8289.88523493 6.23751 0.063535
8293.68433137 6.29883 0.0657275
8297.48342782 6.40953 0.0610552
8301.28252427 6.33847 0.0581996
8305.08162072 6.19268 0.0531128
8308.88071717 6.11239 0.0515598
8312.67981361 6.08931 0.0511452
8316.47891006 5.90753 0.0472052
8320.27800651 5.70373 0.0456723
8324.07710296 5.61998 0.0445083
8327.87619941 5.59404 0.0439156
8331.67529585 5.553 0.0438701
8335.4743923 5.40541 0.044282
8339.27348875 5.35129 0.0521711
8343.0725852 5.21698 0.0527729
8346.87168164 4.9073 0.0611294
8350.67077809 4.93087 0.051021
8354.46987454 4.9625 0.0489397
8358.26897099 5.02046 0.0465169
8362.06806744 5.19963 0.0467953
8365.86716388 5.28669 0.0460329
8369.66626033 5.3437 0.0430872
8373.46535678 5.41283 0.0415234
8377.26445323 5.40517 0.0467084
8381.06354968 5.44652 0.0463831
8384.86264612 5.38448 0.045949
8388.66174257 5.26229 0.0406936
8392.46083902 5.26817 0.0425024
8396.25993547 5.31146 0.0464629
8400.05903192 5.15285 0.0451424
8403.85812836 4.96281 0.0414469
8407.65722481 4.883 0.0381178
8411.45632126 4.9112 0.0423968
8415.25541771 5.15148 0.0423482
8419.05451415 5.31466 0.0427852
8422.8536106 5.35973 0.040606
8426.65270705 5.43096 0.0466271
8430.4518035 5.4058 0.0461861
8434.25089995 5.24783 0.0426946
8438.04999639 5.06451 0.0371884
8441.84909284 4.90068 0.0394386
8445.64818929 4.85728 0.0417234
8449.44728574 4.80229 0.0453069
8453.24638219 4.65471 0.0400778
8457.04547863 4.60609 0.0376874
8460.84457508 4.54988 0.0410619
8464.64367153 4.53457 0.0400013
8468.44276798 4.55891 0.0405543
8472.24186443 4.35868 0.0347135
8476.04096087 4.25092 0.034232
8479.84005732 4.38213 0.0335055
8483.63915377 4.31995 0.0329982
8487.43825022 4.13293 0.035009
8491.23734667 4.05293 0.0364342
8495.03644311 3.98877 0.0365662
8498.83553956 4.00267 0.0375832
8502.63463601 4.09887 0.0374197
8506.43373246 4.13503 0.0371334
8510.2328289 4.1889 0.0332273
8514.03192535 4.27743 0.0319385
8517.8310218 4.22169 0.0318567
8521.63011825 4.03219 0.031689
8525.4292147 3.93803 0.0311744
8529.22831114 3.82347 0.0304964
8533.02740759 3.67224 0.0319161
8536.82650404 3.66886 0.0323973
8540.62560049 3.85605 0.0331909
8544.42469694 4.02818 0.0349715
8548.22379338 3.99094 0.0341333
8552.02288983 3.85728 0.0336772
8555.82198628 3.78776 0.0300923
8559.62108273 3.76848 0.0297747
8563.42017918 3.85864 0.0297266
8567.21927562 3.87745 0.0300191
8571.01837207 3.7276 0.0300644
8574.81746852 3.57529 0.0300174
8578.61656497 3.58073 0.0295975
8582.41566142 3.67095 0.0305963
8586.21475786 3.69711 0.0307326
8590.01385431 3.61205 0.0312806
8593.81295076 3.59261 0.0314298
8597.61204721 3.59781 0.0310183
8601.41114365 3.51795 0.0303668
8605.2102401 3.42495 0.0290528
8609.00933655 3.41852 0.0300309
8612.808433 3.52325 0.03212
8616.60752945 3.46673 0.035602
8620.40662589 3.32842 0.0394384
8624.20572234 3.37066 0.0429004
8628.00481879 3.30465 0.0445595
8631.80391524 3.19514 0.0434584
8635.60301169 3.15585 0.0404198
8639.40210813 3.13477 0.0348594
8643.20120458 3.13031 0.0336949
8647.00030103 3.11264 0.0348457
8650.79939748 3.04934 0.0405359
8654.59849393 2.94139 0.0430948
8658.39759037 2.85477 0.041373
8662.19668682 2.70166 0.0385271
8665.99578327 2.64204 0.037575
8669.79487972 2.66483 0.0362564
8673.59397616 2.54473 0.0338616
8677.39307261 2.49856 0.0317648
8681.19216906 2.56945 0.0304298
8684.99126551 2.60257 0.0290649
8688.79036196 2.53183 0.0280782
8692.5894584 2.46982 0.0271726
8696.38855485 2.52423 0.0278165
8700.1876513 2.54384 0.02735
8703.98674775 2.47284 0.0278613
8707.7858442 2.49539 0.0269103
8711.58494064 2.54725 0.0265227
8715.38403709 2.56024 0.0258044
8719.18313354 2.63361 0.0258735
8722.98222999 2.71649 0.026288
8726.78132644 2.70555 0.0262019
8730.58042288 2.65994 0.0261978
8734.37951933 2.6521 0.0262606
8738.17861578 2.67605 0.0266079
8741.97771223 2.72287 0.0267054
8745.77680868 2.74739 0.0267621
8749.57590512 2.70125 0.0265292
8753.37500157 2.6194 0.0292361
8757.17409802 2.63926 0.0348568
8760.97319447 2.83937 0.0441915
8764.77229091 2.78257 0.0464223
8768.57138736 2.66402 0.0355859
8772.37048381 2.67593 0.0381528
8776.16958026 2.79927 0.0342661
8779.96867671 2.81533 0.0341472
8783.76777315 2.7936 0.0288929
8787.5668696 2.81673 0.0301268
8791.36596605 2.61603 0.0294192
8795.1650625 2.29473 0.0277057
8798.96415895 2.1247 0.0249207
8802.76325539 2.22799 0.0254572
8806.56235184 2.51791 0.026765
8810.36144829 2.53465 0.0270416
8814.16054474 2.46255 0.0268113
8817.95964119 2.60502 0.0268294
8821.75873763 2.83958 0.032849
8825.55783408 3.02725 0.0363862
8829.35693053 2.90935 0.0457619
8833.15602698 2.92657 0.0403243
8836.95512343 2.83207 0.0346326
8840.75421987 2.73624 0.0310242
8844.55331632 2.84294 0.0311019
8848.35241277 2.97647 0.0318505
8852.15150922 2.93079 0.031015
8855.95060566 2.98358 0.0285105
8859.74970211 3.10225 0.0293964
8863.54879856 3.16447 0.034218
8867.34789501 3.20423 0.0327746
8871.14699146 3.18527 0.0314825
8874.9460879 3.16359 0.0276822
8878.74518435 3.21551 0.0293486
8882.5442808 3.33665 0.0340542
8886.34337725 3.25408 0.0347286
8890.1424737 3.03229 0.03306
8893.94157014 3.00895 0.0291763
8897.74066659 3.07931 0.0325184
8901.53976304 3.13111 0.0332788
8905.33885949 3.0803 0.0345563
8909.13795594 3.01189 0.030041
8912.93705238 2.95977 0.0313438
8916.73614883 2.93359 0.0345214
8920.53524528 2.95452 0.0354181
8924.33434173 2.9779 0.0336625
8928.13343817 2.88096 0.0300598
8931.93253462 2.73361 0.029735
8935.73163107 2.69677 0.0291957
8939.53072752 2.74436 0.0330018
8943.32982397 2.79061 0.0321276
8947.12892041 2.76356 0.0311253
8950.92801686 2.74066 0.0290073
8954.72711331 2.73336 0.033237
8958.52620976 2.63292 0.0334351
8962.32530621 2.48483 0.0313808
8966.12440265 2.41913 0.0289277
8969.9234991 2.46163 0.0289691
8973.72259555 2.49803 0.0295341
8977.521692 2.46582 0.0291492
8981.32078845 2.5207 0.0308798
8985.11988489 2.58978 0.0340551
8988.91898134 2.49245 0.0340181
8992.71807779 2.37209 0.0315237
8996.51717424 2.40582 0.0334106
9000.31627069 2.55826 0.0321582
9004.11536713 2.5015 0.0329758
9007.91446358 2.37354 0.0281152
9011.71356003 2.39018 0.0277051
9015.51265648 2.52741 0.0284462
9019.31175292 2.54764 0.0288041
9023.11084937 2.48441 0.0296795
9026.90994582 2.4924 0.0293535
9030.70904227 2.54407 0.0300046
9034.50813872 2.58739 0.0322475
9038.30723516 2.53814 0.0326592
9042.10633161 2.51585 0.033247
9045.90542806 2.57922 0.0345446
9049.70452451 2.5983 0.034191
9053.50362096 2.56902 0.0343142
9057.3027174 2.59238 0.0307069
9061.10181385 2.60247 0.0314861
9064.9009103 2.59895 0.0320659
9068.70000675 2.56359 0.0322373
9072.4991032 2.54238 0.0315917
9076.29819964 2.55321 0.0307319
9080.09729609 2.54921 0.0311797
9083.89639254 2.58197 0.0312961
9087.69548899 2.63246 0.0342646
9091.49458544 2.82133 0.0344668
9095.29368188 2.91149 0.035724
9099.09277833 2.74672 0.0360833
9102.89187478 2.61658 0.03557
9106.69097123 2.63482 0.0350912
9110.49006767 2.57241 0.0321377
9114.28916412 2.48612 0.0320493
9118.08826057 2.56644 0.032113
9121.88735702 2.66299 0.0321728
9125.68645347 2.62065 0.0322718
9129.48554991 2.54613 0.0325995
9133.28464636 2.52103 0.0332232
9137.08374281 2.55919 0.0337132
9140.88283926 2.58459 0.0336727
9144.68193571 2.54399 0.0340576
9148.48103215 2.47336 0.0363357
9152.2801286 2.45073 0.0373446
9156.07922505 2.5695 0.0403695
9159.8783215 2.67346 0.0380467
9163.67741795 2.70298 0.0375966
9167.47651439 2.70923 0.0350572
9171.27561084 2.63003 0.035079
9175.07470729 2.57623 0.0353938
9178.87380374 2.58884 0.0355945
9182.67290018 2.54617 0.0356379
9186.47199663 2.44112 0.0353599
9190.27109308 2.3633 0.035422
9194.07018953 2.4194 0.0356519
9197.86928598 2.51842 0.0362437
9201.66838242 2.51335 0.0366241
9205.46747887 2.50618 0.0370592
9209.26657532 2.56906 0.0375262
9213.06567177 2.61027 0.0394307
9216.86476822 2.50602 0.0393503
9220.66386466 2.29642 0.0416605
9224.46296111 2.2387 0.0402255
9228.26205756 2.44444 0.0407552
9232.06115401 2.6114 0.0386732
9235.86025046 2.58298 0.0385379
9239.6593469 2.42115 0.0383729
9243.45844335 2.20963 0.0388592
9247.2575398 2.14802 0.0404191
9251.05663625 2.35694 0.0414799
9254.8557327 2.51832 0.0428023
9258.65482914 2.58717 0.0453591
9262.45392559 2.627 0.0486831
9266.25302204 2.56381 0.0474264
9270.05211849 2.54938 0.0437545
9273.85121493 2.52383 0.0414651
9277.65031138 2.37357 0.0416233
9281.44940783 2.28794 0.0441258
9285.24850428 2.43684 0.0460815
9289.04760073 2.51362 0.0508083
9292.84669717 2.375 0.0490602
9296.64579362 2.34234 0.049356
9300.44489007 2.47978 0.0526425
9304.24398652 2.70384 0.0669342
9308.04308297 3.10905 0.103001
9311.84217941 3.28652 0.103406
9315.64127586 2.98155 0.0856162
9319.44037231 2.95566 0.0843594
9323.23946876 2.87485 0.0734239
9327.03856521 2.63973 0.0733067
9330.83766165 2.6381 0.0639533
9334.6367581 2.58782 0.0655279
9338.43585455 2.07962 0.0548218
9342.234951 1.81267 0.0510045
9346.03404745 1.99853 0.0496424
9349.83314389 2.14108 0.0507547
9353.63224034 1.95624 0.0495924
9357.43133679 2.00302 0.0492272
9361.23043324 2.22797 0.0509293
9365.02952968 2.18689 0.0560803
9368.82862613 1.98694 0.0658069
9372.62772258 1.92478 0.0866787
9376.42681903 2.09193 0.0991814
9380.22591548 1.98954 0.0973143
9384.02501192 1.53042 0.087569
9387.82410837 1.16217 0.0803234
9391.62320482 1.33544 0.0723777
9395.42230127 1.59714 0.0716746
9399.22139772 1.6614 0.0770474
9403.02049416 1.53695 0.0736868
9406.81959061 1.4918 0.0673564
9410.61868706 1.57055 0.0632554
9414.41778351 1.64715 0.0712873
9418.21687996 1.64901 0.0769988
9422.0159764 1.55549 0.0742367
9425.81507285 1.3457 0.0629888
9429.6141693 1.29599 0.0594856
9433.41326575 1.388 0.0676572
9437.21236219 1.4463 0.0771687
9441.01145864 1.59689 0.0788186
9444.81055509 1.5987 0.069469
9448.60965154 1.45464 0.0623758
9452.40874799 1.44377 0.0680186
9456.20784443 1.62351 0.0693893
9460.00694088 1.58147 0.0683969
9463.80603733 1.50905 0.0599091
9467.60513378 1.55891 0.0577954
9471.40423023 1.57142 0.0685079
9475.20332667 1.39507 0.0718164
9479.00242312 1.18237 0.0701131
9482.80151957 1.37768 0.0584466
9486.60061602 1.73368 0.0569133
9490.39971247 1.84146 0.0567493
9494.19880891 1.60661 0.0561576
9497.99790536 1.43371 0.0628975
9501.79700181 1.48737 0.0618787
9505.59609826 1.56989 0.0632291
9509.39519471 1.65784 0.055051
9513.19429115 1.73981 0.0618033
9516.9933876 1.61704 0.0675035
9520.79248405 1.48691 0.0669563
9524.5915805 1.55586 0.0589388
9528.39067694 1.66131 0.0551151
9532.18977339 1.75178 0.05738
9535.98886984 1.78085 0.055317
9539.78796629 1.70817 0.0530615
9543.58706274 1.60209 0.0505349
9547.38615918 1.52606 0.0569325
9551.18525563 1.41108 0.0574107
9554.98435208 1.42527 0.0599074
9558.78344853 1.4201 0.0530964
9562.58254498 1.29723 0.0629109
9566.38164142 1.407 0.0607202
9570.18073787 1.47162 0.0598868
9573.97983432 1.26729 0.0492945
9577.77893077 1.13631 0.047035
9581.57802722 1.14716 0.0462676
9585.37712366 1.24336 0.0465317
9589.17622011 1.28746 0.0468396
9592.97531656 1.21401 0.0467349
9596.77441301 1.12683 0.0459174
9600.57350946 1.10448 0.0474618
9604.3726059 1.1436 0.0515681
9608.17170235 1.03958 0.052179
9611.9707988 0.93433 0.0504166
9615.76989525 0.948392 0.053736
9619.56899169 1.06796 0.055226
9623.36808814 1.27538 0.0568776
9627.16718459 1.3388 0.0493643
9630.96628104 1.33138 0.0474498
9634.76537749 1.31443 0.0460151
9638.56447393 1.33956 0.0450349
9642.36357038 1.39987 0.0446065
9646.16266683 1.36352 0.0449698
9649.96176328 1.29399 0.0466235
9653.76085973 1.41394 0.0493146
9657.55995617 1.51565 0.0503988
9661.35905262 1.36135 0.0503857
9665.15814907 1.28338 0.0538683
9668.95724552 1.379 0.055887
9672.75634197 1.3892 0.0567067
9676.55543841 1.34315 0.0603775
9680.35453486 1.17715 0.057772
9684.15363131 1.11834 0.0600898
9687.95272776 1.22966 0.0525435
9691.7518242 1.16697 0.0529294
9695.55092065 1.03762 0.0577918
9699.3500171 1.12666 0.0548444
9703.14911355 1.25026 0.0524292
9706.94821 1.28282 0.0518915
9710.74730644 1.42705 0.0517336
9714.54640289 1.56785 0.0630257
9718.34549934 1.42174 0.0563427
9722.14459579 1.18668 0.0575735
9725.94369224 1.18946 0.0489195
9729.74278868 1.27568 0.0500735
9733.54188513 1.40749 0.056716
9737.34098158 1.41681 0.0556352
9741.14007803 1.30023 0.0565105
9744.93917448 1.31663 0.0485506
9748.73827092 1.36685 0.0478214
9752.53736737 1.33131 0.043739
9756.33646382 1.28002 0.0428811
9760.13556027 1.21755 0.042566
9763.93465672 1.1947 0.0424225
9767.73375316 1.22721 0.0425165
9771.53284961 1.25005 0.0431088
9775.33194606 1.25988 0.0435594
9779.13104251 1.25033 0.0452475
9782.93013895 1.25181 0.0503245
9786.7292354 1.296 0.0647547
9790.52833185 1.41601 0.0735059
9794.3274283 1.53891 0.0868564
9798.12652475 1.53705 0.0656058
9801.92562119 1.33078 0.0631531
9805.72471764 1.20048 0.0579221
9809.52381409 1.23335 0.0591835
9813.32291054 1.35369 0.0595741
9817.12200699 1.39867 0.0532727
9820.92110343 1.34216 0.0505858
9824.72019988 1.26998 0.0497462
9828.51929633 1.23988 0.0493083
9832.31839278 1.20769 0.0478953
9836.11748923 1.23441 0.0457497
9839.91658567 1.38218 0.0469719
9843.71568212 1.48032 0.0551241
9847.51477857 1.2246 0.0562304
9851.31387502 1.09974 0.0558815
9855.11297146 1.26635 0.0482145
9858.91206791 1.37866 0.0480446
9862.71116436 1.29879 0.0497138
9866.51026081 1.13342 0.0589692
9870.30935726 1.18352 0.0659891
9874.1084537 1.33335 0.0662312
9877.90755015 1.28875 0.0558527
9881.7066466 1.27873 0.0535116
9885.50574305 1.24909 0.0530973
9889.3048395 1.27794 0.0603886
9893.10393594 1.43227 0.0614345
9896.90303239 1.33409 0.0645657
9900.70212884 1.14373 0.0557253
9904.50122529 1.15515 0.0543425
9908.30032174 1.33967 0.0610999
9912.09941818 1.44566 0.0717369
9915.89851463 1.31191 0.0723501
9919.69761108 1.33464 0.0611527
9923.49670753 1.3829 0.0546531
9927.29580398 1.42896 0.0543369
9931.09490042 1.44839 0.0561146
9934.89399687 1.47 0.0621678
9938.69309332 1.51962 0.0780244
9942.49218977 1.6568 0.11099
9946.29128621 1.41629 0.11431
9950.09038266 1.16748 0.101122
9953.88947911 1.32098 0.0955737
9957.68857556 1.86035 0.115541
9961.48767201 1.71115 0.0947726
9965.28676845 1.42336 0.0832484
9969.0858649 1.55064 0.0776758
9972.88496135 1.66855 0.0792296
9976.6840578 1.45093 0.0745944
9980.48315425 1.32952 0.0654704
9984.28225069 1.23766 0.0611283
9988.08134714 1.2081 0.0603253
9991.88044359 1.34847 0.0619197
9995.67954004 1.44883 0.0713028
9999.47863649 1.43838 0.075857
10003.2777329 1.41117 0.0831583
10007.0768294 1.332 0.090481
10010.8759258 1.09125 0.106518
10014.6750223 0.942328 0.111166
10018.4741187 1.217 0.0987952
10022.2732152 1.54992 0.097452
10026.0723116 1.30366 0.0899832
10029.8714081 1.07706 0.0808123
10033.6705045 1.15225 0.0739628
10037.469601 1.19081 0.0798374
10041.2686974 1.2273 0.0822285
10045.0677939 1.14059 0.0798478
10048.8668903 1.05992 0.0737563
10052.6659868 1.19262 0.0747215
10056.4650832 1.33076 0.0879035
10060.2641797 1.36755 0.0966327
10064.0632761 1.45419 0.107584
10067.8623725 1.51641 0.0987705
10071.661469 1.52769 0.0967929
10075.4605654 1.56878 0.0970846
10079.2596619 1.59897 0.106404
10083.0587583 1.32485 0.107482
10086.8578548 1.26566 0.0976427
10090.6569512 1.48666 0.0881811
10094.4560477 1.64134 0.0903259
10098.2551441 1.62438 0.10402
10102.0542406 1.63221 0.107111
10105.853337 1.55812 0.105688
10109.6524335 1.488 0.0945844
10113.4515299 1.47175 0.0945116
10117.2506264 1.37358 0.106745
10121.0497228 1.40031 0.125728
10124.8488193 1.48867 0.132711
10128.6479157 1.22738 0.122505
10132.4470122 1.16045 0.109903
10136.2461086 1.38183 0.11005
10140.0452051 1.38552 0.114397
10143.8443015 1.07975 0.123702
10147.643398 0.971432 0.144987
10151.4424944 0.948437 0.151627
10155.2415908 0.982814 0.158988
10159.0406873 1.25555 0.151151
10162.8397837 1.65165 0.154562
10166.6388802 1.96157 0.178637
10170.4379766 1.98154 0.18293
10174.2370731 1.89135 0.188457
10178.0361695 1.67735 0.169453
10181.835266 1.41493 0.169596
10185.6343624 1.56263 0.19356
10189.4334589 1.47461 0.185297
10193.2325553 0.958166 0.184052
10197.0316518 0.881297 0.175393
10200.8307482 0.724035 0.188209
10204.6298447 0.73302 0.229699
10208.4289411 1.66142 0.238387
10212.2280376 1.99695 0.227276
10216.027134 1.59553 0.198662
10219.8262305 1.37555 0.201473
10223.6253269 1.55518 0.224089
10227.4244234 1.61625 0.250667
10231.2235198 1.65623 0.224212
10235.0226163 2.08923 0.204287
10238.8217127 1.80371 0.191182
10242.6208092 1.27538 0.193766
10246.4199056 1.24027 0.197998
10250.219002 1.19995 0.203835
10254.0180985 1.33926 0.210697
10257.8171949 1.6376 0.221654
10261.6162914 1.94764 0.233287
10265.4153878 2.08557 0.255501
10269.2144843 1.76605 0.271671
10273.0135807 1.58591 0.286224
10276.8126772 1.78762 0.296161
10280.6117736 1.77974 0.355349
10284.4108701 0.857632 0.42192
10288.2099665 1.76765 0.476473
10292.009063 3.69468 0.456762
10295.8081594 4.97215 0.416701
10299.6072559 4.05417 0.403868
10303.4063523 3.01686 0.381792
10307.2054488 3.13216 0.395705
10311.0045452 2.56622 0.399116
10314.8036417 2.14902 0.38435
10318.6027381 2.5872 0.381956
10322.4018346 2.50641 0.398923
10326.200931 2.35172 0.41621
10330.0000275 1.61472 0.433778
10333.7991239 0.307412 0.450056
10337.5982203 0.149342 0.477364
10341.3973168 0.563975 0.529292
10345.1964132 1.31083 0.562689
10348.9955097 3.00804 0.604457
10352.7946061 2.66873 0.581978
10356.5937026 1.20121 0.583055
10360.392799 0.776978 0.584208
10364.1918955 0.433713 0.620699
10367.9909919 0.526174 0.737575
10371.7900884 2.125 0.794912
10375.5891848 3.12838 0.82788
10379.3882813 3.77554 0.736889
10383.1873777 3.361 0.741236
10386.9864742 2.9251 0.773527
10390.7855706 4.86736 0.852471
10394.5846671 5.03994 0.926793
10398.3837635 2.43437 0.964463
10402.18286 3.25679 0.928505
10405.9819564 4.81672 0.933139
10409.7810529 5.5969 0.986173
10413.5801493 7.69081 1.16142
10417.3792458 6.95034 1.25192
10421.1783422 1.18426 1.30184
10424.9774387 -0.212041 1.16939
10428.7765351 0.360783 1.16246
10432.5756315 1.98657 1.18055
10436.374728 4.66498 1.19414
10440.1738244 5.97968 1.23824
10443.9729209 4.88549 1.33235
10447.7720173 2.79915 1.45176
10451.5711138 1.21241 1.50631
10455.3702102 1.40771 1.50793
10459.1693067 1.05043 1.49529
10462.9684031 1.23992 1.64969
10466.7674996 3.72117 1.7654
10470.566596 7.18154 1.83499
10474.3656925 9.98342 1.74792
10478.1647889 7.79309 1.72736
10481.9638854 3.19456 1.77589
10485.7629818 3.29029 1.8056
10489.5620783 3.66165 1.8361
10493.3611747 3.61039 1.87976
10497.1602712 5.09825 1.95296
10500.9593676 2.99364 2.01496
10504.7584641 0.86826 2.14764
10508.5575605 3.86438 2.21054
10512.356657 5.65954 2.29736
10516.1557534 4.5205 2.25194
10519.9548498 5.06878 2.4415
10523.7539463 9.22903 2.50208
10527.5530427 11.6151 2.58452
10531.3521392 11.1784 2.44341
10535.1512356 6.57784 2.45199
10538.9503321 0.869033 2.47628
10542.7494285 2.49281 2.52122
10546.548525 6.33191 2.58192
10550.3476214 5.47398 2.64643
10554.1467179 5.11825 2.70697
10557.9458143 7.18457 2.75781
10561.7449108 3.53195 2.79341
10565.5440072 0.814729 2.85726
10569.3431037 1.48121 2.92788
10573.1422001 1.10941 2.9689
10576.9412966 4.9529 2.99456
10580.740393 7.79326 3.06297
10584.5394895 3.1399 3.13089
10588.3385859 -0.00512647 3.178
10592.1376824 10.049 3.16411
10595.9367788 10.6495 3.17069
10599.7358753 -3.75782 3.20192
10603.5349717 -4.27001 3.2121
10607.3340682 1.64937 3.25825
10611.1331646 2.66369 3.26587
10614.932261 0.61767 3.29584
10618.7313575 -4.33177 3.31877
10622.5304539 -2.84998 3.37891
10626.3295504 4.0937 3.43142
10630.1286468 8.4041 3.47083
10633.9277433 8.25919 3.50563
10637.7268397 2.88788 3.55865
10641.5259362 -1.53786 3.5869
10645.3250326 2.54685 3.64895
10649.1241291 9.9246 3.70761
10652.9232255 11.3387 3.77688
10656.722322 6.97077 3.78722
10660.5214184 5.29431 3.80282
10664.3205149 5.44237 3.8438
10668.1196113 -0.2521 3.90527
10671.9187078 -5.0056 3.95217
10675.7178042 -1.33066 4.02249
10679.5169007 -4.42514 4.11722
10683.3159971 -8.84972 4.26569
10687.1150936 -0.517824 4.3695
10690.91419 2.419 4.48388
10694.7132865 2.0842 4.54133
10698.5123829 3.12313 4.66826
10702.3114793 -1.52888 4.74576
10706.1105758 -4.03907 4.95484
10709.9096722 -1.13325 5.06658
10713.7087687 7.37991 5.23777
10717.5078651 16.0564 5.32389
10721.3069616 14.2481 5.50393
10725.106058 8.61946 5.88479
10728.9051545 -9.89873 6.03082
10732.7042509 -28.3364 6.22278
10736.5033474 -10.5071 6.26764
10740.3024438 0.0112318 6.60927
10744.1015403 -10.6281 7.01181
10747.9006367 -5.57111 7.49123
10751.6997332 1.19661 7.70427
10755.4988296 -1.60078 8.00254
10759.2979261 1.56827 8.078
10763.0970225 19.9965 8.56512
10766.896119 41.7517 9.05607
10770.6952154 52.8908 9.50471
10774.4943119 51.2101 9.93169
10778.2934083 30.6527 10.3011
10782.0925048 -9.07708 10.9051
10785.8916012 -25.0997 11.5269
10789.6906977 -31.1254 12.1251
10793.4897941 -42.5779 12.9131
10797.2888905 -15.2612 13.6657
10801.087987 -1.60887 14.5999
10804.8870834 -44.8654 15.6095
10808.6861799 -70.871 16.7225
10812.4852763 -58.9278 17.909
10816.2843728 -42.495 19.1111
10820.0834692 -0.636753 20.5662
10823.8825657 -7.04513 22.3048
10827.6816621 -98.5088 25.0494
10831.4807586 -78.2279 27.0272
10835.279855 13.5728 28.7054
10839.0789515 37.5304 28.8064
10842.8780479 92.9525 30.463
10846.6771444 92.5957 31.496
10850.4762408 40.1581 32.9204
10854.2753373 40.7158 34.4973
10858.0744337 70.1373 36.3175
10861.8735302 29.9225 37.2984
10865.6726266 -58.0224 38.4336
10869.4717231 -21.2866 39.2299
10873.2708195 -1.08977 40.0845
10877.069916 -140.825 40.3893
10880.8690124 -188.88 40.819
10884.6681088 -79.1512 40.571
10888.4672053 9.40232 40.1466
10892.2663017 16.0357 39.5219
10896.0653982 11.6131 37.9859
10899.8644946 31.2092 36.4016
10903.6635911 14.3894 34.1497
10907.4626875 -54.5191 31.7434
10911.261784 -57.6191 28.6933
10915.0608804 -61.2089 25.6414
10918.8599769 -62.1463 23.4918
10922.6590733 -3.13891 19.9132
10926.4581698 17.7248 18.5628
