#
# Keck ESI Spectrum of Quasar J1306+0356, z=6.016
#
# Source: Fan et al. 2001, AJ, 122, 2833
#         provided by the authors
#
# Wavelengths: 3901-10930 Angstroms
#
# wave - wavelength in Agnstroms
# flam - Flux in scaled F-lambda units
# sig - uncertainty on flam
wave          flam     sig
3901.90153953 -5.75946 10.1969
3905.70065098 -1.99572 8.91989
3909.49976243 2.03246 7.24584
3913.29887389 4.87167 5.90583
3917.09798534 4.67002 4.88752
3920.89709679 0.777834 4.10119
3924.69620824 -1.55811 3.46264
3928.4953197 -1.40839 2.95408
3932.29443115 -0.956629 2.54771
3936.0935426 -2.84812 2.22201
3939.89265405 -3.41423 1.95891
3943.69176551 -2.20259 1.72765
3947.49087696 0.432897 1.52922
3951.28998841 3.00744 1.3579
3955.08909986 2.01067 1.21807
3958.88821132 -0.769637 1.10081
3962.68732277 -2.13091 1.00718
3966.48643422 -0.108533 0.920521
3970.28554567 1.80758 0.844909
3974.08465712 0.918846 0.775129
3977.88376858 0.404431 0.714869
3981.68288003 0.908124 0.665235
3985.48199148 0.959076 0.617389
3989.28110293 0.183249 0.575136
3993.08021439 -0.944906 0.536102
3996.87932584 -0.99776 0.501222
4000.67843729 -0.758267 0.470708
4004.47754874 -0.8443 0.438508
4008.2766602 -0.109664 0.41372
4012.07577165 0.910549 0.388763
4015.8748831 1.05611 0.368988
4019.67399455 1.01683 0.347067
4023.47310601 1.0825 0.328309
4027.27221746 0.46308 0.311581
4031.07132891 0.154532 0.297075
4034.87044036 0.315454 0.284099
4038.66955181 -0.201612 0.272982
4042.46866327 -0.4004 0.261001
4046.26777472 0.239256 0.249727
4050.06688617 0.567997 0.2372
4053.86599762 0.346022 0.228106
4057.66510908 -0.0874227 0.219822
4061.46422053 -0.113942 0.214331
4065.26333198 0.140228 0.208124
4069.06244343 0.155737 0.201799
4072.86155489 0.414017 0.195077
4076.66066634 0.529803 0.189016
4080.45977779 0.156129 0.183677
4084.25888924 0.0102349 0.178862
4088.0580007 -0.086843 0.173985
4091.85711215 -0.276253 0.169518
4095.6562236 -0.108851 0.164941
4099.45533505 0.18275 0.16146
4103.2544465 0.188304 0.157605
4107.05355796 0.0366778 0.153721
4110.85266941 -0.0527596 0.150469
4114.65178086 -0.140402 0.147675
4118.45089231 -0.189165 0.145657
4122.25000377 -0.13448 0.142859
4126.04911522 -0.0324999 0.14123
4129.84822667 0.120443 0.139109
4133.64733812 0.167957 0.137996
4137.44644958 -0.0402684 0.135928
4141.24556103 -0.165849 0.134549
4145.04467248 0.00776299 0.132662
4148.84378393 0.0770124 0.131064
4152.64289539 0.0557314 0.130491
4156.44200684 0.149185 0.129088
4160.24111829 0.0196081 0.128883
4164.04022974 -0.220215 0.127827
4167.83934119 -0.301368 0.128009
4171.63845265 -0.228292 0.125787
4175.4375641 0.0160635 0.12456
4179.23667555 0.248677 0.123336
4183.035787 0.158488 0.124128
4186.83489846 -0.111127 0.123916
4190.63400991 -0.120408 0.123824
4194.43312136 -0.0727467 0.123019
4198.23223281 -0.106288 0.123073
4202.03134427 -0.0975514 0.123933
4205.83045572 -0.156374 0.125578
4209.62956717 -0.0671591 0.125919
4213.42867862 0.12709 0.126143
4217.22779008 0.184437 0.126072
4221.02690153 0.197976 0.126003
4224.82601298 -0.0237241 0.125588
4228.62512443 -0.298074 0.125421
4232.42423588 -0.319873 0.125762
4236.22334734 -0.14765 0.125902
4240.02245879 0.0595353 0.125893
4243.82157024 0.0502454 0.12623
4247.62068169 -0.060628 0.125272
4251.41979315 -0.0573386 0.124332
4255.2189046 0.0045417 0.123109
4259.01801605 -0.00456094 0.122627
4262.8171275 -0.154345 0.121505
4266.61623896 -0.174195 0.119759
4270.41535041 0.062428 0.118408
4274.21446186 0.173031 0.116201
4278.01357331 0.0585645 0.114889
4281.81268477 -0.0511193 0.113182
4285.61179622 0.0605017 0.111472
4289.41090767 0.103058 0.108346
4293.21001912 0.0232935 0.105701
4297.00913057 0.137605 0.102832
4300.80824203 0.146824 0.100686
4304.60735348 -0.0516845 0.0973761
4308.40646493 -0.139217 0.0962638
4312.20557638 -0.00953001 0.0946683
4316.00468784 0.0904808 0.0922295
4319.80379929 0.0409057 0.0903445
4323.60291074 0.00651189 0.0885375
4327.40202219 -0.00788997 0.0865807
4331.20113365 0.0232764 0.0849918
4335.0002451 0.0168295 0.0829103
4338.79935655 0.0212372 0.0806767
4342.598468 0.15182 0.0776708
4346.39757945 0.122964 0.0759166
4350.19669091 -0.0441191 0.0752574
4353.99580236 -0.0503535 0.0750998
4357.79491381 0.036328 0.0737027
4361.59402526 0.0898843 0.0719307
4365.39313672 0.122296 0.0701902
4369.19224817 0.110794 0.0684474
4372.99135962 0.130802 0.0680458
4376.79047107 0.141373 0.0656218
4380.58958253 0.137081 0.064142
4384.38869398 0.153924 0.0629459
4388.18780543 0.0717964 0.0634692
4391.98691688 0.00414706 0.0634942
4395.78602834 0.0414175 0.0628459
4399.58513979 0.0656906 0.0620078
4403.38425124 0.0296449 0.0625112
4407.18336269 -0.0303377 0.0626429
4410.98247414 0.018142 0.0621635
4414.7815856 0.110186 0.060892
4418.58069705 0.0773705 0.0596729
4422.3798085 -0.0157753 0.0592448
4426.17891995 -0.0724013 0.0583923
4429.97803141 -0.0969951 0.0579284
4433.77714286 -0.0950619 0.0572167
4437.57625431 -0.0401908 0.0575808
4441.37536576 0.0529973 0.0587572
4445.17447722 0.0616034 0.0591737
4448.97358867 -0.0168393 0.0584326
4452.77270012 -0.0125021 0.0574276
4456.57181157 0.0463822 0.0567624
4460.37092303 0.0605063 0.0568769
4464.17003448 0.00816569 0.0583752
4467.96914593 -0.0957399 0.0635982
4471.76825738 -0.171007 0.0831679
4475.56736883 -0.208799 0.121732
4479.36648029 -0.920171 0.866801
4483.16559174 0.0633993 0.768589
4486.96470319 0.326113 0.682282
4490.76381464 0.230605 0.61498
4494.5629261 0.0481505 0.546704
4498.36203755 -0.437094 0.495258
4502.161149 -0.623473 0.45761
4505.96026045 -0.249084 0.42357
4509.75937191 -0.108516 0.391193
4513.55848336 -0.141941 0.34822
4517.35759481 -0.00700556 0.325494
4521.15670626 -0.160631 0.130401
4524.95581772 -0.0635056 0.0874397
4528.75492917 -0.00905227 0.0704085
4532.55404062 -0.0666935 0.0656724
4536.35315207 -0.0720762 0.0659969
4540.15226352 0.0162436 0.0660799
4543.95137498 0.0862868 0.0664628
4547.75048643 0.161501 0.066985
4551.54959788 0.119027 0.0670305
4555.34870933 -0.0597402 0.0676157
4559.14782079 -0.159464 0.0682019
4562.94693224 -0.100606 0.0695701
4566.74604369 0.0309128 0.0705143
4570.54515514 0.0371754 0.0708513
4574.3442666 -0.116821 0.0702578
4578.14337805 -0.190178 0.0702519
4581.9424895 -0.0949515 0.0700284
4585.74160095 0.0157763 0.0695056
4589.54071241 0.0590345 0.0696004
4593.33982386 0.0405355 0.0693733
4597.13893531 0.0193473 0.0696077
4600.93804676 0.0232966 0.0690535
4604.73715821 0.00417238 0.0691683
4608.53626967 0.00181723 0.0682905
4612.33538112 0.0579367 0.0685253
4616.13449257 0.0721579 0.0670754
4619.93360402 -0.046876 0.0665699
4623.73271548 -0.0927871 0.0650259
4627.53182693 0.0197883 0.0641161
4631.33093838 0.0657672 0.0627813
4635.13004983 0.0211631 0.0607712
4638.92916129 -0.00512839 0.0593801
4642.72827274 -0.0333803 0.0585555
4646.52738419 -0.0745957 0.0588247
4650.32649564 -0.098273 0.0585719
4654.1256071 -0.100121 0.0578814
4657.92471855 -0.0696653 0.0568421
4661.72383 -0.00158089 0.0562015
4665.52294145 0.0146654 0.0548883
4669.3220529 0.00116828 0.0537443
4673.12116436 0.032978 0.0527913
4676.92027581 0.0248798 0.0518508
4680.71938726 -0.0109041 0.0510119
4684.51849871 -0.00115386 0.0497352
4688.31761017 0.0370407 0.0487412
4692.11672162 0.0496049 0.0478767
4695.91583307 0.0256737 0.0472014
4699.71494452 0.002054 0.0471506
4703.51405598 -0.0470998 0.046381
4707.31316743 -0.105183 0.0457257
4711.11227888 -0.102869 0.0453318
4714.91139033 -0.0709544 0.0447168
4718.71050179 -0.0316238 0.0452728
4722.50961324 -0.0114366 0.0441852
4726.30872469 -0.0554822 0.0434485
4730.10783614 -0.124798 0.0419978
4733.90694759 -0.1445 0.0416107
4737.70605905 -0.0969514 0.0413336
4741.5051705 -0.0420835 0.0413488
4745.30428195 -0.0206272 0.0412028
4749.1033934 -0.0551133 0.0411842
4752.90250486 -0.0709146 0.0412415
4756.70161631 -0.0366593 0.0409636
4760.50072776 -0.0132226 0.0407103
4764.29983921 0.0439057 0.0400008
4768.09895067 0.117375 0.039948
4771.89806212 0.0900644 0.0403535
4775.69717357 0.0332065 0.0409216
4779.49628502 0.0285191 0.0412383
4783.29539648 -0.0267472 0.0406331
4787.09450793 -0.0593263 0.0401701
4790.89361938 -0.0274815 0.0399614
4794.69273083 -0.00736373 0.0406339
4798.49184228 0.0346478 0.040047
4802.29095374 0.0337077 0.0396772
4806.09006519 0.00452065 0.0394031
4809.88917664 -0.0221192 0.040199
4813.68828809 -0.0371916 0.0407398
4817.48739955 -0.0184848 0.0405628
4821.286511 -0.0551855 0.0406329
4825.08562245 -0.0463363 0.0413546
4828.8847339 0.00765654 0.0419716
4832.68384536 -0.0178158 0.0427237
4836.48295681 -0.0580536 0.042245
4840.28206826 -0.073882 0.042742
4844.08117971 -0.0498252 0.0424815
4847.88029117 -0.0162323 0.0426262
4851.67940262 0.00588393 0.0424472
4855.47851407 -0.0129849 0.0427959
4859.27762552 -0.0466493 0.0429118
4863.07673697 -0.00936038 0.042628
4866.87584843 -0.0194595 0.0429031
4870.67495988 -0.0484279 0.0433509
4874.47407133 0.00730071 0.0446743
4878.27318278 0.00588299 0.0447338
4882.07229424 -0.035121 0.0457718
4885.87140569 -0.000563232 0.0463133
4889.67051714 0.0269699 0.0468198
4893.46962859 0.0255222 0.0458799
4897.26874005 0.0468137 0.0455755
4901.0678515 0.0473188 0.0456614
4904.86696295 0.0341861 0.0466911
4908.6660744 -0.0148131 0.046418
4912.46518586 -0.0685443 0.0467048
4916.26429731 -0.0502767 0.0462032
4920.06340876 -0.0337914 0.0466845
4923.86252021 -0.0515822 0.0473129
4927.66163166 -0.073954 0.0484928
4931.46074312 -0.0791765 0.0488373
4935.25985457 -0.0671228 0.0488513
4939.05896602 -0.0296108 0.0488367
4942.85807747 0.0165258 0.0488247
4946.65718893 0.0204177 0.0487787
4950.45630038 -0.00380502 0.0484738
4954.25541183 -0.0323232 0.0480179
4958.05452328 -0.0878479 0.0475738
4961.85363474 -0.11116 0.0473709
4965.65274619 -0.0252638 0.0472211
4969.45185764 0.0383205 0.0466188
4973.25096909 0.00472728 0.0460377
4977.05008055 -0.0246524 0.045238
4980.849192 -0.0143682 0.0439164
4984.64830345 -0.0308577 0.0432218
4988.4474149 -0.0613095 0.0431022
4992.24652635 -0.0406058 0.0439185
4996.04563781 0.0194992 0.0438549
4999.84474926 0.0330216 0.0430953
5003.64386071 -0.032957 0.0423536
5007.44297216 -0.0599325 0.0420766
5011.24208362 0.000251406 0.0416884
5015.04119507 0.0720891 0.0411429
5018.84030652 0.0872311 0.0400848
5022.63941797 0.00200219 0.0405278
5026.43852943 -0.0901466 0.04105
5030.23764088 -0.0741272 0.0418854
5034.03675233 -0.0379348 0.040624
5037.83586378 -0.0220737 0.0394314
5041.63497523 -0.0122729 0.03813
5045.43408669 -0.0446995 0.0379461
5049.23319814 -0.0885201 0.0377028
5053.03230959 -0.107155 0.0374125
5056.83142104 -0.0610565 0.036624
5060.6305325 0.00338405 0.0360175
5064.42964395 0.00286851 0.0353848
5068.2287554 -0.0351493 0.0352869
5072.02786685 -0.0399001 0.0349538
5075.82697831 0.00384616 0.0346742
5079.62608976 0.0276798 0.0342801
5083.42520121 -0.00676648 0.0336497
5087.22431266 -0.0202341 0.0333188
5091.02342412 0.0361064 0.0325352
5094.82253557 0.043478 0.031845
5098.62164702 -0.0324277 0.0314619
5102.42075847 -0.0381107 0.0311913
5106.21986992 -0.00290357 0.0310297
5110.01898138 -0.0297961 0.0309143
5113.81809283 -0.0589417 0.0304643
5117.61720428 -0.0465306 0.0304798
5121.41631573 0.0160919 0.0300459
5125.21542719 0.0521313 0.030026
5129.01453864 0.0425642 0.0299792
5132.81365009 0.0133813 0.0301131
5136.61276154 -0.0237055 0.0300763
5140.411873 0.00121517 0.0296491
5144.21098445 0.0190106 0.0293533
5148.0100959 0.0129691 0.0294161
5151.80920735 0.0343429 0.0295349
5155.60831881 0.0531807 0.0296904
5159.40743026 0.0449495 0.0294773
5163.20654171 0.0222247 0.0294663
5167.00565316 -0.00263371 0.0289104
5170.80476461 -0.011231 0.0287893
5174.60387607 0.0350716 0.0286512
5178.40298752 0.0455026 0.0285719
5182.20209897 -0.0169897 0.028522
5186.00121042 -0.0406722 0.0284476
5189.80032188 -0.0192564 0.0282718
5193.59943333 0.000347789 0.0289792
5197.39854478 0.0115731 0.0293311
5201.19765623 0.0235348 0.0293285
5204.99676769 0.015951 0.0285713
5208.79587914 -0.0311443 0.0283291
5212.59499059 -0.085363 0.0290131
5216.39410204 -0.0879742 0.0293224
5220.1932135 -0.0394934 0.0296998
5223.99232495 0.0081141 0.0296621
5227.7914364 0.0358818 0.0296975
5231.59054785 0.0372208 0.0293119
5235.3896593 -0.00470266 0.0293975
5239.18877076 -0.0280712 0.0287919
5242.98788221 -0.00284903 0.0292654
5246.78699366 0.0134183 0.0295561
5250.58610511 -0.033309 0.0304491
5254.38521657 -0.0849545 0.0307861
5258.18432802 -0.0602865 0.0307084
5261.98343947 0.00732586 0.0306989
5265.78255092 0.0284631 0.0301874
5269.58166238 -0.0124931 0.0305997
5273.38077383 -0.0104065 0.0314493
5277.17988528 0.030225 0.0320104
5280.97899673 0.0437076 0.0320949
5284.77810819 0.0381294 0.0318293
5288.57721964 0.00217953 0.0318294
5292.37633109 0.0097733 0.0320301
5296.17544254 0.0437269 0.032128
5299.97455399 0.0409429 0.0326872
5303.77366545 0.0222277 0.0330515
5307.5727769 -0.00161352 0.033462
5311.37188835 0.00923347 0.0331192
5315.1709998 0.0474571 0.033166
5318.97011126 0.0918002 0.0330506
5322.76922271 0.0999138 0.0335168
5326.56833416 0.0620488 0.0340679
5330.36744561 0.0221256 0.0340397
5334.16655707 0.00645068 0.0342057
5337.96566852 0.0134328 0.0342859
5341.76477997 0.0205216 0.0345301
5345.56389142 0.0179332 0.0347886
5349.36300288 -0.00507662 0.0343508
5353.16211433 -0.0438645 0.0346646
5356.96122578 -0.0470778 0.0344249
5360.76033723 0.0133384 0.0339845
5364.55944868 0.0384454 0.0340415
5368.35856014 0.0349757 0.0340337
5372.15767159 0.0520141 0.0341273
5375.95678304 0.0121815 0.0339483
5379.75589449 -0.0586399 0.0337352
5383.55500595 -0.0668494 0.0335801
5387.3541174 -0.0271431 0.0329764
5391.15322885 -0.0245454 0.0328
5394.9523403 -0.0328143 0.0327475
5398.75145176 0.000286372 0.0327109
5402.55056321 0.0167262 0.0326524
5406.34967466 0.0294612 0.0322718
5410.14878611 0.0384577 0.0325581
5413.94789757 -0.0105755 0.0324529
5417.74700902 -0.00381061 0.0326295
5421.54612047 0.0410894 0.0314717
5425.34523192 0.01802 0.0313934
5429.14434337 -0.0125738 0.0312847
5432.94345483 -0.0247791 0.0315097
5436.74256628 -0.018957 0.0311819
5440.54167773 -0.028312 0.030452
5444.34078918 -0.0485153 0.0305407
5448.13990064 -0.0579937 0.0304977
5451.93901209 -0.0633666 0.0303911
5455.73812354 -0.0326927 0.0298346
5459.53723499 -0.0145005 0.0294115
5463.33634645 -0.0432665 0.0295271
5467.1354579 -0.0431403 0.0295552
5470.93456935 0.00465668 0.0290445
5474.7336808 0.0245542 0.0287799
5478.53279226 0.00469133 0.0289914
5482.33190371 0.00411572 0.0293251
5486.13101516 0.0294592 0.029005
5489.93012661 0.00554704 0.0285839
5493.72923806 -0.0576946 0.0283028
5497.52834952 -0.0656199 0.0281251
5501.32746097 -0.0370933 0.0277546
5505.12657242 -0.0283513 0.0273722
5508.92568387 -0.0277425 0.0272062
5512.72479533 -0.0458781 0.0270725
5516.52390678 -0.0568483 0.0271033
5520.32301823 -0.0452275 0.0263385
5524.12212968 -0.0125591 0.0260968
5527.92124114 0.024845 0.0260798
5531.72035259 0.0259724 0.0260083
5535.51946404 0.0409364 0.0253596
5539.31857549 0.0381463 0.0252551
5543.11768695 -0.0130682 0.0258842
5546.9167984 -0.0184251 0.0261389
5550.71590985 -0.00559925 0.0256536
5554.5150213 -0.0226254 0.0250911
5558.31413275 -0.0320254 0.024838
5562.11324421 -0.00642784 0.0247309
5565.91235566 0.0068284 0.0246664
5569.71146711 -0.0316479 0.0251593
5573.51057856 -0.020773 0.0282538
5577.30969002 0.0360423 0.0290761
5581.10880147 -0.0213028 0.0285559
5584.90791292 -0.0553787 0.0250962
5588.70702437 -0.0436617 0.0238469
5592.50613583 -0.0401566 0.0235427
5596.30524728 -0.0382331 0.0232941
5600.10435873 -0.00477824 0.0239113
5603.90347018 0.0292006 0.0238028
5607.70258164 0.0134116 0.0236556
5611.50169309 -0.0106608 0.0233112
5615.30080454 -0.00883157 0.0234799
5619.09991599 0.00563626 0.0237413
5622.89902744 0.0132924 0.0233239
5626.6981389 -0.00606116 0.0230954
5630.49725035 -0.0234605 0.0229526
5634.2963618 -0.014254 0.0231181
5638.09547325 -0.0108587 0.0229703
5641.89458471 -0.0246146 0.0226544
5645.69369616 -0.0308506 0.0225938
5649.49280761 0.00191702 0.0225703
5653.29191906 0.0329186 0.022681
5657.09103052 0.014261 0.0225574
5660.89014197 -0.00917475 0.0230532
5664.68925342 -0.0173503 0.0233159
5668.48836487 -0.0292149 0.0233317
5672.28747633 -0.0375949 0.023444
5676.08658778 -0.0347118 0.0234401
5679.88569923 -0.0354219 0.0235103
5683.68481068 -0.0298608 0.0234997
5687.48392213 0.0201016 0.023483
5691.28303359 0.0668108 0.0237057
5695.08214504 0.0569348 0.0238122
5698.88125649 0.0295647 0.0239985
5702.68036794 0.00532221 0.0240414
5706.4794794 0.000783083 0.0237788
5710.27859085 0.0139908 0.0236669
5714.0777023 0.0023442 0.0236971
5717.87681375 -0.00421712 0.0237895
5721.67592521 -0.00408008 0.0240071
5725.47503666 -0.00417726 0.0244699
5729.27414811 0.0329875 0.0247872
5733.07325956 0.0240315 0.0249932
5736.87237102 -0.0231571 0.0246464
5740.67148247 -0.0130953 0.02492
5744.47059392 0.0129406 0.0248675
5748.26970537 0.0054337 0.0252193
5752.06881682 -0.00478337 0.024813
5755.86792828 0.00310409 0.0251441
5759.66703973 0.00604495 0.0251091
5763.46615118 0.0100096 0.0253535
5767.26526263 -0.00312672 0.0255373
5771.06437409 -0.0591669 0.0255751
5774.86348554 -0.0844863 0.0253339
5778.66259699 -0.0538928 0.025101
5782.46170844 -0.0176415 0.0254046
5786.2608199 0.0103426 0.0256075
5790.05993135 0.0145207 0.025718
5793.8590428 -0.0118446 0.0259237
5797.65815425 -0.0245869 0.0265264
5801.4572657 -0.0127103 0.0262507
5805.25637716 -0.0614479 0.0250663
5809.05548861 -0.123216 0.0249406
5812.85460006 -0.0788086 0.0253453
5816.65371151 -0.000780238 0.0267846
5820.45282297 0.00247466 0.0270779
5824.25193442 0.00741405 0.0275861
5828.05104587 0.00444237 0.0274256
5831.85015732 -0.0643591 0.0273721
5835.64926878 -0.0894257 0.0276183
5839.44838023 -0.0126492 0.0278086
5843.24749168 0.0193543 0.0282211
5847.04660313 0.00805235 0.028248
5850.84571459 -0.0160049 0.0282068
5854.64482604 -0.0601805 0.0277591
5858.44393749 -0.0525054 0.0276192
5862.24304894 -0.0163688 0.0290593
5866.04216039 -0.0262491 0.0294631
5869.84127185 -0.0556706 0.0295942
5873.6403833 -0.0503697 0.0284443
5877.43949475 -0.0274426 0.0283212
5881.2386062 -0.000539673 0.0279859
5885.03771766 0.0144191 0.0305357
5888.83682911 -0.00447424 0.0306307
5892.63594056 -0.0168559 0.0335225
5896.43505201 -0.0236855 0.0299453
5900.23416347 -0.0446323 0.0293679
5904.03327492 -0.030701 0.0278636
5907.83238637 0.0251013 0.027537
5911.63149782 0.0312136 0.0283936
5915.43060928 -0.0342454 0.027644
5919.22972073 -0.0671086 0.0279112
5923.02883218 -0.0453195 0.0272099
5926.82794363 -0.032001 0.0274793
5930.62705508 -0.0411631 0.0278596
5934.42616654 -0.0356698 0.027939
5938.22527799 -0.0267248 0.027586
5942.02438944 -0.0206073 0.0274374
5945.82350089 0.00988383 0.027042
5949.62261235 0.0214685 0.0275824
5953.4217238 -0.0209824 0.0269718
5957.22083525 -0.0594499 0.0268514
5961.0199467 -0.0426385 0.0262285
5964.81905816 -0.0138692 0.0265435
5968.61816961 -0.00690285 0.0265177
5972.41728106 -0.00408009 0.0277952
5976.21639251 0.00230732 0.0278916
5980.01550397 -0.00204316 0.0285252
5983.81461542 -0.0160467 0.0272161
5987.61372687 -0.0272706 0.0267333
5991.41283832 -0.0200339 0.0261944
5995.21194977 -0.00351361 0.0255454
5999.01106123 -0.000542359 0.0258089
6002.81017268 0.0267125 0.0255517
6006.60928413 0.023618 0.025567
6010.40839558 -0.0422456 0.0247865
6014.20750704 -0.0827845 0.0244686
6018.00661849 -0.0546996 0.0242554
6021.80572994 -0.00703153 0.024502
6025.60484139 -0.0130864 0.0242812
6029.40395285 -0.0352446 0.024069
6033.2030643 -0.0178453 0.0231255
6037.00217575 -0.00434624 0.0229449
6040.8012872 -0.013304 0.0228387
6044.60039866 0.00371728 0.0228707
6048.39951011 0.0294359 0.0225119
6052.19862156 0.00654072 0.0224797
6055.99773301 -0.0281662 0.0218863
6059.79684446 -0.024507 0.0217496
6063.59595592 -0.00735717 0.021329
6067.39506737 -0.00253883 0.0214256
6071.19417882 -0.00991603 0.021178
6074.99329027 -0.0315947 0.0211272
6078.79240173 -0.0458042 0.0210137
6082.59151318 -0.0129731 0.0209844
6086.39062463 0.00971362 0.0208458
6090.18973608 -0.00640817 0.0206459
6093.98884754 -0.00700878 0.0206845
6097.78795899 -0.0109094 0.0205517
6101.58707044 -0.0213655 0.0210322
6105.38618189 0.000424889 0.0210668
6109.18529335 0.0307353 0.0212728
6112.9844048 0.0536214 0.0208587
6116.78351625 0.0608609 0.0204083
6120.5826277 0.0434121 0.0201758
6124.38173915 0.0211918 0.0200103
6128.18085061 0.00899067 0.0201314
6131.97996206 0.00185099 0.0200537
6135.77907351 -0.0129689 0.0202821
6139.57818496 -0.0175821 0.0206332
6143.37729642 -0.00486913 0.020778
6147.17640787 -0.0127462 0.0205748
6150.97551932 -0.016577 0.0201454
6154.77463077 3.22905e-05 0.0200559
6158.57374223 -0.0174523 0.0198639
6162.37285368 -0.0503928 0.0198916
6166.17196513 -0.0451212 0.0199741
6169.97107658 -0.025526 0.0196943
6173.77018804 -0.01631 0.0194911
6177.56929949 -0.0010456 0.0191119
6181.36841094 0.00886012 0.0195048
6185.16752239 0.00148717 0.019688
6188.96663384 0.00167912 0.0195067
6192.7657453 0.0232508 0.0192208
6196.56485675 0.019427 0.019066
6200.3639682 -0.0176445 0.0195425
6204.16307965 -0.0207836 0.0196304
6207.96219111 0.00579892 0.0197608
6211.76130256 -0.00137127 0.0193411
6215.56041401 -0.0330112 0.0195057
6219.35952546 -0.0281777 0.0198367
6223.15863692 -0.00777941 0.0201539
6226.95774837 -0.000570578 0.0196109
6230.75685982 0.0270825 0.0204527
6234.55597127 0.0322945 0.0214137
6238.35508273 -0.00393558 0.0227566
6242.15419418 -0.0145908 0.0212594
6245.95330563 -0.0216602 0.0201768
6249.75241708 -0.0104869 0.0197577
6253.55152853 0.0211921 0.0206159
6257.35063999 0.0416365 0.0209842
6261.14975144 0.0440378 0.0220182
6264.94886289 0.00628345 0.0208729
6268.74797434 -0.0242542 0.0209768
6272.5470858 -0.0065206 0.0207526
6276.34619725 0.00795254 0.021244
6280.1453087 0.029446 0.0214723
6283.94442015 0.0601096 0.0219881
6287.74353161 0.0625666 0.0218532
6291.54264306 0.0271715 0.0218971
6295.34175451 0.00370291 0.0235764
6299.14086596 0.0408876 0.0241314
6302.93997742 0.0549274 0.0258975
6306.73908887 0.0252399 0.0227052
6310.53820032 0.0357113 0.0224168
6314.33731177 0.0368783 0.0211937
6318.13642322 0.0116397 0.0217917
6321.93553468 0.0110146 0.0216624
6325.73464613 0.00708431 0.0228026
6329.53375758 -0.0203357 0.022041
6333.33286903 -0.0138736 0.0224062
6337.13198049 0.024087 0.0218212
6340.93109194 0.0304243 0.0223872
6344.73020339 0.0147234 0.0228413
6348.52931484 0.0144085 0.0231727
6352.3284263 0.00549561 0.0240277
6356.12753775 0.011669 0.0235646
6359.9266492 0.0345639 0.0252862
6363.72576065 0.037314 0.0244128
6367.52487211 0.0296895 0.024382
6371.32398356 0.0665911 0.0225082
6375.12309501 0.105929 0.022782
6378.92220646 0.0918078 0.0231841
6382.72131791 0.0828682 0.0236529
6386.52042937 0.0653783 0.0233483
6390.31954082 0.0254068 0.0235167
6394.11865227 1.25298e-05 0.0234023
6397.91776372 -0.00783636 0.0233992
6401.71687518 0.0164839 0.02342
6405.51598663 0.0 0.0
6409.31509808 0.0 0.0
6413.11420953 0.0 0.0
6416.91332099 0.00413387 0.0239371
6420.71243244 0.0511108 0.0240898
6424.51154389 0.0538452 0.0240519
6428.31065534 0.0565863 0.0237648
6432.1097668 0.0555139 0.0236381
6435.90887825 0.0451767 0.0237054
6439.7079897 0.140554 0.0239883
6443.50710115 0.27146 0.0243146
6447.3062126 0.230675 0.0241923
6451.10532406 0.0899229 0.0240621
6454.90443551 0.080647 0.023852
6458.70354696 0.129328 0.0242386
6462.50265841 0.0395608 0.0249763
6466.30176987 -0.0398042 0.0257584
6470.10088132 -0.0208711 0.0255528
6473.89999277 -0.0287974 0.0251228
6477.69910422 -0.00239664 0.0243085
6481.49821568 0.0648938 0.024129
6485.29732713 0.0904922 0.023727
6489.09643858 0.0719853 0.0235995
6492.89555003 0.0317979 0.0240406
6496.69466149 0.0306282 0.0246317
6500.49377294 0.119506 0.02545
6504.29288439 0.167362 0.0249241
6508.09199584 0.112415 0.0242105
6511.89110729 0.126619 0.0234447
6515.69021875 0.197869 0.0233856
6519.4893302 0.2117 0.0238324
6523.28844165 0.20948 0.0239397
6527.0875531 0.137531 0.0241783
6530.88666456 0.0196337 0.0241519
6534.68577601 -0.0103205 0.0239012
6538.48488746 0.00591951 0.0239648
6542.28399891 0.0262535 0.0235728
6546.08311037 0.0393369 0.0233888
6549.88222182 0.00467543 0.0235542
6553.68133327 0.00121456 0.022872
6557.48044472 0.0439286 0.0231892
6561.27955617 0.0573235 0.0223402
6565.07866763 0.0879638 0.0235023
6568.87777908 0.130674 0.0243642
6572.67689053 0.0934948 0.0268518
6576.47600198 0.0901309 0.0265807
6580.27511344 0.127837 0.026241
6584.07422489 0.0785595 0.0250575
6587.87333634 0.0543799 0.0244505
6591.67244779 0.0832923 0.0242953
6595.47155925 0.116345 0.0236334
6599.2706707 0.149308 0.0244249
6603.06978215 0.19647 0.0235844
6606.8688936 0.176761 0.023687
6610.66800506 0.12791 0.0228387
6614.46711651 0.158797 0.0225836
6618.26622796 0.12634 0.0226115
6622.06533941 0.103994 0.0223909
6625.86445086 0.156877 0.0223415
6629.66356232 0.120755 0.0221802
6633.46267377 0.0660165 0.0219025
6637.26178522 0.0293711 0.0216257
6641.06089667 0.0175314 0.0207617
6644.86000813 0.0654276 0.0205011
6648.65911958 0.0877329 0.020278
6652.45823103 0.0460816 0.0202521
6656.25734248 0.00900421 0.0200022
6660.05645394 0.00684211 0.0199937
6663.85556539 0.0414329 0.0198242
6667.65467684 0.147839 0.0195274
6671.45378829 0.298514 0.0193469
6675.25289975 0.389847 0.0193395
6679.0520112 0.333512 0.0193251
6682.85112265 0.201755 0.0195113
6686.6502341 0.145996 0.0196924
6690.44934555 0.15801 0.0195321
6694.24845701 0.127839 0.0192272
6698.04756846 0.0961562 0.0190526
6701.84667991 0.0537958 0.0193075
6705.64579136 0.00919502 0.0190593
6709.44490282 0.0580086 0.0185221
6713.24401427 0.110909 0.018125
6717.04312572 0.0775397 0.0180487
6720.84223717 0.0509736 0.0181945
6724.64134863 0.097363 0.018347
6728.44046008 0.113194 0.0183543
6732.23957153 0.117467 0.0183687
6736.03868298 0.140716 0.0182454
6739.83779444 0.20652 0.0184471
6743.63690589 0.322253 0.0179957
6747.43601734 0.281848 0.017756
6751.23512879 0.197267 0.017488
6755.03424024 0.212706 0.0177002
6758.8333517 0.188194 0.01771
6762.63246315 0.106028 0.0176063
6766.4315746 0.0957069 0.0172413
6770.23068605 0.121795 0.0171838
6774.02979751 0.0941954 0.0170872
6777.82890896 0.0825228 0.0170657
6781.62802041 0.0997164 0.0168525
6785.42713186 0.0515666 0.0165778
6789.22624332 0.0116721 0.0165975
6793.02535477 0.11199 0.0166555
6796.82446622 0.234926 0.0168605
6800.62357767 0.206234 0.017233
6804.42268913 0.0834779 0.0172329
6808.22180058 0.011386 0.0171639
6812.02091203 -0.00626324 0.0168799
6815.82002348 -0.00900901 0.0167815
6819.61913493 0.00120997 0.0164552
6823.41824639 -0.00340724 0.0174572
6827.21735784 -0.00339813 0.0190403
6831.01646929 0.062108 0.0219292
6834.81558074 0.0883861 0.0199716
6838.6146922 0.0433481 0.0188258
6842.41380365 0.0569186 0.0172895
6846.2129151 0.099018 0.0172248
6850.01202655 0.0665449 0.0167331
6853.81113801 0.0547473 0.0166569
6857.61024946 0.137909 0.0172573
6861.40936091 0.201357 0.0186041
6865.20847236 0.100849 0.0201839
6869.00758382 -0.0226752 0.0209399
6872.80669527 0.0235621 0.0199846
6876.60580672 0.116431 0.0195052
6880.40491817 0.148049 0.0183907
6884.20402962 0.109781 0.0187721
6888.00314108 0.0510704 0.0186756
6891.80225253 0.0191205 0.0190986
6895.60136398 -0.0125049 0.0190263
6899.40047543 0.0833551 0.0190715
6903.19958689 0.212008 0.0183329
6906.99869834 0.113853 0.0180332
6910.79780979 0.0644902 0.0177584
6914.59692124 0.159179 0.0178577
6918.3960327 0.144349 0.0184162
6922.19514415 0.0596944 0.0177173
6925.9942556 0.0699949 0.0176214
6929.79336705 0.130804 0.0165103
6933.59247851 0.140667 0.0169472
6937.39158996 0.0657523 0.0176154
6941.19070141 -0.00146926 0.0179522
6944.98981286 -0.00482006 0.0192317
6948.78892431 0.0082498 0.0185743
6952.58803577 0.0331962 0.0189162
6956.38714722 0.0781365 0.017586
6960.18625867 0.114264 0.0176365
6963.98537012 0.14686 0.0176828
6967.78448158 0.220656 0.0182076
6971.58359303 0.240791 0.018041
6975.38270448 0.143452 0.0188555
6979.18181593 0.0053398 0.0183618
6982.98092739 0.064216 0.0186638
6986.78003884 0.191091 0.0174089
6990.57915029 0.128528 0.0173667
6994.37826174 0.0295023 0.017468
6998.1773732 -0.00339887 0.0179452
7001.97648465 0.0539363 0.018186
7005.7755961 0.217713 0.0187332
7009.57470755 0.222653 0.0185008
7013.373819 0.0639258 0.0179789
7017.17293046 -0.00435971 0.0175932
7020.97204191 -0.00293085 0.0174915
7024.77115336 0.00900153 0.0180841
7028.57026481 0.0562192 0.0177409
7032.36937627 0.119801 0.0179362
7036.16848772 0.143235 0.0177296
7039.96759917 0.18808 0.0182189
7043.76671062 0.262261 0.0192788
7047.56582208 0.243626 0.0197597
7051.36493353 0.159978 0.0199051
7055.16404498 0.2745 0.0186745
7058.96315643 0.374222 0.018514
7062.76226789 0.250467 0.0184413
7066.56137934 0.157781 0.0188361
7070.36049079 0.128052 0.0190764
7074.15960224 0.0584827 0.0191431
7077.95871369 0.0427253 0.019195
7081.75782515 0.116585 0.0186011
7085.5569366 0.171595 0.0189038
7089.35604805 0.110496 0.0184701
7093.1551595 0.0385398 0.018651
7096.95427096 0.026791 0.0180106
7100.75338241 0.0289442 0.0182118
7104.55249386 0.032028 0.0185543
7108.35160531 0.0285569 0.0185794
7112.15071677 0.010466 0.0187108
7115.94982822 -0.0189654 0.0186745
7119.74893967 -0.0317457 0.0190135
7123.54805112 -0.0159199 0.019387
7127.34716258 0.00425669 0.0192773
7131.14627403 0.0134271 0.0194624
7134.94538548 0.0187133 0.0189622
7138.74449693 0.0170027 0.0194569
7142.54360838 0.00321235 0.0197568
7146.34271984 -0.00138581 0.0201491
7150.14183129 -0.00352764 0.0195311
7153.94094274 -0.0049841 0.0193422
7157.74005419 -0.00308079 0.0194999
7161.53916565 -0.00388039 0.0201871
7165.3382771 0.00256786 0.0204533
7169.13738855 0.015385 0.0206237
7172.9365 0.0275029 0.0205728
7176.73561146 0.0297396 0.0204244
7180.53472291 0.038047 0.0204136
7184.33383436 0.0726287 0.0201595
7188.13294581 0.0996599 0.0200996
7191.93205727 0.0868632 0.019751
7195.73116872 0.11261 0.0199643
7199.53028017 0.243207 0.0199333
7203.32939162 0.275431 0.0199914
7207.12850307 0.183781 0.0196233
7210.92761453 0.21704 0.0194769
7214.72672598 0.24324 0.0193379
7218.52583743 0.203079 0.0197422
7222.32494888 0.278481 0.0200548
7226.12406034 0.291164 0.0205806
7229.92317179 0.216114 0.0206324
7233.72228324 0.319416 0.021565
7237.52139469 0.453138 0.0244518
7241.32050615 0.344342 0.0284239
7245.1196176 0.241545 0.026921
7248.91872905 0.323972 0.0246504
7252.7178405 0.279557 0.0220295
7256.51695196 0.195755 0.021493
7260.31606341 0.39102 0.0205611
7264.11517486 0.705391 0.0204086
7267.91428631 0.711045 0.0207322
7271.71339776 0.544826 0.0229196
7275.51250922 0.535318 0.0227286
7279.31162067 0.528206 0.0240693
7283.11073212 0.365191 0.0218449
7286.90984357 0.142108 0.0216216
7290.70895503 0.0105686 0.0207696
7294.50806648 0.0144357 0.0214136
7298.30717793 0.103747 0.0236481
7302.10628938 0.13293 0.025381
7305.90540084 0.144934 0.0255846
7309.70451229 0.171402 0.024035
7313.50362374 0.14592 0.025028
7317.30273519 0.233384 0.0236597
7321.10184665 0.369889 0.0227784
7324.9009581 0.430968 0.0226719
7328.70006955 0.430375 0.0231523
7332.499181 0.244723 0.0235735
7336.29829245 0.196244 0.0238459
7340.09740391 0.213028 0.0231015
7343.89651536 0.0744248 0.0229244
7347.69562681 0.0346361 0.0206922
7351.49473826 0.0563785 0.0205651
7355.29384972 0.0271278 0.0221514
7359.09296117 -0.0123695 0.0215189
7362.89207262 0.0332102 0.021707
7366.69118407 0.212635 0.0217234
7370.49029553 0.603926 0.0214474
7374.28940698 0.627752 0.020701
7378.08851843 0.345408 0.0189859
7381.88762988 0.233861 0.0185532
7385.68674133 0.248967 0.0185029
7389.48585279 0.152447 0.019473
7393.28496424 0.16946 0.0196503
7397.08407569 0.444962 0.0211975
7400.88318714 0.579599 0.0194612
7404.6822986 0.310405 0.0189621
7408.48141005 0.0787456 0.0172909
7412.2805215 0.0120126 0.0171702
7416.07963295 0.164627 0.0172067
7419.87874441 0.431684 0.0169525
7423.67785586 0.556019 0.0169014
7427.47696731 0.563988 0.0174662
7431.27607876 0.470228 0.0174029
7435.07519022 0.317755 0.0188364
7438.87430167 0.119179 0.0175708
7442.67341312 0.0217244 0.0177579
7446.47252457 0.045526 0.0159713
7450.27163602 0.0283456 0.015304
7454.07074748 0.0645026 0.0150944
7457.86985893 0.235469 0.0156636
7461.66897038 0.32157 0.0170075
7465.46808183 0.181524 0.0175283
7469.26719329 0.113992 0.0184687
7473.06630474 0.09106 0.0176205
7476.86541619 0.103176 0.018794
7480.66452764 0.340445 0.0179442
7484.4636391 0.7155 0.0176018
7488.26275055 0.785643 0.0163134
7492.061862 0.622106 0.0156993
7495.86097345 0.374951 0.0155602
7499.66008491 0.265875 0.0150482
7503.45919636 0.238039 0.0142949
7507.25830781 0.134227 0.0141931
7511.05741926 0.0785185 0.0143165
7514.85653071 0.113062 0.0151988
7518.65564217 0.0721248 0.0166545
7522.45475362 0.0151197 0.0177643
7526.25386507 0.0419437 0.0184757
7530.05297652 0.125712 0.016452
7533.85208798 0.158942 0.0152847
7537.65119943 0.101935 0.0147958
7541.45031088 0.148664 0.0146972
7545.24942233 0.254193 0.0145548
7549.04853379 0.163405 0.0141326
7552.84764524 0.0776725 0.0147403
7556.64675669 0.110416 0.0148899
7560.44586814 0.0830742 0.0146184
7564.2449796 0.0895672 0.0144253
7568.04409105 0.209418 0.0158595
7571.8432025 0.257547 0.0163146
7575.64231395 0.200538 0.0156283
7579.4414254 0.177667 0.0140893
7583.24053686 0.12973 0.014463
7587.03964831 0.201079 0.0144195
7590.83875976 0.284749 0.015714
7594.63787121 0.247444 0.0179552
7598.43698267 0.270172 0.0244566
7602.23609412 0.319687 0.0319972
7606.03520557 0.122022 0.030653
7609.83431702 0.0391397 0.0274236
7613.63342848 0.058985 0.0222634
7617.43253993 0.0557606 0.0196932
7621.23165138 0.0452355 0.0192538
7625.03076283 0.0433117 0.0216907
7628.82987429 0.048417 0.0225884
7632.62898574 0.189551 0.0221506
7636.42809719 0.392115 0.0201567
7640.22720864 0.402609 0.0196667
7644.02632009 0.204256 0.0185431
7647.82543155 0.104697 0.0176194
7651.624543 0.0999334 0.0167523
7655.42365445 0.0508123 0.0159194
7659.2227659 0.138342 0.0159624
7663.02187736 0.330406 0.0148992
7666.82098881 0.253862 0.0145075
7670.62010026 0.101354 0.0132758
7674.41921171 0.0577357 0.0132725
7678.21832317 0.078655 0.013709
7682.01743462 0.118103 0.014393
7685.81654607 0.181848 0.0149739
7689.61565752 0.250299 0.014873
7693.41476898 0.209268 0.0148629
7697.21388043 0.133054 0.0148933
7701.01299188 0.183971 0.0144349
7704.81210333 0.233628 0.0138586
7708.61121478 0.182647 0.0151783
7712.41032624 0.0735759 0.0187608
7716.20943769 0.125238 0.0217832
7720.00854914 0.317002 0.0204704
7723.80766059 0.315336 0.0173593
7727.60677205 0.175058 0.0161977
7731.4058835 0.123456 0.0155457
7735.20499495 0.118783 0.0148399
7739.0041064 0.0781532 0.0147846
7742.80321786 0.0270125 0.0142716
7746.60232931 0.00641453 0.0167075
7750.40144076 -0.0156071 0.0165654
7754.20055221 -0.0497709 0.0181885
7757.99966367 -0.0201802 0.0161866
7761.79877512 0.0626061 0.0156597
7765.59788657 0.189613 0.0150135
7769.39699802 0.333419 0.0164722
7773.19610947 0.225226 0.0177786
7776.99522093 0.0215268 0.0196137
7780.79433238 0.0275912 0.0161414
7784.59344383 0.0119923 0.0159167
7788.39255528 -0.0121701 0.0159944
7792.19166674 -0.018382 0.0175222
7795.99077819 0.0946324 0.016665
7799.78988964 0.216271 0.0152594
7803.58900109 0.316345 0.0155235
7807.38811255 0.529207 0.0165626
7811.187224 0.768925 0.0170698
7814.98633545 0.835163 0.0164525
7818.7854469 0.71065 0.0183264
7822.58455836 0.283278 0.0173035
7826.38366981 0.0798256 0.016423
7830.18278126 0.0946281 0.0145956
7833.98189271 0.223513 0.0147141
7837.78100416 0.360621 0.0162828
7841.58011562 0.24704 0.0159935
7845.37922707 0.0540966 0.0170599
7849.17833852 0.022229 0.0180514
7852.97744997 0.0576145 0.0187594
7856.77656143 0.0605214 0.0206215
7860.57567288 0.054785 0.0166561
7864.37478433 0.0470304 0.0180595
7868.17389578 0.0202329 0.0176287
7871.97300724 0.0250029 0.0177431
7875.77211869 0.0434475 0.0183546
7879.57123014 0.0385453 0.0179309
7883.37034159 0.0226922 0.0203766
7887.16945305 0.0157114 0.0200613
7890.9685645 0.0461803 0.019475
7894.76767595 0.0526091 0.0179526
7898.5667874 0.0327411 0.0159274
7902.36589885 0.101719 0.0156861
7906.16501031 0.223585 0.0162593
7909.96412176 0.262313 0.0194292
7913.76323321 0.169975 0.0193534
7917.56234466 0.106181 0.0225293
7921.36145612 0.172723 0.0181138
7925.16056757 0.250686 0.0187515
7928.95967902 0.254099 0.0182124
7932.75879047 0.175588 0.0179713
7936.55790193 0.128728 0.0172144
7940.35701338 0.102344 0.0160223
7944.15612483 0.0464034 0.0173776
7947.95523628 0.0243363 0.0180438
7951.75434774 0.0635837 0.0174879
7955.55345919 0.0806075 0.016139
7959.35257064 0.0618693 0.0164973
7963.15168209 0.0238665 0.0183409
7966.95079354 0.0639473 0.0193935
7970.749905 0.0916691 0.0183515
7974.54901645 0.0150945 0.0190519
7978.3481279 -0.0125826 0.018794
7982.14723935 0.0514823 0.0189332
7985.94635081 0.0589489 0.0170759
7989.74546226 0.0899674 0.0192921
7993.54457371 0.233064 0.0198423
7997.34368516 0.237149 0.020603
8001.14279662 0.0888945 0.0180943
8004.94190807 0.0225558 0.0172228
8008.74101952 0.0485881 0.0176133
8012.54013097 0.0507506 0.0178341
8016.33924243 0.0333084 0.0189492
8020.13835388 0.0384402 0.0189508
8023.93746533 0.0492089 0.0208432
8027.73657678 0.242073 0.0201053
8031.53568823 0.347874 0.019171
8035.33479969 0.169246 0.0168773
8039.13391114 0.104832 0.0166128
8042.93302259 0.163275 0.0163594
8046.73213404 0.0997346 0.0174247
8050.5312455 0.0824631 0.0177775
8054.33035695 0.152444 0.0178703
8058.1294684 0.152323 0.0187608
8061.92857985 0.144515 0.0183116
8065.72769131 0.0843479 0.0181642
8069.52680276 0.0756782 0.0165443
8073.32591421 0.151943 0.0169706
8077.12502566 0.128277 0.0171553
8080.92413712 0.0186314 0.0177601
8084.72324857 -0.0111766 0.0172214
8088.52236002 0.0045303 0.0180647
8092.32147147 0.0425285 0.017922
8096.12058292 0.10387 0.0184574
8099.91969438 0.0983927 0.019101
8103.71880583 0.15645 0.0186599
8107.51791728 0.218098 0.0184009
8111.31702873 0.105851 0.0172507
8115.11614019 0.0113966 0.0174907
8118.91525164 0.177527 0.0176846
8122.71436309 0.412435 0.0179786
8126.51347454 0.328696 0.0178845
8130.312586 0.152596 0.0179625
8134.11169745 0.198749 0.0185826
8137.9108089 0.240307 0.0185778
8141.70992035 0.114916 0.0189648
8145.5090318 0.0639757 0.0185972
8149.30814326 0.243492 0.0186715
8153.10725471 0.379542 0.0182961
8156.90636616 0.227828 0.0182398
8160.70547761 0.0764273 0.0183941
8164.50458907 0.069139 0.0185059
8168.30370052 0.0442 0.0181993
8172.10281197 0.0181417 0.0182723
8175.90192342 0.0325299 0.0181634
8179.70103488 0.115947 0.0184364
8183.50014633 0.170627 0.0186394
8187.29925778 0.162996 0.0186435
8191.09836923 0.164483 0.0189634
8194.89748069 0.125294 0.0187779
8198.69659214 0.0419771 0.0186286
8202.49570359 0.00307125 0.0196418
8206.29481504 0.0126329 0.0217933
8210.09392649 0.0276405 0.025225
8213.89303795 0.00527579 0.0254501
8217.6921494 0.021668 0.0247408
8221.49126085 0.0906571 0.0246394
8225.2903723 0.123154 0.0250658
8229.08948376 0.0623396 0.0247584
8232.88859521 -0.00874886 0.0240695
8236.68770666 -0.00218516 0.0232703
8240.48681811 0.0798455 0.0230171
8244.28592957 0.134652 0.0232016
8248.08504102 0.115321 0.0224055
8251.88415247 0.101088 0.0221794
8255.68326392 0.185661 0.0211541
8259.48237538 0.242815 0.0211386
8263.28148683 0.11167 0.0211263
8267.08059828 -0.0176485 0.021662
8270.87970973 -0.0136782 0.0216432
8274.67882118 0.00588803 0.0238052
8278.47793264 0.0804236 0.0277366
8282.27704409 0.241828 0.0336136
8286.07615554 0.181011 0.0340758
8289.87526699 0.0163708 0.0273491
8293.67437845 -0.0175847 0.0287895
8297.4734899 0.000462988 0.026469
8301.27260135 0.131587 0.0257833
8305.0717128 0.209276 0.0221363
8308.87082426 0.129948 0.0209351
8312.66993571 0.00432291 0.0206616
8316.46904716 0.0109041 0.0199929
8320.26815861 0.0377759 0.0190862
8324.06727007 0.035194 0.0184148
8327.86638152 0.188158 0.0179871
8331.66549297 0.485058 0.0181241
8335.46460442 0.628806 0.0189765
8339.26371587 0.6429 0.0221602
8343.06282733 0.609443 0.0230478
8346.86193878 0.561789 0.0251006
8350.66105023 0.553506 0.0222309
8354.46016168 0.262509 0.0210006
8358.25927314 0.165111 0.0204272
8362.05838459 0.450102 0.0210009
8365.85749604 0.563658 0.0199155
8369.65660749 0.468873 0.0181772
8373.45571895 0.610788 0.0170904
8377.2548304 0.855698 0.0195662
8381.05394185 0.650861 0.0199168
8384.8530533 0.341067 0.0198348
8388.65216476 0.530812 0.0173671
8392.45127621 0.727076 0.0168301
8396.25038766 0.699403 0.0184114
8400.04949911 0.315405 0.0173908
8403.84861056 0.0227755 0.0171288
8407.64772202 0.00787767 0.0148537
8411.44683347 -0.00099011 0.0168137
8415.24594492 0.0169951 0.016761
8419.04505637 0.164172 0.0176384
8422.84416783 0.267483 0.0158976
8426.64327928 0.292894 0.0189819
8430.44239073 0.512618 0.0193092
8434.24150218 1.23476 0.0192202
8438.04061364 1.50314 0.0156064
8441.83972509 1.19703 0.015766
8445.63883654 0.892617 0.0159897
8449.43794799 1.13404 0.0187392
8453.23705945 1.69943 0.0178261
8457.0361709 1.69289 0.017974
8460.83528235 1.21715 0.0183253
8464.6343938 0.833775 0.0177206
8468.43350525 1.48689 0.0180213
8472.23261671 1.91441 0.0154805
8476.03172816 1.19495 0.0148273
8479.83083961 0.486652 0.0140248
8483.62995106 0.803358 0.01462
8487.42906252 2.3387 0.0163466
8491.22817397 4.00441 0.0191458
8495.02728542 4.29381 0.019741
8498.82639687 4.33895 0.0199454
8502.62550833 4.4105 0.0203893
8506.42461978 4.03979 0.019149
8510.22373123 3.72512 0.0178106
8514.02284268 4.0072 0.0161775
8517.82195414 4.35404 0.0162771
8521.62106559 3.81892 0.0153937
8525.42017704 2.77673 0.0150463
8529.21928849 2.82321 0.0148254
8533.01839994 4.00423 0.016148
8536.8175114 4.72934 0.0174757
8540.61662285 4.78304 0.0171246
8544.4157343 4.82059 0.0181859
8548.21484575 4.61646 0.0175485
8552.01395721 4.19956 0.0179286
8555.81306866 3.86459 0.015481
8559.61218011 3.68848 0.0148591
8563.41129156 3.72232 0.0147993
8567.21040302 3.39913 0.0150942
8571.00951447 2.94128 0.0155767
8574.80862592 3.10012 0.0157463
8578.60773737 3.32836 0.0154119
8582.40684883 3.14472 0.0149012
8586.20596028 2.93473 0.0152255
8590.00507173 3.04522 0.015619
8593.80418318 3.22604 0.0170871
8597.60329463 3.20846 0.0162185
8601.40240609 3.21794 0.01611
8605.20151754 3.23801 0.015549
8609.00062899 3.23419 0.0172754
8612.79974044 3.2128 0.0206908
8616.5988519 3.18678 0.0253091
8620.39796335 3.2086 0.0307415
8624.1970748 3.25205 0.034461
8627.99618625 3.26912 0.037797
8631.79529771 3.29722 0.036368
8635.59440916 3.19749 0.0321189
8639.39352061 3.18028 0.0234428
8643.19263206 3.24873 0.0213613
8646.99174352 3.26704 0.0223924
8650.79085497 3.20819 0.0289699
8654.58996642 3.21656 0.0343747
8658.38907787 3.30596 0.032129
8662.18818932 3.36359 0.0296869
8665.98730078 3.38 0.0299151
8669.78641223 3.40221 0.0291279
8673.58552368 3.40086 0.0260816
8677.38463513 3.3657 0.0247156
8681.18374659 3.34328 0.0209861
8684.98285804 3.16585 0.0193499
8688.78196949 2.80792 0.0179243
8692.58108094 2.68928 0.0171893
8696.3801924 3.02433 0.0175641
8700.17930385 3.14693 0.0167755
8703.9784153 2.96546 0.0169405
8707.77752675 2.90056 0.0158536
8711.57663821 2.94653 0.0151979
8715.37574966 2.92472 0.0147092
8719.17486111 2.8368 0.0143171
8722.97397256 2.74193 0.014389
8726.77308401 2.63247 0.0141759
8730.57219547 2.54115 0.01428
8734.37130692 2.44493 0.0141495
8738.17041837 2.34521 0.0146386
8741.96952982 2.29257 0.0145111
8745.76864128 2.2532 0.014352
8749.56775273 2.18752 0.0138554
8753.36686418 2.11822 0.0148874
8757.16597563 2.10449 0.018422
8760.96508709 2.09381 0.02152
8764.76419854 2.05839 0.0273135
8768.56330999 1.90617 0.0192879
8772.36242144 1.66863 0.0213376
8776.1615329 1.52656 0.0193319
8779.96064435 1.72304 0.0186568
8783.7597558 1.75701 0.0152766
8787.55886725 1.65397 0.0157635
8791.3579787 1.69032 0.015477
8795.15709016 1.85298 0.0155659
8798.95620161 1.87498 0.0138119
8802.75531306 1.86707 0.0136244
8806.55442451 1.88639 0.0145244
8810.35353597 1.89741 0.0142721
8814.15264742 1.87288 0.0144715
8817.95175887 1.87298 0.0138612
8821.75087032 1.87954 0.0162914
8825.54998178 1.87498 0.0191284
8829.34909323 1.89402 0.0243339
8833.14820468 1.8972 0.0246835
8836.94731613 1.73931 0.0188443
8840.74642758 1.71403 0.0167258
8844.54553904 1.80633 0.0156285
8848.34465049 1.8511 0.016833
8852.14376194 1.79464 0.0163878
8855.94287339 1.78902 0.0149041
8859.74198485 1.77092 0.0149706
8863.5410963 1.76346 0.017774
8867.34020775 1.80974 0.0174919
8871.1393192 1.76311 0.0165742
8874.93843066 1.7195 0.0139913
8878.73754211 1.75478 0.0142766
8882.53665356 1.79747 0.0169006
8886.33576501 1.68259 0.0177816
8890.13487647 1.54272 0.0177345
8893.93398792 1.57495 0.0155393
8897.73309937 1.63448 0.0164359
8901.53221082 1.62925 0.0182853
8905.33132227 1.59537 0.0186013
8909.13043373 1.6139 0.0170387
8912.92954518 1.60591 0.0165977
8916.72865663 1.57586 0.0186219
8920.52776808 1.62421 0.0191148
8924.32687954 1.64466 0.0193958
8928.12599099 1.62176 0.0163993
8931.92510244 1.644 0.0166069
8935.72421389 1.6649 0.0160523
8939.52332535 1.65278 0.0187101
8943.3224368 1.47971 0.017949
8947.12154825 0.987348 0.0174448
8950.9206597 0.742254 0.0151862
8954.71977116 0.798038 0.0175169
8958.51888261 1.19583 0.0180227
8962.31799406 1.42596 0.0184655
8966.11710551 1.4385 0.0161516
8969.91621696 1.26087 0.0158445
8973.71532842 0.819014 0.0158063
8977.51443987 0.601817 0.0160212
8981.31355132 0.86375 0.0169466
8985.11266277 1.27554 0.0206024
8988.91177423 1.43206 0.0206375
8992.71088568 1.41763 0.0188692
8996.50999713 1.41219 0.0180523
9000.30910858 1.46026 0.0182894
9004.10822004 1.4603 0.0188109
9007.90733149 1.40181 0.0166032
9011.70644294 1.41256 0.0156883
9015.50555439 1.43324 0.0157567
9019.30466585 1.40383 0.0159291
9023.1037773 1.37232 0.0163677
9026.90288875 1.33867 0.0170472
9030.7020002 1.35818 0.0172116
9034.50111165 1.45625 0.0190755
9038.30022311 1.49794 0.0183481
9042.09933456 1.45298 0.0185795
9045.89844601 1.45323 0.0190526
9049.69755746 1.41812 0.0192599
9053.49666892 1.3783 0.0197947
9057.29578037 1.42963 0.0168485
9061.09489182 1.46257 0.017411
9064.89400327 1.4212 0.0181914
9068.69311473 1.19671 0.0191094
9072.49222618 0.806166 0.0178569
9076.29133763 0.576367 0.0172154
9080.09044908 0.619509 0.017325
9083.88956054 0.835324 0.0183698
9087.68867199 0.923246 0.0199103
9091.48778344 0.847377 0.0204707
9095.28689489 0.915119 0.0202744
9099.08600634 1.01298 0.0215188
9102.8851178 1.10753 0.0203464
9106.68422925 1.27869 0.020096
9110.4833407 1.37375 0.0180044
9114.28245215 1.30776 0.0185792
9118.08156361 1.19788 0.0192523
9121.88067506 1.34615 0.0188148
9125.67978651 1.49483 0.0185181
9129.47889796 1.42983 0.0184031
9133.27800942 1.10596 0.0195382
9137.07712087 0.841154 0.0197569
9140.87623232 1.09094 0.0204287
9144.67534377 1.4364 0.0204056
9148.47445523 1.524 0.0227646
9152.27356668 1.53102 0.0237573
9156.07267813 1.57339 0.0263022
9159.87178958 1.54929 0.0241448
9163.67090103 1.48575 0.0225115
9167.47001249 1.51397 0.0210324
9171.26912394 1.53829 0.0212802
9175.06823539 1.43611 0.0224115
9178.86734684 1.10174 0.0218161
9182.6664583 0.761232 0.0207116
9186.46556975 0.708699 0.0196113
9190.2646812 0.976788 0.0200098
9194.06379265 1.3016 0.0202076
9197.86290411 1.41857 0.0208721
9201.66201556 1.425 0.0212457
9205.46112701 1.45681 0.0219484
9209.26023846 1.48021 0.0222689
9213.05934992 1.43253 0.0234517
9216.85846137 1.4335 0.0233947
9220.65757282 1.51282 0.0255605
9224.45668427 1.46112 0.0246361
9228.25579572 1.37138 0.0246637
9232.05490718 1.38143 0.0227019
9235.85401863 1.43258 0.0230073
9239.65313008 1.50712 0.022676
9243.45224153 1.47009 0.023234
9247.25135299 1.35506 0.0235221
9251.05046444 1.28006 0.0248156
9254.84957589 1.31253 0.0249958
9258.64868734 1.37843 0.0260452
9262.4477988 1.37873 0.0272847
9266.24691025 1.38252 0.0271843
9270.0460217 1.37486 0.025408
9273.84513315 1.32112 0.0246152
9277.64424461 1.28958 0.0249827
9281.44335606 1.28118 0.0265294
9285.24246751 1.2921 0.0274987
9289.04157896 1.31803 0.029254
9292.84069041 1.30508 0.028282
9296.63980187 1.26585 0.0281154
9300.43891332 1.24606 0.0293675
9304.23802477 1.22428 0.0370521
9308.03713622 1.17933 0.0510517
9311.83624768 1.09762 0.0718787
9315.63535913 1.12695 0.0518103
9319.43447058 1.16343 0.0538456
9323.23358203 1.11762 0.0426794
9327.03269349 1.15839 0.0437765
9330.83180494 1.28016 0.0378423
9334.63091639 1.33866 0.0423437
9338.43002784 1.33275 0.0402448
9342.2291393 1.29788 0.03865
9346.02825075 1.27853 0.0359401
9349.8273622 1.31719 0.0360384
9353.62647365 1.27268 0.0363317
9357.4255851 1.24714 0.034643
9361.22469656 1.33176 0.0343946
9365.02380801 1.38605 0.0361228
9368.82291946 1.32515 0.0433528
9372.62203091 1.20636 0.0598283
9376.42114237 1.19356 0.0727787
9380.22025382 1.23016 0.0692017
9384.01936527 1.25847 0.0580087
9387.81847672 1.23298 0.0501376
9391.61758818 1.26988 0.0463505
9395.41669963 1.34299 0.0459356
9399.21581108 1.31998 0.0522057
9403.01492253 1.28312 0.0501868
9406.81403399 1.29334 0.0466831
9410.61314544 1.25257 0.0414143
9414.41225689 1.245 0.0459999
9418.21136834 1.36037 0.0503855
9422.01047979 1.49822 0.0541114
9425.80959125 1.35525 0.050843
9429.6087027 1.17961 0.0457603
9433.40781415 1.18641 0.049184
9437.2069256 1.24696 0.05528
9441.00603706 1.05524 0.0567556
9444.80514851 0.926403 0.0541705
9448.60425996 0.997489 0.0456288
9452.40337141 1.06285 0.0508446
9456.20248287 1.03077 0.0579531
9460.00159432 1.08598 0.0567928
9463.80070577 1.11635 0.0503767
9467.59981722 1.04913 0.0438476
9471.39892868 1.07274 0.0496618
9475.19804013 1.21791 0.0550421
9478.99715158 1.1628 0.0563985
9482.79626303 1.11281 0.0458527
9486.59537448 1.17984 0.0416333
9490.39448594 1.2005 0.0416243
9494.19359739 1.18926 0.0421075
9497.99270884 1.18257 0.0484083
9501.79182029 1.16483 0.0486587
9505.59093175 1.24336 0.0513171
9509.3900432 1.31774 0.0430124
9513.18915465 1.32069 0.0442443
9516.9882661 1.23033 0.0529941
9520.78737756 1.25234 0.0554249
9524.58648901 1.2692 0.0517112
9528.38560046 1.27305 0.0435201
9532.18471191 1.4001 0.0447978
9535.98382337 1.46233 0.0428396
9539.78293482 1.38313 0.0427498
9543.58204627 1.33047 0.0374362
9547.38115772 1.34292 0.0401429
9551.18026917 1.40236 0.042542
9554.97938063 1.46537 0.0484863
9558.77849208 1.47699 0.0430206
9562.57760353 1.45692 0.0460559
9566.37671498 1.3719 0.0455728
9570.17582644 1.30611 0.044783
9573.97493789 1.30409 0.0378777
9577.77404934 1.2504 0.036051
9581.57316079 1.22929 0.0363826
9585.37227225 1.32577 0.0379803
9589.1713837 1.32362 0.0384824
9592.97049515 1.24297 0.03819
9596.7696066 1.23583 0.0358296
9600.56871805 1.2642 0.0357271
9604.36782951 1.318 0.0396963
9608.16694096 1.32362 0.0396336
9611.96605241 1.31537 0.0381474
9615.76516386 1.31336 0.0373112
9619.56427532 1.27775 0.0407742
9623.36338677 1.29702 0.0424592
9627.16249822 1.40524 0.0392658
9630.96160967 1.52426 0.0364367
9634.76072113 1.53171 0.0364099
9638.55983258 1.42842 0.0341705
9642.35894403 1.29981 0.0323124
9646.15805548 1.25185 0.0309993
9649.95716694 1.28302 0.032348
9653.75627839 1.27082 0.0336804
9657.55538984 1.26968 0.0359906
9661.35450129 1.30394 0.0354558
9665.15361274 1.28556 0.0405673
9668.9527242 1.334 0.03935
9672.75183565 1.48274 0.0404976
9676.5509471 1.5729 0.0419731
9680.35005855 1.54222 0.0431965
9684.14917001 1.35578 0.0431074
9687.94828146 1.33925 0.0383021
9691.74739291 1.35755 0.0362812
9695.54650436 1.3454 0.0421467
9699.34561582 1.32617 0.0393086
9703.14472727 1.37804 0.0384163
9706.94383872 1.42074 0.0350129
9710.74295017 1.39085 0.0344214
9714.54206163 1.38007 0.0382671
9718.34117308 1.46387 0.0385191
9722.14028453 1.50168 0.037778
9725.93939598 1.45806 0.0346094
9729.73850743 1.44783 0.0345218
9733.53761889 1.44053 0.0403675
9737.33673034 1.4697 0.0402276
9741.13584179 1.55215 0.0420203
9744.93495324 1.57017 0.0360761
9748.7340647 1.57925 0.0340126
9752.53317615 1.56656 0.0304575
9756.3322876 1.52621 0.0297819
9760.13139905 1.54259 0.0297302
9763.93051051 1.55569 0.0292249
9767.72962196 1.5275 0.0284901
9771.52873341 1.52234 0.0289326
9775.32784486 1.53831 0.0295528
9779.12695632 1.56881 0.0302983
9782.92606777 1.62126 0.0324306
9786.72517922 1.66881 0.0401627
9790.52429067 1.13107 0.0430009
9794.32340212 0.623711 0.0491792
9798.12251358 0.833455 0.0416924
9801.92162503 1.23209 0.0422891
9805.72073648 1.46091 0.0405366
9809.51984793 1.51482 0.0410437
9813.31895939 1.47315 0.0432556
9817.11807084 1.32774 0.0401647
9820.91718229 1.04987 0.0377076
9824.71629374 0.973539 0.0364827
9828.5154052 1.26971 0.0357624
9832.31451665 1.57854 0.0345922
9836.1136281 1.65939 0.0322187
9839.91273955 1.64349 0.0316682
9843.71185101 1.60523 0.0346808
9847.51096246 1.57842 0.0376494
9851.31007391 1.44987 0.0383752
9855.10918536 1.34164 0.0346831
9858.90829681 1.3908 0.0320452
9862.70740827 1.45164 0.0322883
9866.50651972 1.37611 0.0354922
9870.30563117 1.02794 0.0425728
9874.10474262 0.300603 0.0425467
9877.90385408 0.206913 0.0372568
9881.70296553 0.450486 0.0363142
9885.50207698 0.977023 0.0361566
9889.30118843 1.32643 0.0401612
9893.10029989 1.21123 0.0405087
9896.89941134 0.71339 0.0418778
9900.69852279 0.3736 0.0384735
9904.49763424 0.372162 0.0354568
9908.2967457 0.584359 0.0379868
9912.09585715 0.912243 0.0458393
9915.8949686 1.30378 0.0467872
9919.69408005 1.35837 0.0423211
9923.4931915 1.31919 0.0365489
9927.29230296 1.29344 0.0364876
9931.09141441 1.26735 0.0383245
9934.89052586 1.19143 0.0417968
9938.68963731 1.15589 0.0529055
9942.48874877 1.24045 0.0728666
9946.28786022 1.44132 0.0964397
9950.08697167 1.40306 0.0749241
9953.88608312 1.30329 0.0715455
9957.68519458 1.12654 0.0802729
9961.48430603 0.862408 0.0694103
9965.28341748 1.00785 0.0559576
9969.08252893 1.24051 0.0540824
9972.88164039 1.38215 0.0561335
9976.68075184 1.24199 0.0592537
9980.47986329 1.08179 0.0501264
9984.27897474 0.997948 0.0466064
9988.07808619 0.993467 0.044214
9991.87719765 1.02002 0.0444826
9995.6763091 1.12077 0.0494908
9999.47542055 1.25021 0.0538137
10003.274532 1.25754 0.0575056
10007.0736435 1.22909 0.061529
10010.8727549 1.31305 0.0725781
10014.6718664 1.56541 0.0784264
10018.4709778 1.42269 0.0710724
10022.2700893 1.2091 0.0709575
10026.0692007 1.17656 0.0656184
10029.8683122 1.24089 0.0601281
10033.6674236 1.17374 0.0535646
10037.4665351 1.10073 0.0553058
10041.2656465 1.13614 0.0609931
10045.064758 1.15602 0.0594222
10048.8638694 1.15044 0.0578076
10052.6629809 1.11982 0.0549411
10056.4620923 1.09255 0.0644999
10060.2612038 1.25889 0.0719539
10064.0603152 1.33784 0.0820728
10067.8594267 1.16698 0.0755634
10071.6585381 0.992811 0.0713028
10075.4576496 0.896301 0.0704014
10079.2567611 0.818707 0.0790867
10083.0558725 0.978143 0.0791918
10086.854984 1.12435 0.078853
10090.6540954 1.02898 0.0665158
10094.4532069 1.06123 0.0672463
10098.2523183 1.21948 0.073036
10102.0514298 1.36997 0.080461
10105.8505412 1.33165 0.0794751
10109.6496527 1.1747 0.074233
10113.4487641 1.08284 0.0722185
10117.2478756 1.04516 0.0788502
10121.046987 1.06364 0.0957635
10124.8460985 1.04749 0.0978813
10128.6452099 0.877229 0.103732
10132.4443214 0.860358 0.0873569
10136.2434328 0.928244 0.0862033
10140.0425443 0.860937 0.0873644
10143.8416557 0.805634 0.0953231
10147.6407672 1.00429 0.114823
10151.4398786 1.29192 0.122253
10155.2389901 1.366 0.131087
10159.0381016 1.28106 0.124928
10162.837213 1.25545 0.122866
10166.6363245 1.19478 0.135373
10170.4354359 1.02093 0.145221
10174.2345474 1.14242 0.1405
10178.0336588 1.2204 0.131542
10181.8327703 1.04843 0.129179
10185.6318817 1.17504 0.160549
10189.4309932 1.88693 0.147469
10193.2301046 1.83386 0.141057
10197.0292161 1.62598 0.127081
10200.8283275 1.52215 0.139096
10204.627439 1.2658 0.167515
10208.4265504 1.278 0.19447
10212.2256619 1.6016 0.17832
10216.0247733 1.32881 0.156512
10219.8238848 1.00346 0.150191
10223.6229962 0.947898 0.165222
10227.4221077 0.932449 0.190467
10231.2212191 0.698123 0.177783
10235.0203306 0.691924 0.162937
10238.819442 0.751651 0.146547
10242.6185535 0.889716 0.145924
10246.417665 1.04934 0.146444
10250.2167764 1.10756 0.153627
10254.0158879 1.02201 0.160381
10257.8149993 0.734377 0.165398
10261.6141108 0.549983 0.168847
10265.4132222 0.477343 0.178997
10269.2123337 0.577508 0.197926
10273.0114451 0.854552 0.210429
10276.8105566 0.858648 0.217394
10280.609668 1.22934 0.236994
10284.4087795 1.99432 0.286396
10288.2078909 1.42305 0.321314
10292.0070024 0.522808 0.329961
10295.8061138 0.760256 0.290933
10299.6052253 1.29261 0.29675
10303.4043367 1.33922 0.273586
10307.2034482 1.1322 0.288564
10311.0025596 1.40415 0.27266
10314.8016711 1.76232 0.272706
10318.6007825 1.32696 0.264739
10322.399894 0.66148 0.277982
10326.1990055 0.347139 0.285573
10329.9981169 0.180255 0.295494
10333.7972284 0.592095 0.300341
10337.5963398 1.21262 0.31594
10341.3954513 1.53164 0.331575
10345.1945627 1.81177 0.364253
10348.9936742 1.34674 0.373739
10352.7927856 0.716116 0.382712
10356.5918971 0.902953 0.363884
10360.3910085 1.20824 0.363995
10364.19012 0.987155 0.361373
10367.9892314 0.608491 0.405252
10371.7883429 0.747879 0.440759
10375.5874543 1.16253 0.457142
10379.3865658 1.39646 0.423364
10383.1856772 1.78609 0.396316
10386.9847887 2.15439 0.408265
10390.7839001 2.31874 0.424818
10394.5830116 2.88366 0.466985
10398.382123 2.9601 0.47277
10402.1812345 1.88048 0.471578
10405.980346 1.78844 0.458155
10409.7794574 2.19411 0.479475
10413.5785689 1.91425 0.524436
10417.3776803 1.51412 0.579192
10421.1767918 0.362323 0.598969
10424.9759032 -0.590579 0.569212
10428.7750147 -0.349128 0.554442
10432.5741261 0.678382 0.55753
10436.3732376 1.06356 0.556201
10440.172349 1.05465 0.555705
10443.9714605 1.25751 0.569889
10447.7705719 0.721052 0.613929
10451.5696834 1.14452 0.640701
10455.3687948 3.03451 0.655893
10459.1679063 4.16788 0.630087
10462.9670177 3.11095 0.65774
10466.7661292 0.654421 0.7181
10470.5652406 0.253601 0.748524
10474.3643521 -0.332603 0.746254
10478.1634635 -0.297798 0.707689
10481.962575 1.83967 0.72329
10485.7616865 3.68083 0.743082
10489.5607979 4.66376 0.75928
10493.3599094 4.22138 0.763122
10497.1590208 2.49167 0.788663
10500.9581323 1.06282 0.814269
10504.7572437 0.963415 0.877679
10508.5563552 2.21325 0.902431
10512.3554666 2.77128 0.931804
10516.1545781 2.30628 0.912732
10519.9536895 2.25892 0.930947
10523.752801 1.8292 0.956218
10527.5519124 2.17662 0.967701
10531.3510239 3.14165 0.96916
10535.1501353 2.33925 0.975528
10538.9492468 0.0921541 0.992513
10542.7483582 -0.709037 1.01044
10546.5474697 -0.566315 1.01414
10550.3465811 -1.13246 1.03746
10554.1456926 -0.359654 1.04982
10557.944804 0.298324 1.05746
10561.7439155 -0.57318 1.07562
10565.543027 -1.9954 1.11128
10569.3421384 -4.27094 1.18875
10573.1412499 -5.36944 1.20213
10576.9403613 -3.51387 1.1999
10580.7394728 -0.976439 1.2237
10584.5385842 0.800352 1.28489
10588.3376957 2.90601 1.32493
10592.1368071 4.79776 1.29372
10595.9359186 4.08936 1.30833
10599.73503 2.89784 1.37352
10603.5341415 3.04104 1.42447
10607.3332529 2.27494 1.41438
10611.1323644 1.42089 1.36812
10614.9314758 0.481145 1.36296
10618.7305873 0.172794 1.36199
10622.5296987 1.41714 1.4031
10626.3288102 2.59764 1.4266
10630.1279216 2.58084 1.47278
10633.9270331 -0.677697 1.47267
10637.7261445 -3.63213 1.52594
10641.525256 -2.517 1.56813
10645.3243675 -2.63275 1.60154
10649.1234789 -2.17695 1.62773
10652.9225904 0.331947 1.60925
10656.7217018 2.30838 1.65349
10660.5208133 5.27212 1.67699
10664.3199247 6.29693 1.74325
10668.1190362 5.81233 1.72085
10671.9181476 4.12951 1.71062
10675.7172591 1.61257 1.73322
10679.5163705 1.35847 1.85379
10683.315482 0.624729 1.94703
10687.1145934 -0.26473 2.018
10690.9137049 0.444445 2.00413
10694.7128163 0.859778 2.06491
10698.5119278 -1.00034 2.11484
10702.3110392 -2.47355 2.13257
10706.1101507 -2.16783 2.1828
10709.9092621 -3.36215 2.19665
10713.7083736 -0.807122 2.32139
10717.507485 4.4452 2.37062
10721.3065965 9.44923 2.42567
10725.105708 12.4571 2.55925
10728.9048194 9.43013 2.55426
10732.7039309 5.19421 2.59439
10736.5030423 4.21489 2.54224
10740.3021538 4.71654 2.59267
10744.1012652 3.35946 2.69794
10747.9003767 -2.4684 2.91766
10751.6994881 -9.12992 3.0228
10755.4985996 -8.17777 3.12973
10759.297711 -3.59243 3.0699
10763.0968225 0.24096 3.11756
10766.8959339 1.78536 3.26362
10770.6950454 0.607454 3.58913
10774.4941568 6.0065 3.77346
10778.2932683 13.6377 3.87366
10782.0923797 15.5898 3.7229
10785.8914912 14.4095 3.92838
10789.6906026 9.57356 4.06436
10793.4897141 2.88797 4.20664
10797.2888255 -0.469835 4.25957
10801.087937 3.83149 4.43355
10804.8870484 7.44348 4.66966
10808.6861599 7.10276 4.91506
10812.4852714 6.64889 5.06049
10816.2843828 -2.38766 5.20879
10820.0834943 -10.5834 5.44547
10823.8826057 -8.49763 5.52111
10827.6817172 -5.6086 6.02642
10831.4808286 -7.725 6.17434
10835.2799401 -15.7103 6.42265
10839.0790515 -16.4503 6.26489
10842.878163 -4.31224 6.33297
10846.6772744 4.13779 6.4976
10850.4763859 -2.62287 6.47564
10854.2754973 -2.90122 6.63437
10858.0746088 1.79882 6.73978
10861.8737202 -0.180912 6.78085
10865.6728317 4.82642 6.87355
10869.4719431 4.41443 7.11058
10873.2710546 0.636081 7.20328
10877.070166 10.5013 7.21733
10880.8692775 14.2034 7.05534
10884.6683889 9.24352 6.9313
10888.4675004 1.78265 6.9315
10892.2666119 -6.49792 6.95797
10896.0657233 -7.75972 7.2617
10899.8648348 -5.99355 7.36908
10903.6639462 -1.99769 7.42297
10907.4630577 5.29528 7.20886
10911.2621691 0.19142 6.99549
10915.0612806 -12.8321 7.1033
10918.860392 -16.1381 7.54402
10922.6595035 -14.2697 7.96405
10926.4586149 -15.1562 8.00548
10930.2577264 -14.9655 7.85789
