READ SERR 1 2
@0790381401/analysis/pnspec.pco
!
0.332783997 2.61998177E-3 2.09219661E-2 7.90865859E-4 1.96502265E-2 1.74530577E-2 2.1971704E-3 6.34959542E-6 4.34896303E-3 1.07683847E-3 7.66637535E-21 1.28767992E-4 8.05639229E-6 6.99991324E-6 3.12477624E-7 1.96220682E-7 4.4912952E-3 2.34880904E-3   4.26079752E-3 7.75671215E-4
0.338023007 2.61901319E-3 1.90608688E-2 7.51280226E-4 1.94522906E-2 1.73392911E-2 2.11299956E-3 6.28835187E-6 4.35864413E-3 1.11163093E-3 7.59285159E-21 1.29622611E-4 8.24292783E-6 6.95972903E-6 3.09469954E-7 1.94324187E-7 4.38056653E-3 2.34804559E-3  4.20747465E-3 7.81311188E-4
0.3432585 2.61649489E-3 1.83991008E-2 7.20002805E-4 1.92167461E-2 1.71839222E-2 2.03282456E-3 6.22702328E-6 4.32597846E-3 1.1522813E-3 7.51672674E-21 1.30070694E-4 8.46968032E-6 6.92827507E-6 3.06476522E-7 1.92425986E-7 4.27097967E-3 2.34660483E-3  4.14956687E-3 7.86316523E-4
0.34849 2.61500478E-3 1.88113265E-2 7.08717387E-4 1.89380553E-2 1.69815719E-2 1.95648381E-3 6.16588704E-6 4.24730638E-3 1.19989226E-3 7.4413798E-21 1.30161177E-4 8.73937279E-6 6.90825891E-6 3.03517936E-7 1.90535928E-7 4.15988034E-3 2.34441832E-3  4.08702111E-3 7.90584832E-4
0.353717983 2.61299312E-3 1.9351637E-2 6.95560186E-4 1.86147839E-2 1.67308748E-2 1.88390794E-3 6.1055739E-6 4.12127888E-3 1.25534192E-3 7.37014614E-21 1.29943481E-4 9.05166689E-6 6.90280331E-6 3.00630433E-7 1.88668182E-7 4.04591905E-3 2.34143948E-3  4.02039429E-3 7.94008782E-4
0.358942509 2.61150301E-3 1.77893639E-2 6.75786578E-4 1.82500426E-2 1.6435001E-2 1.81504211E-3 6.04667503E-6 3.94996582E-3 1.31924998E-3 7.30510987E-21 1.29472566E-4 9.40317841E-6 6.91492278E-6 2.9785096E-7 1.86842797E-7 3.92872235E-3 2.33765831E-3  3.95056093E-3 7.96521606E-4
0.364163518 2.60950625E-3 1.77652743E-2 6.5083761E-4 1.7846128E-2 1.60965435E-2 1.74958492E-3 5.98882843E-6 3.73506406E-3 1.39311771E-3 7.24835349E-21 1.28786283E-4 9.79371725E-6 6.94933487E-6 2.95196998E-7 1.85053182E-7 3.80741921E-3 2.33301031E-3  3.87783721E-3 7.9809624E-4
0.369380504 2.60749459E-3 1.74990073E-2 6.45028602E-4 1.74132474E-2 1.57258343E-2 1.68741343E-3 5.93230425E-6 3.48501932E-3 1.4767627E-3 7.20097963E-21 1.27952764E-4 1.02148497E-5 7.00615146E-6 2.92672979E-7 1.8330492E-7 3.68271815E-3 2.32756766E-3  3.80336307E-3 7.988211E-4
0.374593496 2.60549784E-3 1.67550109E-2 6.14988327E-4 1.69562045E-2 1.53280199E-2 1.62818376E-3 5.87668546E-6 3.20340111E-3 1.57175877E-3 7.16483571E-21 1.26990955E-4 1.06657753E-5 7.09087544E-6 2.90293343E-7 1.8158255E-7 3.55437724E-3 2.321254E-3  3.72741371E-3 7.98719178E-4
0.379803002 2.60400772E-3 1.6593352E-2 6.08224538E-4 1.64918341E-2 1.49199115E-2 1.57192268E-3 5.82257599E-6 2.90292315E-3 1.67668087E-3 7.14211652E-21 1.25949402E-4 1.11325307E-5 7.20540493E-6 2.88118912E-7 1.79910955E-7 3.42553528E-3 2.3141799E-3  3.65212723E-3 7.97886401E-4
0.385008514 2.60148942E-3 1.67330466E-2 5.96033002E-4 1.60286799E-2 1.45103456E-2 1.51833543E-3 5.76964067E-6 2.59136455E-3 1.79133634E-3 7.13412825E-21 1.24853279E-4 1.16092706E-5 7.35271487E-6 2.86168273E-7 1.7826865E-7 3.29670939E-3 2.30634701E-3  3.57808894E-3 7.96449545E-4
0.390209973 2.59999931E-3 1.59549247E-2 5.86374255E-4 1.55769289E-2 1.41096925E-2 1.4672362E-3 5.7176585E-6 2.27795937E-3 1.91430876E-3 7.14248649E-21 1.23728591E-4 1.20871382E-5 7.5349185E-6 2.84482496E-7 1.76658617E-7 3.16926069E-3 2.29779328E-3  3.50629422E-3 7.9454662E-4
0.395408005 2.59801745E-3 1.51911229E-2 5.71922166E-4 1.5145218E-2 1.37267411E-2 1.41847692E-3 5.66661947E-6 1.9714043E-3 2.0433364E-3 7.16894334E-21 1.22598867E-4 1.2557146E-5 7.75358603E-6 2.83116407E-7 1.75077162E-7 3.0443701E-3 2.2885697E-3  3.43769928E-3 7.92327104E-4
0.40060252 2.59649754E-3 1.46391997E-2 5.58898144E-4 1.47376237E-2 1.33658098E-2 1.37181394E-3 5.61603701E-6 1.67760707E-3 2.17605243E-3 7.21574286E-21 1.21478006E-4 1.30131339E-5 8.01100668E-6 2.82131367E-7 1.73510116E-7 2.92224553E-3 2.27863784E-3  3.37277586E-3 7.89917598E-4
0.405793011 2.59399414E-3 1.60585288E-2 5.71645796E-4 1.43631818E-2 1.30358739E-2 1.32730789E-3 5.56638952E-6 1.40687835E-3 2.30648159E-3 7.2843625E-21 1.20402721E-4 1.34406464E-5 8.30318277E-6 2.81622079E-7 1.71979238E-7 2.80540483E-3 2.26818863E-3  3.31325526E-3 7.87498604E-4
0.41356951 5.18250465E-3 1.3463554E-2 3.77574528E-4 1.38633195E-2 1.25989225E-2 1.26439775E-3 5.49385277E-6 1.05286587E-3 2.48696818E-3 7.43746604E-21 1.18915712E-4 1.40149368E-5 8.80893731E-6 2.8203371E-7 1.697356E-7 2.64015584E-3 2.25144904E-3  3.23566794E-3 7.8413001E-4
0.423927009 5.17499447E-3 1.31527856E-2 3.66452179E-4 1.3285852E-2 1.20993378E-2 1.18651404E-3 5.40018891E-6 6.75674179E-4 2.67524016E-3 7.74204299E-21 1.17189171E-4 1.46473658E-5 9.57894736E-6 2.85116613E-7 1.66831811E-7 2.43799575E-3 2.22744723E-3  3.15518817E-3 7.80524919E-4
0.431686521 2.5845021E-3 1.31148845E-2 5.08904224E-4 1.29025336E-2 1.17701991E-2 1.13233377E-3 5.33261709E-6 4.6260978E-4 2.75697559E-3 8.06332188E-21 1.16231022E-4 1.50136593E-5 1.02101449E-5 2.89825209E-7 1.64738111E-7 2.30134628E-3 2.2081926E-3  3.11506866E-3 7.78764603E-4
0.436853528 2.58250535E-3 1.2807169E-2 5.06222073E-4 1.26647605E-2 1.15663344E-2 1.09842606E-3 5.28958799E-6 3.54671298E-4 2.77060526E-3 8.33834247E-21 1.15812421E-4 1.51994254E-5 1.06450871E-5 2.94492651E-7 1.63404991E-7 2.21976219E-3 2.19473313E-3  3.10099684E-3 7.7816128E-4
0.442016482 2.58047879E-3 1.26682455E-2 5.00136637E-4 1.24349538E-2 1.13688363E-2 1.06611731E-3 5.24786719E-6 2.68349831E-4 2.75032059E-3 8.66993849E-21 1.15589297E-4 1.53448273E-5 1.1083097E-5 3.00470532E-7 1.62125744E-7 2.14609317E-3 2.18074326E-3  3.09761846E-3 7.77983572E-4
0.44717598 2.57901847E-3 1.22983838E-2 4.88108548E-4 1.22111244E-2 1.11757983E-2 1.03532628E-3 5.2083069E-6 2.00528812E-4 2.69515696E-3 9.06918643E-21 1.15589348E-4 1.54533118E-5 1.1517347E-5 3.07871346E-7 1.60899631E-7 2.08139233E-3 2.16618064E-3  3.10609373E-3 7.78208545E-4
0.454906523 5.15149534E-3 1.18698701E-2 3.39583232E-4 1.18886195E-2 1.08964806E-2 9.92138986E-4 5.15324109E-6 1.28186934E-4 2.54517491E-3 9.83936266E-21 1.16109644E-4 1.55527614E-5 1.21454386E-5 3.2204548E-7 1.59190577E-7 2.00546463E-3 2.14304449E-3  3.14591895E-3 7.79248658E-4
0.465201497 5.14349341E-3 1.09156128E-2 3.27983696E-4 1.14974724E-2 1.05581898E-2 9.39282356E-4 5.08742141E-6 6.73120885E-5 2.24910327E-3 1.12457151E-20 1.17831834E-4 1.56027054E-5 1.29167365E-5 3.46314579E-7 1.57153892E-7 1.9465324E-3 2.10970035E-3  3.25207971E-3 7.81519979E-4
0.475481004 5.13601303E-3 1.12789795E-2 3.29319184E-4 1.11972746E-2 1.03055285E-2 8.91745964E-4 5.03164574E-6 3.44197651E-5 1.87567587E-3 1.32641376E-20 1.21032346E-4 1.55840062E-5 1.35764267E-5 3.76770203E-7 1.55430911E-7 1.94862718E-3 2.07302882E-3  3.43362475E-3 7.84395786E-4
0.485745013 5.12798131E-3 1.10286595E-2 3.2215481E-4 1.10464534E-2 1.01975258E-2 8.48928234E-4 4.98526015E-6 1.72508553E-5 1.47448899E-3 1.60998363E-20 1.26039304E-4 1.55264734E-5 1.41085593E-5 4.12532245E-7 1.54000702E-7 2.02062028E-3 2.03254446E-3  3.7039395E-3 7.87455298E-4
0.495993495 5.12051582E-3 1.04612187E-2 3.16522375E-4 1.1097895E-2 1.0287785E-2 8.1011001E-4 4.94676578E-6 8.49377375E-6 1.09188887E-3 1.99431291E-20 1.33309019E-4 1.54499066E-5 1.45101094E-5 4.51977797E-7 1.52821883E-7 2.16704654E-3 1.98801723E-3  4.07300098E-3 7.90516264E-4
0.50367099 2.55697966E-3 1.16703426E-2 4.63856355E-4 1.12795504E-2 1.04964674E-2 7.83082971E-4 4.92147683E-6 4.87621674E-6 8.36181222E-4 2.35171907E-20 1.40547272E-4 1.53863784E-5 1.47321098E-5 4.82640758E-7 1.52053957E-7 2.32199742E-3 1.95216807E-3  4.41208296E-3 7.92939449E-4
0.50878346 2.55551934E-3 1.16129257E-2 4.58613242E-4 1.14749279E-2 1.070897E-2 7.65957171E-4 4.90569209E-6 3.39314442E-6 6.88226253E-4 2.62538305E-20 1.4655311E-4 1.53419387E-5 1.48403815E-5 5.02956652E-7 1.51580593E-7 2.44589825E-3 1.92714902E-3  4.66726534E-3 7.94742606E-4
0.513891995 2.55298615E-3 1.16307577E-2 4.57349553E-4 1.17190285E-2 1.09696537E-2 7.49374973E-4 4.88992464E-6 2.35278549E-6 5.5842963E-4 2.9223703E-20 1.53656831E-4 1.52958255E-5 1.4921161E-5 5.22779885E-7 1.51114151E-7 2.58166925E-3 1.90140982E-3  4.93956357E-3 7.96790991E-4
0.518996477 2.55149603E-3 1.19959619E-2 4.63127188E-4 1.20018134E-2 1.12685645E-2 7.33248424E-4 4.87379702E-6 1.62460356E-6 4.46848193E-4 3.23751286E-20 1.62080032E-4 1.52477724E-5 1.4976159E-5 5.4177525E-7 1.50644297E-7 2.7251048E-3 1.87510799E-3  5.22282021E-3 7.99189031E-4
0.524097443 2.54949927E-3 1.25501128E-2 4.64971847E-4 1.23097552E-2 1.15923015E-2 7.17454241E-4 4.85677901E-6 1.11615464E-6 3.52764066E-4 3.5635041E-20 1.72101791E-4 1.519738E-5 1.50070464E-5 5.59633804E-7 1.50156339E-7 2.87098787E-3 1.84843107E-3  5.50907757E-3 8.02051974E-4
0.529194951 2.54800916E-3 1.28261996E-2 4.68781276E-4 1.26264188E-2 1.19244875E-2 7.01930898E-4 4.8383572E-6 7.6237518E-7 2.74898688E-4 3.89095744E-20 1.84068238E-4 1.51443019E-5 1.50154719E-5 5.76078833E-7 1.49637899E-7 3.01321084E-3 1.82159152E-3  5.7887258E-3 8.05506541E-4
0.534288526 2.54550576E-3 1.18401898E-2 4.53437009E-4 1.29332747E-2 1.2246673E-2 6.86601794E-4 4.81817233E-6 5.17232479E-7 2.11598483E-4 4.20869948E-20 1.98399575E-4 1.50883834E-5 1.50030264E-5 5.90881655E-7 1.49078375E-7 3.14504304E-3 1.79481879E-3  6.05095504E-3 8.09691555E-4
0.539377987 2.54398584E-3 1.27468714E-2 4.67895268E-4 1.32110631E-2 1.25396503E-2 6.7141297E-4 4.79591927E-6 3.48267349E-7 1.61005024E-4 4.5043697E-20 2.15597E-4 1.50297574E-5 1.49713424E-5 6.0387066E-7 1.48472225E-7 3.25953704E-3 1.768352E-3 6.2844744E-3  8.1478717E-4
0.544463992 2.54201889E-3 1.25173181E-2 4.62732278E-4 1.34410616E-2 1.27847139E-2 6.56348246E-4 4.77104004E-6 2.32583986E-7 1.21194149E-4 4.76519105E-20 2.36247637E-4 1.49687485E-5 1.49218968E-5 6.14931764E-7 1.47815499E-7 3.34996544E-3 1.74239266E-3  6.47826679E-3 8.20990012E-4
0.549546003 2.53999233E-3 1.32120736E-2 4.70166065E-4 1.36067662E-2 1.29654286E-2 6.41337654E-4 4.74355102E-6 1.5381282E-7 9.02815736E-5 4.97904568E-20 2.61077454E-4 1.49060907E-5 1.4856184E-5 6.24033589E-7 1.47107912E-7 3.41034448E-3 1.71709631E-3  6.62262458E-3 8.28573131E-4
0.554623961 2.53799558E-3 1.34717003E-2 4.72195767E-4 1.36938915E-2 1.30674504E-2 6.26441441E-4 4.71364683E-6 0 6.6738532E-5 5.13364186E-20 2.90652533E-4 1.48434265E-5 1.47763276E-5 6.31137198E-7 1.46363561E-7 3.43548623E-3 1.69277727E-3 6.70889299E-3  8.37792002E-4
0.559698462 2.53650546E-3 1.42639196E-2 4.76141344E-4 1.36950882E-2 1.30834486E-2 6.11640047E-4 4.68122062E-6 0 4.89586128E-5 5.22101087E-20 3.2576191E-4 1.47822284E-5 1.46839857E-5 6.36344112E-7 1.45591514E-7 3.42258252E-3 1.66949187E-3 6.7326948E-3  8.49028933E-4
0.564769506 2.53450871E-3 1.36643294E-2 4.66238096E-4 1.36071118E-2 1.30101517E-2 5.96959959E-4 4.6465434E-6 0 3.56788041E-5 5.23538927E-20 3.67104454E-4 1.4724601E-5 1.45810682E-5 6.39768871E-7 1.44811068E-7 3.37031088E-3 1.64733094E-3 6.69229869E-3  8.62691086E-4
0.569836497 2.53251195E-3 1.33635299E-2 4.64206096E-4 1.34326769E-2 1.28502389E-2 5.82437788E-4 4.60999945E-6 0 2.58554737E-5 5.17455434E-20 4.15290211E-4 1.46728853E-5 1.44695859E-5 6.41563588E-7 1.44046851E-7 3.27945244E-3 1.62634312E-3 6.58953376E-3  8.79225729E-4
0.574899554 2.53048539E-3 1.4974378E-2 4.74937115E-4 1.3179902E-2 1.26117738E-2 5.681279E-4 4.57163378E-6 0 1.8647901E-5 5.04001147E-20 4.70775791E-4 1.46297471E-5 1.43515545E-5 6.41903796E-7 1.43324826E-7 3.15276324E-3 1.60653447E-3 6.42961869E-3  8.99095554E-4
0.579959035 2.52899528E-3 1.31216357E-2 4.51027998E-4 1.28614148E-2 1.23073757E-2 5.54039259E-4 4.53194889E-6 0 1.33944668E-5 4.83685688E-20 5.33788989E-4 1.45979411E-5 1.4229031E-5 6.40981341E-7 1.42680236E-7 2.99473736E-3 1.58786727E-3 6.22070208E-3  9.22742649E-4
0.585014999 2.52699852E-3 1.28906332E-2 4.50804917E-4 1.24932444E-2 1.19530149E-2 5.40230016E-4 4.49143727E-6 0 9.58611145E-6 4.57336108E-20 6.0423481E-4 1.45803242E-5 1.41040218E-5 6.38991423E-7 1.42151521E-7 2.81126192E-3 1.57027738E-3 5.97316492E-3  9.50532616E-4
0.590067506 2.5255084E-3 1.24982707E-2 4.40554199E-4 1.20933382E-2 1.1566597E-2 5.26741438E-4 4.45051637E-6 0 6.83742337E-6 4.26032331E-20 6.81625796E-4 1.45771528E-5 1.39784906E-5 6.36124867E-7 1.41779466E-7 2.60915421E-3 1.55367493E-3 5.69873676E-3  9.82783851E-4
0.595116496 2.52351165E-3 1.20718749E-2 4.28953295E-4 1.16797872E-2 1.11661935E-2 5.1359419E-4 4.4095359E-6 0 4.86048793E-6 3.91020845E-20 7.6501508E-4 1.45754948E-5 1.38543282E-5 6.32559363E-7 1.4161003E-7 2.39564339E-3 1.53795618E-3 5.40949125E-3  1.01961335E-3
0.600161552 2.52148509E-3 1.2285443E-2 4.28639876E-4 1.12695275E-2 1.07686939E-2 5.0083379E-4 4.36886876E-6 0 3.44301384E-6 3.53629696E-20 8.52954399E-4 1.46088832E-5 1.37333118E-5 6.28459645E-7 1.41691714E-7 2.17789039E-3 1.52300857E-3 5.1169293E-3  1.06098701E-3
0.605203032 2.51999497E-3 1.1101773E-2 4.0655749E-4 1.08767068E-2 1.03882644E-2 4.88442311E-4 4.32882916E-6 0 2.42941815E-6 3.15166185E-20 9.4351219E-4 1.46651437E-5 1.36171111E-5 6.23966741E-7 1.42074796E-7 1.96247688E-3 1.50871812E-3 4.83105285E-3  1.10669807E-3
0.610240996 2.51799822E-3 1.08699994E-2 4.04726481E-4 1.05120279E-2 1.0035553E-2 4.76474612E-4 4.28951671E-6 0 1.70665533E-6 2.76850856E-20 1.03428855E-3 1.47464616E-5 1.35073105E-5 6.19204684E-7 1.42814329E-7 1.75509532E-3 1.49497343E-3 4.55981679E-3  1.15636713E-3
0.615275502 2.5165081E-3 9.7036846E-3 3.81990511E-4 1.01820938E-2 9.7171925E-3 4.64901561E-4 4.25142161E-6 0 1.1930457E-6 2.39751111E-20 1.12249795E-3 1.48549971E-5 1.34053844E-5 6.14278179E-7 1.43962268E-7 1.56033388E-3 1.48167927E-3 4.30873875E-3  1.20947987E-3
0.620307028 2.51501799E-3 1.06309699E-2 3.90341651E-4 9.88922082E-3 9.43548605E-3 4.53734858E-4 4.21466757E-6 0 8.29324847E-7 2.04731418E-20 1.20509951E-3 1.49929301E-5 1.33126396E-5 6.09267204E-7 1.45571491E-7 1.38144114E-3 1.46873354E-3 4.08067787E-3  1.26542931E-3
0.625334501 2.51245499E-3 9.74084809E-3 3.79201869E-4 9.63232294E-3 9.18933842E-3 4.4298495E-4 4.17949968E-6 0 5.757895E-7 1.72481924E-20 1.27871032E-3 1.51638133E-5 1.32307023E-5 6.04235368E-7 1.47716676E-7 1.22067705E-3 1.45606184E-3 3.87631333E-3  1.32367411E-3
0.630358458 2.51153111E-3 1.01439264E-2 3.80883692E-4 9.40629561E-3 8.97368044E-3 4.3261511E-4 4.1460371E-6 0 3.95135004E-7 1.43375151E-20 1.3406967E-3 1.53681995E-5 1.31602983E-5 5.99251393E-7 1.50403395E-7 1.07845746E-3 1.44360086E-3 3.69365024E-3  1.3834557E-3
0.637887001 5.01698256E-3 8.57308879E-3 2.52378057E-4 9.11202375E-3 8.69419426E-3 4.17830073E-4 4.09974245E-6 0 2.25579072E-7 1.06502921E-20 1.40343199E-3 1.57523191E-5 1.30811686E-5 5.91949629E-7 1.55659393E-7 9.01605526E-4 1.42519374E-3 3.45466891E-3  1.47538737E-3
0.647915006 5.01102209E-3 8.52060132E-3 2.47890479E-4 8.75475258E-3 8.35544243E-3 3.99309822E-4 4.045286E-6 0 1.01582522E-7 6.84203332E-21 1.42737722E-3 1.64167595E-5 1.30254775E-5 5.82644532E-7 1.64853034E-7 7.19788542E-4 1.40092708E-3 3.17192101E-3  1.6010924E-3
0.657930017 5.00398874E-3 8.31824541E-3 2.42177499E-4 8.39231722E-3 8.01021047E-3 3.82106256E-4 4.00160479E-6 0 0 4.20805922E-21 1.37518242E-3 1.73112003E-5 1.30374501E-5 5.73994328E-7 1.76728236E-7 5.89178351E-4 1.37680955E-3 2.90202699E-3 1.73191261E-3
0.667931497 4.99749184E-3 7.75847118E-3 2.33197527E-4 7.99507368E-3 7.62897264E-3 3.66100809E-4 3.97160329E-6 0 0 2.4928358E-21 1.25369895E-3 1.85197132E-5 1.31262241E-5 5.66127312E-7 1.9113331E-7 4.93544096E-4 1.35272148E-3 2.62152241E-3 1.87111099E-3
0.677919984 4.99102473E-3 7.44756963E-3 2.29274126E-4 7.56373769E-3 7.21256575E-3 3.51172144E-4 3.959271E-6 0 0 1.43213681E-21 1.0811782E-3 2.01789626E-5 1.32725336E-5 5.59171895E-7 2.07649478E-7 4.19496384E-4 1.32861407E-3 2.32417881E-3 2.02092063E-3
0.687896013 4.98497486E-3 7.28500402E-3 2.24348158E-4 7.12089334E-3 6.7836768E-3 3.3721677E-4 3.97053009E-6 0 0 8.03471165E-22 8.823229E-4 2.25093227E-5 1.35118007E-5 5.53287293E-7 2.25606939E-7 3.5812633E-4 1.30449864E-3 2.01900792E-3 2.17895024E-3
0.697860003 4.9790144E-3 6.76264847E-3 2.1759214E-4 6.69502374E-3 6.3708825E-3 3.24141176E-4 4.012928E-6 0 0 4.42848034E-22 6.82076847E-4 2.58605087E-5 1.38509959E-5 5.4867462E-7 2.44153398E-7 3.04680958E-4 1.28042954E-3 1.72318402E-3 2.33599381E-3
0.707811475 4.97248769E-3 6.32288586E-3 2.08911049E-4 6.30706642E-3 5.99519536E-3 3.11871321E-4 4.09541644E-6 0 0 2.40762544E-22 5.0038012E-4 3.07718074E-5 1.42978597E-5 5.45579326E-7 2.6235719E-7 2.57296488E-4 1.25650538E-3 1.45417452E-3 2.47686589E-3
0.717751026 4.96700406E-3 5.54794865E-3 1.98696172E-4 5.96458139E-3 5.66423405E-3 3.00347194E-4 4.22796029E-6 0 0 1.29279724E-22 3.49279406E-4 3.80399979E-5 1.48735107E-5 5.44282045E-7 2.79337712E-7 2.15604072E-4 1.23285246E-3 1.22409465E-3 2.58443854E-3
0.727679491 4.96149063E-3 5.3784512E-3 1.94319087E-4 5.6640543E-3 5.37454477E-3 2.89509422E-4 4.42023475E-6 0 0 6.84627767E-23 2.32805338E-4 4.87694233E-5 1.56124443E-5 5.45080638E-7 2.94378623E-7 1.79663475E-4 1.20960281E-3 1.03753142E-3 2.64530024E-3
0.737596512 4.95550036E-3 5.43789426E-3 1.93717904E-4 5.39807882E-3 5.11877146E-3 2.79307395E-4 4.67994005E-6 0 0 3.56431433E-23 1.48856911E-4 6.43572494E-5 1.65702459E-5 5.48277285E-7 3.06998118E-7 1.49438813E-4 1.18688203E-3 8.92506971E-4 2.65462417E-3
0.747501969 4.95001674E-3 4.93924227E-3 1.85732293E-4 5.16181206E-3 4.89211641E-3 2.69695709E-4 5.0110184E-6 0 0 1.81695461E-23 9.18179721E-5 8.6359978E-5 1.78355076E-5 5.54174221E-7 3.16984313E-7 1.246022E-4 1.16478361E-3 7.82788557E-4 2.61804648E-3
0.757396996 4.94498014E-3 5.11775166E-3 1.87480444E-4 4.95557999E-3 4.69495403E-3 2.60625995E-4 5.41206555E-6 0 0 9.03255203E-24 5.49756696E-5 1.16187693E-4 1.95483735E-5 5.6309716E-7 3.24374867E-7 1.04573308E-4 1.14335725E-3 7.00425589E-4 2.54958635E-3
0.767281532 4.93952632E-3 5.09749074E-3 1.8539156E-4 4.7829817E-3 4.5309253E-3 2.52056197E-4 5.87515433E-6 0 0 4.36422939E-24 3.21557891E-5 1.54609734E-4 2.19290105E-5 5.74777971E-7 3.29399569E-7 8.86383787E-5 1.12260797E-3 6.37652643E-4 2.46655266E-3
0.777155519 4.93448973E-3 4.7303047E-3 1.7816716E-4 4.64624446E-3 4.40230034E-3 2.4394432E-4 6.38573783E-6 0 0 2.04436341E-24 1.84767141E-5 2.01163275E-4 2.53215348E-5 5.88650721E-7 3.32411503E-7 7.60471157E-5 1.10250281E-3 5.87900169E-4 2.38358183E-3
0.787019491 4.92948294E-3 4.52227937E-3 1.75632566E-4 4.54199035E-3 4.30573383E-3 2.36256878E-4 6.92407366E-6 0 0 0 1.04672172E-5 2.53663777E-4 3.0259609E-5 6.07120057E-7 3.33813944E-7 6.61366357E-5 1.08295982E-3 5.46233321E-4 2.30814819E-3
0.799334466 7.38549232E-3 4.26679151E-3 1.40920325E-4 4.44098096E-3 4.21376759E-3 2.27213211E-4 7.59867135E-6 0 0 0 5.14369412E-6 3.20812862E-4 4.00525423E-5 6.36566199E-7 3.33860413E-7 5.68329415E-5 1.05922786E-3 5.00931055E-4 2.2221976E-3
0.811638474 4.91851568E-3 4.43828292E-3 1.71095628E-4 4.34250711E-3 4.1238172E-3 2.18689922E-4 8.23565097E-6 0 0 0 2.39621681E-6 3.79577483E-4 5.54896906E-5 6.7419893E-7 3.32753729E-7 4.99221132E-5 1.03607227E-3 4.59823379E-4 2.13129353E-3
0.821470499 4.91347909E-3 4.40359768E-3 1.70179177E-4 4.24535992E-3 4.0330966E-3 2.1226333E-4 8.68934785E-6 0 0 0 1.29091188E-6 4.11620858E-4 7.44624485E-5 7.1324348E-7 3.31302857E-7 4.59660405E-5 1.01790903E-3 4.29962092E-4 2.04215129E-3
0.833746493 7.36254454E-3 3.91527219E-3 1.33647045E-4 4.08575777E-3 3.88107845E-3 2.04679585E-4 9.16203953E-6 0 0 0 5.90224261E-7 4.24095022E-4 1.10031331E-4 7.79147456E-7 3.29115181E-7 4.27311643E-5 9.95576847E-4 3.97780852E-4 1.90000271E-3
0.848461986 7.35297799E-3 3.91268358E-3 1.3203155E-4 3.84833431E-3 3.65219964E-3 1.96134657E-4 9.58776036E-6 0 0 0 2.13806729E-7 3.97810945E-4 1.73417313E-4 8.96208462E-7 3.26264541E-7 4.09346649E-5 9.69241548E-4 3.68907058E-4 1.69086421E-3
0.863160014 7.34499097E-3 3.53612332E-3 1.27150939E-4 3.59245343E-3 3.40429158E-3 1.88161852E-4 9.86163832E-6 0 0 0 7.26166789E-8 3.33469419E-4 2.61651061E-4 1.08755182E-6 3.23383517E-7 4.10355497E-5 9.43542575E-4 3.52868228E-4 1.46037957E-3
0.877841473 7.33649731E-3 3.28486087E-3 1.230825E-4 3.35591682E-3 3.17520997E-3 1.80706949E-4 1.00107382E-5 0 0 0 1.08202842E-8 2.50347628E-4 3.67735571E-4 1.41622957E-6 3.20622121E-7 4.21807272E-5 9.18655307E-4 3.47397174E-4 1.23713515E-3
0.892506957 7.32901692E-3 3.12714884E-3 1.20927303E-4 3.15149105E-3 2.97777541E-3 1.73715569E-4 1.00696006E-5 0 0 0 0 1.69027713E-4 4.73270309E-4 1.9998663E-6 3.1809688E-7 4.3154505E-5 8.94727709E-4 3.45242996E-4 1.03996461E-3
0.90959698 9.76097584E-3 2.85523059E-3 1.00324462E-4 2.92927353E-3 2.763164E-3 1.66109356E-4 1.00649431E-5 0 0 0 0 9.51666734E-5 5.58581029E-4 3.30653802E-6 3.15650539E-7 4.23503989E-5 8.6822774E-4 3.33661097E-4 8.51490069E-4
0.929107487 9.74953175E-3 2.66305776E-3 9.57345983E-5 2.64688046E-3 2.48885015E-3 1.5803022E-4 1.00103462E-5 0 0 0 0 4.28104249E-5 5.68303454E-4 6.20687615E-6 3.13841269E-7 3.78115801E-5 8.397114E-4 2.97463703E-4 6.86218555E-4
0.948596478 9.73948836E-3 2.38974066E-3 9.21280662E-5 2.32607825E-3 2.17553694E-3 1.50541295E-4 9.9314293E-6 0 0 0 0 1.72011114E-5 4.78163973E-4 1.14503046E-5 3.13693391E-7 3.01131913E-5 8.12867598E-4 2.39272005E-4 5.76223538E-4
0.970497012 1.21610165E-2 2.03583832E-3 7.85219818E-5 1.99029362E-3 1.84755004E-3 1.42743476E-4 9.83368682E-6 0 0 0 0 5.78636946E-6 3.15293088E-4 2.03919844E-5 3.1657558E-7 2.07772791E-5 7.84311444E-4 1.69170162E-4 5.21669514E-4
0.994809031 1.21510029E-2 1.66156644E-3 7.4286756E-5 1.72448007E-3 1.58974936E-3 1.34730668E-4 9.72734597E-6 0 0 0 0 1.56220756E-6 1.53955276E-4 3.11163931E-5 3.2471263E-7 1.28969068E-5 7.54068606E-4 1.10242137E-4 5.15855849E-4
1.01909494 1.21349692E-2 1.55025965E-3 7.19663803E-5 1.55009574E-3 1.42277195E-3 1.27323729E-4 9.63563707E-6 0 0 0 0 3.83016754E-7 5.96710925E-5 3.64724983E-5 3.39206139E-7 8.45620343E-6 7.2508672E-4 7.72056082E-5 5.0552201E-4
1.04335999 1.2130022E-2 1.49154465E-3 6.965996E-5 1.39562273E-3 1.27517828E-3 1.20444492E-4 9.57864086E-6 0 0 0 0 8.20464621E-8 1.9587902E-5 3.23239401E-5 3.61014997E-7 6.25750454E-6 6.97252515E-4 6.07943839E-5 4.48940322E-4
1.06761503 1.21250153E-2 1.27171213E-3 6.72073365E-5 1.24194438E-3 1.12790416E-3 1.14040195E-4 9.58980581E-6 0 0 0 0 1.18110188E-8 5.80943015E-6 2.16855096E-5 3.90489589E-7 5.01248542E-6 6.70574547E-4 5.13113846E-5 3.63518717E-4
1.09186006 1.21199489E-2 1.14910793E-3 6.28829657E-5 1.1104705E-3 1.00237469E-3 1.08095803E-4 9.7129614E-6 0 0 0 0 0 1.59267779E-6 1.11973459E-5 4.30744564E-7 4.07254083E-6 6.45149965E-4 4.38640745E-5 2.86354363E-4
1.11609495 1.21150017E-2 9.06645961E-4 6.16228426E-5 1.01000653E-3 9.07397596E-4 1.02609003E-4 9.98906307E-6 0 0 0 0 0 3.94059214E-7 4.61327363E-6 4.98412817E-7 3.24968164E-6 6.21030224E-4 3.69352856E-5 2.30687554E-4
1.14032495 1.21150017E-2 9.81299556E-4 6.07365037E-5 9.31962742E-4 8.34401988E-4 9.75607327E-5 1.04428218E-5 0 0 0 0 0 8.48993835E-8 1.60831917E-6 6.33381831E-7 2.5379486E-6 5.98209852E-4 3.04870482E-5 1.90397695E-4
1.16456008 1.21200681E-2 9.11978015E-4 5.92736797E-5 8.67669703E-4 7.74761604E-4 9.29080561E-5 1.10903447E-5 0 0 0 0 0 1.22980701E-8 5.04981131E-7 9.47279659E-7 1.95832899E-6 5.76611608E-4 2.48229571E-5 1.5881384E-4
1.18879509 1.21150017E-2 6.8637525E-4 5.70609554E-5 8.13004444E-4 7.24399288E-4 8.86051785E-5 1.1984971E-5 0 0 0 0 0 0 1.47216781E-7 1.73674653E-6 1.51366874E-6 5.5617094E-4 2.01730672E-5 1.32672678E-4
1.21303511 1.21249557E-2 7.33147317E-4 5.69893309E-5 7.66493729E-4 6.8187993E-4 8.46137918E-5 1.30701465E-5 0 0 0 0 0 0 3.91709918E-8 3.7521088E-6 1.18909384E-6 5.36808686E-4 1.66339541E-5 1.10386754E-4
1.23728502 1.21250153E-2 7.37072842E-4 5.68693067E-5 7.31182925E-4 6.50268979E-4 8.09139747E-5 1.4766757E-5 0 0 0 0 0 0 9.18364051E-9 8.55218786E-6 9.660464E-7 5.18447952E-4 1.42323061E-5 9.32945186E-5
1.26154006 1.2130022E-2 7.53752131E-4 5.7158366E-5 7.13647052E-4 6.36155601E-4 7.74914515E-5 1.79400668E-5 0 0 0 0 0 0 1.68368608E-9 1.81963078E-5 8.29025396E-7 5.01004397E-4 1.29583968E-5 8.52257363E-5
1.28580999 1.21399164E-2 6.97125797E-4 5.59483087E-5 7.18322117E-4 6.43997919E-4 7.43242126E-5 2.49826935E-5 0 0 0 0 0 0 0 3.30276234E-5 7.60718592E-7 4.84391581E-4 1.26735167E-5 8.81618107E-5
1.31009495 1.21450424E-2 8.35649087E-4 5.10968202E-5 7.41919153E-4 6.70541311E-4 7.13778645E-5 4.22025041E-5 0 0 0 0 0 0 0 4.85038945E-5 7.28210807E-7 4.68566199E-4 1.28707425E-5 9.76697338E-5
1.33439994 1.21600032E-2 7.69588456E-4 4.99921407E-5 7.8077236E-4 7.12149951E-4 6.8622423E-5 8.5727901E-5 0 0 0 0 0 0 0 5.61043598E-5 6.82914504E-7 4.53536311E-4 1.26711102E-5 1.03427315E-4
1.35872507 1.216501E-2 8.02184106E-4 5.02862422E-5 8.58977786E-4 7.92945968E-4 6.60318474E-5 1.94148713E-4 0 0 0 0 0 0 0 5.0614748E-5 5.90469767E-7 4.3929441E-4 1.13999358E-5 9.68976819E-5
1.38306499 1.2174964E-2 1.09436817E-3 5.41680565E-5 1.05563947E-3 9.92051559E-4 6.35878896E-5 4.41837561E-4 0 0 0 0 0 0 0 3.56884266E-5 4.59494601E-7 4.25797829E-4 9.19706781E-6 7.90712074E-5
1.40742493 1.21850371E-2 1.34278042E-3 5.71909404E-5 1.47550099E-3 1.41421927E-3 6.12817239E-5 9.15308658E-4 0 0 0 0 0 0 0 1.99684437E-5 3.28907134E-7 4.12986585E-4 6.83895541E-6 5.87876712E-5
1.42936504 9.75501537E-3 1.94432971E-3 7.16594222E-5 2.05298583E-3 1.99366524E-3 5.93205405E-5 1.53164438E-3 0 0 0 0 0 0 0 9.885699E-6 2.37054167E-7 4.01977595E-4 5.13084069E-6 4.47896891E-5
1.44644499 7.32499361E-3 2.39862478E-3 8.88133945E-5 2.54727225E-3 2.48939637E-3 5.78758481E-5 2.04831501E-3 0 0 0 0 0 0 0 5.20069307E-6 1.86612681E-7 3.93726834E-4 4.18360196E-6 3.77836586E-5
1.46109509 7.32499361E-3 2.79750349E-3 9.39157981E-5 2.89106951E-3 2.8343678E-3 5.67017669E-5 2.40693311E-3 0 0 0 0 0 0 0 2.88496472E-6 1.55987806E-7 3.86870117E-4 3.60826562E-6 3.39152466E-5
1.47330499 4.88495827E-3 2.97499332E-3 1.17443407E-4 3.05948267E-3 3.00371205E-3 5.57707681E-5 2.58572679E-3 0 0 0 0 0 0 0 1.71195063E-6 1.3680706E-7 3.81295686E-4 3.24884104E-6 3.15918805E-5
1.48307991 4.89002466E-3 2.94851256E-3 1.17234762E-4 3.0853746E-3 3.03031388E-3 5.50607292E-5 2.61900667E-3 0 0 0 0 0 0 0 1.12128214E-6 1.24744901E-7 3.76922311E-4 3.02355465E-6 3.01153068E-5
1.49286008 4.89002466E-3 3.43097956E-3 1.24017039E-4 3.01129348E-3 2.95691122E-3 5.43821916E-5 2.55176681E-3 0 0 0 0 0 0 0 7.26985888E-7 1.14767325E-7 3.72613984E-4 2.83783311E-6 2.88509254E-5
1.50509 7.34001398E-3 2.97922594E-3 9.57851735E-5 2.78776116E-3 2.73418147E-3 5.35798281E-5 2.33615143E-3 0 0 0 0 0 0 0 4.21625572E-7 1.04551795E-7 3.67337692E-4 2.64856249E-6 2.75174189E-5
1.51977503 7.34496117E-3 2.57492717E-3 9.0688518E-5 2.39063916E-3 2.33796053E-3 5.26787226E-5 1.94783264E-3 0 0 0 0 0 0 0 2.11409898E-7 9.43709466E-8 3.61127924E-4 2.4609451E-6 2.62332214E-5
1.53692007 9.80001688E-3 1.90861057E-3 7.05891362E-5 1.85342762E-3 1.80172967E-3 5.16979089E-5 1.42005808E-3 0 0 0 0 0 0 0 9.18939307E-8 8.42865333E-8 3.54035787E-4 2.27522764E-6 2.51843594E-5
1.55897999 1.22599602E-2 1.19343388E-3 5.44335489E-5 1.23897335E-3 1.18847808E-3 5.04952404E-5 8.16877291E-4 0 0 0 0 0 0 0 2.91154194E-8 7.26479854E-8 3.45145934E-4 2.0553116E-6 2.42977349E-5
1.58350992 1.22700334E-2 7.57347385E-4 4.82056785E-5 7.81271781E-4 7.3212228E-4 4.91494902E-5 3.71428323E-4 0 0 0 0 0 0 0 6.96445124E-9 6.05455526E-8 3.35565943E-4 1.8087029E-6 2.32517959E-5
1.60806501 1.22849941E-2 5.33158367E-4 4.44970137E-5 5.44799259E-4 4.97067929E-4 4.77312933E-5 1.47557774E-4 0 0 0 0 0 0 0 8.60777505E-10 4.9319091E-8 3.2635362E-4 1.55335624E-6 2.15530199E-5
1.63264489 1.22949481E-2 4.2224786E-4 4.22813791E-5 4.38268529E-4 3.92014103E-4 4.62544158E-5 5.37998021E-5 0 0 0 0 0 0 0 0 3.93652257E-8 3.17550235E-4 1.30344688E-6 1.93212509E-5
1.65724492 1.23050809E-2 4.9101765E-4 4.49092367E-5 3.90581699E-4 3.45806155E-4 4.47755701E-5 1.83962893E-5 0 0 0 0 0 0 0 0 3.09828607E-8 3.09136056E-4 1.07933135E-6 1.71634765E-5
1.68186998 1.23199224E-2 4.25479608E-4 4.49514482E-5 3.66705965E-4 3.23367538E-4 4.33384375E-5 5.82554821E-6 0 0 0 0 0 0 0 0 2.42722127E-8 3.01075139E-4 8.94657603E-7 1.55479192E-5
1.70651996 1.23300552E-2 3.23645945E-4 4.33931127E-5 3.52337025E-4 3.10378557E-4 4.19584612E-5 1.65936058E-6 0 0 0 0 0 0 0 0 1.91300273E-8 2.93335121E-4 7.52625681E-7 1.46123148E-5
1.73118997 1.23400092E-2 3.29560018E-4 4.32518318E-5 3.42096318E-4 3.01430409E-4 4.06659237E-5 4.16623436E-7 0 0 0 0 0 0 0 0 1.53212287E-8 2.85926246E-4 6.51360665E-7 1.44208516E-5
1.75588 1.23499632E-2 3.23682994E-4 4.24748541E-5 3.342852E-4 2.94742989E-4 3.95421885E-5 7.07148047E-8 0 0 0 0 0 0 0 0 1.25649482E-8 2.78871623E-4 5.88646799E-7 1.51994409E-5
1.78058994 1.23599768E-2 3.78015859E-4 4.278907E-5 3.28663562E-4 2.89934542E-4 3.87290238E-5 0 0 0 0 0 0 0 0 0 1.05946523E-8 2.72155856E-4 5.60629701E-7 1.72074633E-5
1.80531991 1.23699903E-2 3.97434254E-4 4.44036159E-5 3.24822788E-4 2.86464288E-4 3.83585066E-5 0 0 0 0 0 0 0 0 0 9.14640452E-9 2.65683542E-4 5.55084739E-7 2.02165047E-5
1.8300699 1.23800039E-2 4.04993858E-4 4.51681772E-5 3.2133708E-4 2.82909285E-4 3.84277701E-5 0 0 0 0 0 0 0 0 0 7.94501354E-9 2.59303692E-4 5.479028E-7 2.30497644E-5
1.85483992 1.23900175E-2 3.42296174E-4 4.51794331E-5 3.16085265E-4 2.77363695E-4 3.87215732E-5 0 0 0 0 0 0 0 0 0 6.7659478E-9 2.52911967E-4 5.1249333E-7 2.39324909E-5
1.87962496 1.23950243E-2 3.24282591E-4 4.58160357E-5 3.07719223E-4 2.68820702E-4 3.88985172E-5 0 0 0 0 0 0 0 0 0 5.53906565E-9 2.4656867E-4 4.39161909E-7 2.18073346E-5
1.90442491 1.24049783E-2 3.74895637E-4 4.66765159E-5 2.96932965E-4 2.58217071E-4 3.87158834E-5 0 0 0 0 0 0 0 0 0 4.35965086E-9 2.40449706E-4 3.44357005E-7 1.74186534E-5
1.929245 1.24150515E-2 3.13314289E-4 4.65824269E-5 2.85807735E-4 2.47639633E-4 3.81680838E-5 0 0 0 0 0 0 0 0 0 3.36498185E-9 2.34690175E-4 2.55577987E-7 1.26905225E-5
1.9540801 1.24199986E-2 3.78288067E-4 4.77411195E-5 2.75972765E-4 2.38563662E-4 3.74091105E-5 0 0 0 0 0 0 0 0 0 2.60917821E-9 2.29289086E-4 1.89163188E-7 9.08280435E-6
1.97892499 1.24249458E-2 2.52331665E-4 4.59088442E-5 2.67787545E-4 2.31198312E-4 3.65892483E-5 0 0 0 0 0 0 0 0 0 2.05934403E-9 2.24170944E-4 1.45360033E-7 6.87994589E-6
2.00377989 1.24300718E-2 2.88391719E-4 4.60072843E-5 2.60845583E-4 2.25057302E-4 3.57882745E-5 0 0 0 0 0 0 0 0 0 1.65508485E-9 2.19265828E-4 1.17156844E-7 5.67266488E-6
2.02865005 1.24399662E-2 2.94945756E-4 4.55965055E-5 2.54677376E-4 2.19641341E-4 3.50360278E-5 0 0 0 0 0 0 0 0 0 1.3487006E-9 2.14536252E-4 9.81844721E-8 5.00554734E-6
2.05353498 1.2444973E-2 2.36513471E-4 4.60157898E-5 2.4902547E-4 2.14676009E-4 3.43494503E-5 0 0 0 0 0 0 0 0 0 1.11103859E-9 2.09968275E-4 8.47691624E-8 4.62185562E-6
2.07842994 1.24499798E-2 2.13237523E-4 4.58696741E-5 2.43805029E-4 2.10053186E-4 3.37518468E-5 0 0 0 0 0 0 0 0 0 9.24212595E-10 2.05559511E-4 7.49709059E-8 4.41778047E-6
2.10333014 1.2450099E-2 3.29254835E-4 4.82435753E-5 2.38998851E-4 2.05716933E-4 3.32819254E-5 0 0 0 0 0 0 0 0 0 7.75128739E-10 2.01312083E-4 6.73990357E-8 4.33667856E-6
2.12824011 1.24598742E-2 2.56794534E-4 4.76816531E-5 2.34597581E-4 2.01595394E-4 3.30021794E-5 0 0 0 0 0 0 0 0 0 6.52808807E-10 1.97225076E-4 6.07709794E-8 4.30890805E-6
2.1531601 1.24601126E-2 2.99199106E-4 4.94550113E-5 2.30597885E-4 1.97597197E-4 3.30006878E-5 0 0 0 0 0 0 0 0 0 5.49164991E-10 1.93290471E-4 5.41922915E-8 4.25197868E-6
2.17808509 1.24650002E-2 2.61774432E-4 4.98211011E-5 2.27015058E-4 1.93633954E-4 3.3381104E-5 0 0 0 0 0 0 0 0 0 4.59884103E-10 1.89480823E-4 4.74935469E-8 4.1051876E-6
2.2030201 1.24700069E-2 2.28816585E-4 5.26901531E-5 2.23861556E-4 1.89638551E-4 3.42229941E-5 0 0 0 0 0 0 0 0 0 3.83275134E-10 1.85738361E-4 4.10344043E-8 3.8587832E-6
2.22796488 1.24748945E-2 2.54400482E-4 5.4483964E-5 2.2109905E-4 1.85574187E-4 3.55248521E-5 0 0 0 0 0 0 0 0 0 3.18071736E-10 1.81986834E-4 3.51675098E-8 3.55187808E-6
2.25291491 1.24750137E-2 2.99479521E-4 5.86935676E-5 2.18581932E-4 1.8143894E-4 3.7142996E-5 0 0 0 0 0 0 0 0 0 2.62291133E-10 1.78165661E-4 2.99267455E-8 3.24308303E-6
2.27786493 1.24751329E-2 1.89597311E-4 6.08058072E-5 2.16063912E-4 1.77282156E-4 3.87817599E-5 0 0 0 0 0 0 0 0 0 2.14065266E-10 1.7427557E-4 2.51782133E-8 2.98119494E-6
2.30282021 1.24799013E-2 1.70317915E-4 6.43786916E-5 2.13308696E-4 1.73212306E-4 4.00963872E-5 0 0 0 0 0 0 0 0 0 1.72616504E-10 1.70390849E-4 2.08901785E-8 2.80039831E-6
2.32778502 1.24850273E-2 1.78487477E-4 6.64410109E-5 2.10203725E-4 1.69368854E-4 4.08348678E-5 0 0 0 0 0 0 0 0 0 1.38015321E-10 1.66616723E-4 1.71746812E-8 2.73481328E-6
2.35275006 1.24800205E-2 1.53371962E-4 6.65355765E-5 2.06787954E-4 1.65865582E-4 4.09223721E-5 0 0 0 0 0 0 0 0 0 1.101534E-10 1.63032149E-4 1.41316896E-8 2.8191871E-6
2.37771988 1.24899149E-2 1.93592568E-4 6.73158502E-5 2.03166914E-4 1.62731201E-4 4.04357052E-5 0 0 0 0 0 0 0 0 0 8.82747625E-11 1.59667252E-4 1.17378027E-8 3.0521237E-6
2.40269494 1.24850273E-2 1.66507874E-4 6.65641419E-5 1.99420276E-4 1.59875824E-4 3.95444476E-5 0 0 0 0 0 0 0 0 0 7.12609138E-11 1.56518217E-4 9.87167947E-9 3.34765673E-6
2.42767 1.24899149E-2 1.61752832E-4 6.58021672E-5 1.95553861E-4 1.5710757E-4 3.84462837E-5 0 0 0 0 0 0 0 0 0 5.79936689E-11 1.53558343E-4 8.38682013E-9 3.54079089E-6
2.45264983 1.24900341E-2 3.25044792E-4 6.4800588E-5 1.91538653E-4 1.54228968E-4 3.73096918E-5 0 0 0 0 0 0 0 0 0 4.75234227E-11 1.50744891E-4 7.16267357E-9 3.476865E-6
2.47763014 1.24901533E-2 1.48652311E-4 6.40628568E-5 1.873976E-4 1.51162923E-4 3.62346691E-5 0 0 0 0 0 0 0 0 0 3.91278017E-11 1.48036532E-4 6.12418649E-9 3.12022325E-6
2.50261021 1.24899149E-2 2.38962559E-4 6.37062039E-5 1.8324703E-4 1.47990155E-4 3.52568786E-5 0 0 0 0 0 0 0 0 0 3.22978588E-11 1.45405429E-4 5.23371746E-9 2.57945908E-6
2.52759504 1.24950409E-2 2.24224117E-4 6.3560241E-5 1.7923511E-4 1.44867299E-4 3.43678003E-5 0 0 0 0 0 0 0 0 0 2.66868836E-11 1.42838355E-4 4.47288917E-9 2.02445653E-6
2.55258512 1.24950409E-2 2.12968967E-4 6.31561197E-5 1.75462497E-4 1.41914294E-4 3.35482036E-5 0 0 0 0 0 0 0 0 0 2.20550279E-11 1.40332195E-4 3.82719323E-9 1.57824593E-6
2.57757521 1.24949217E-2 1.24404687E-4 6.01227948E-5 1.71949723E-4 1.39166732E-4 3.27829839E-5 0 0 0 0 0 0 0 0 0 1.82282002E-11 1.37889496E-4 3.28091998E-9 1.27394151E-6
2.60256505 1.24950409E-2 1.36345727E-4 6.03309127E-5 1.68665327E-4 1.36598654E-4 3.20666622E-5 0 0 0 0 0 0 0 0 0 1.50688212E-11 1.35512775E-4 2.81785817E-9 1.08304459E-6
2.62755489 1.24949217E-2 1.23806531E-4 6.29681235E-5 1.65576668E-4 1.34168338E-4 3.14083336E-5 0 0 0 0 0 0 0 0 0 1.24644704E-11 1.33203357E-4 2.42404674E-9 9.62546665E-7
2.65254498 1.24950409E-2 2.15057502E-4 6.07198308E-5 1.6266595E-4 1.31841036E-4 3.08249146E-5 0 0 0 0 0 0 0 0 0 1.03187988E-11 1.309582E-4 2.08795181E-9 8.80736877E-7
2.67754006 1.25000477E-2 8.22745205E-5 5.98822771E-5 1.59918782E-4 1.29591106E-4 3.03276738E-5 0 0 0 0 0 0 0 0 0 8.54811014E-12 1.28768719E-4 1.79995074E-9 8.20575735E-7
2.70253515 1.24949217E-2 2.06245648E-4 6.12274307E-5 1.57314702E-4 1.27400388E-4 2.9914303E-5 0 0 0 0 0 0 0 0 0 7.08211094E-12 1.26624378E-4 1.55210389E-9 7.7445651E-7
2.72753 1.25000477E-2 1.55284812E-4 6.08673909E-5 1.54814654E-4 1.25254126E-4 2.95605332E-5 0 0 0 0 0 0 0 0 0 5.86275516E-12 1.2451387E-4 1.33779032E-9 7.38903509E-7
2.75252509 1.24950409E-2 1.27769716E-4 6.32008378E-5 1.52363893E-4 1.23144768E-4 2.92191307E-5 0 0 0 0 0 0 0 0 0 4.84494432E-12 1.22432306E-4 1.15186594E-9 7.11304097E-7
2.77752018 1.24999285E-2 4.53991852E-5 5.93412369E-5 1.49913205E-4 1.21073666E-4 2.88395477E-5 0 0 0 0 0 0 0 0 0 3.99567142E-12 1.20384495E-4 9.90601823E-10 6.88171951E-7
2.80252004 1.25000477E-2 1.94503024E-4 6.13915108E-5 1.4743481E-4 1.19047749E-4 2.83870595E-5 0 0 0 0 0 0 0 0 0 3.29025435E-12 1.18381991E-4 8.51164805E-10 6.64901961E-7
2.82751513 1.24949217E-2 1.78267801E-4 5.94407429E-5 1.44935184E-4 1.170756E-4 2.78595762E-5 0 0 0 0 0 0 0 0 0 2.70868354E-12 1.16437652E-4 7.31160354E-10 6.37214498E-7
2.85250998 1.25000477E-2 1.87284531E-4 6.05831374E-5 1.42439851E-4 1.1515947E-4 2.72803845E-5 0 0 0 0 0 0 0 0 0 2.23161051E-12 1.14555594E-4 6.28141539E-10 6.03242086E-7
2.87751007 1.25000477E-2 1.88120888E-4 6.05776986E-5 1.39976604E-4 1.13297945E-4 2.66786537E-5 0 0 0 0 0 0 0 0 0 1.84085776E-12 1.12732901E-4 5.39828404E-10 5.64504205E-7
2.90251017 1.24999285E-2 1.06432002E-4 6.03174376E-5 1.37568961E-4 1.11489084E-4 2.60798806E-5 0 0 0 0 0 0 0 0 0 1.52040023E-12 1.1096392E-4 4.64224492E-10 5.24698692E-7
2.92751002 1.25000477E-2 3.98930642E-5 5.89193842E-5 1.35232214E-4 1.09730754E-4 2.55014602E-5 0 0 0 0 0 0 0 0 0 1.2570099E-12 1.09242843E-4 3.99560079E-10 4.87512352E-7
2.95250988 1.24999285E-2 4.06354848E-5 5.85138732E-5 1.32972724E-4 1.08020497E-4 2.495222E-5 0 0 0 0 0 0 0 0 0 1.04001324E-12 1.07564934E-4 3.44197809E-10 4.55215968E-7
2.97750998 1.25000477E-2 5.53906375E-6 5.97432481E-5 1.30793283E-4 1.06355488E-4 2.44377861E-5 0 0 0 0 0 0 0 0 0 8.60877016E-13 1.0592652E-4 2.96657393E-10 4.28674383E-7
3.00250506 1.24950409E-2 9.02673564E-5 5.90236341E-5 1.28406697E-4 1.0473367E-4 2.36730284E-5 0 0 0 0 0 0 0 0 0 7.12800207E-13 1.04325372E-4 2.55701238E-10 4.08039625E-7
3.02750015 1.24999285E-2 9.0111178E-5 5.94342273E-5 1.24995597E-4 1.03152728E-4 2.18428668E-5 0 0 0 0 0 0 0 0 0 5.90246439E-13 1.02759528E-4 2.2033475E-10 3.92975153E-7
3.05250001 1.25000477E-2 2.2126807E-4 5.84149893E-5 1.21686819E-4 1.01610036E-4 2.00767845E-5 0 0 0 0 0 0 0 0 0 4.88783764E-13 1.01227779E-4 1.89793112E-10 3.82067356E-7
3.07749987 1.24999285E-2 1.21302226E-4 5.74892365E-5 1.18586817E-4 1.00101577E-4 1.84852342E-5 0 0 0 0 0 0 0 0 0 4.04800813E-13 9.97292664E-5 1.63458178E-10 3.72148577E-7
3.10249996 1.25000477E-2 4.74980952E-5 5.7726993E-5 1.15670759E-4 9.86211016E-5 1.70496569E-5 0 0 0 0 0 0 0 0 0 3.35275048E-13 9.82621495E-5 1.40780859E-10 3.58806489E-7
3.12750006 1.25000477E-2 1.14429997E-4 5.69862532E-5 1.12913091E-4 9.71625122E-5 1.57505765E-5 0 0 0 0 0 0 0 0 0 2.7767266E-13 9.68239547E-5 1.21259322E-10 3.38438667E-7
3.15250015 1.24999285E-2 9.93659924E-5 5.69492622E-5 1.10292007E-4 9.57229713E-5 1.45690374E-5 0 0 0 0 0 0 0 0 0 2.29899297E-13 9.5412368E-5 1.04443551E-10 3.10493334E-7
3.17750001 1.25000477E-2 4.94685301E-5 5.7467576E-5 1.07791391E-4 9.43041377E-5 1.34872553E-5 0 0 0 0 0 0 0 0 0 1.90250092E-13 9.40261016E-5 8.9945322E-11 2.77940984E-7
3.20249987 1.24999285E-2 1.06114268E-4 5.87128561E-5 1.05400737E-4 9.29113958E-5 1.24893413E-5 0 0 0 0 0 0 0 0 0 1.57346643E-13 9.26658468E-5 7.74411577E-11 2.45473359E-7
3.22749996 1.25000477E-2 9.15000055E-5 5.7598063E-5 1.03114464E-4 9.15500641E-5 1.15644061E-5 0 0 0 0 0 0 0 0 0 1.30069349E-13 9.13330732E-5 6.66628905E-11 2.16920853E-7
3.25250006 1.25000477E-2 1.12310481E-4 5.62732384E-5 1.00928992E-4 9.02238316E-5 1.07051637E-5 0 0 0 0 0 0 0 0 0 1.07498496E-13 9.00299201E-5 5.7385912E-11 1.93855783E-7
3.27750015 1.24999285E-2 1.67406251E-4 5.71096025E-5 9.88415777E-5 8.89334624E-5 9.90811441E-6 0 0 0 0 0 0 0 0 0 8.88552944E-14 8.87575443E-5 4.94126302E-11 1.75869658E-7
3.30250001 1.25000477E-2 2.15342036E-4 5.88856637E-5 9.68492386E-5 8.76775957E-5 9.17164016E-6 0 0 0 0 0 0 0 0 0 7.34752835E-14 8.75158803E-5 4.2566041E-11 1.61673242E-7
3.32749987 1.24999285E-2 1.25460399E-4 5.78220061E-5 9.49473251E-5 8.64536923E-5 8.49363369E-6 0 0 0 0 0 0 0 0 0 6.07897115E-14 8.63036548E-5 3.66866398E-11 1.5000002E-7
3.35249996 1.25000477E-2 1.23003731E-4 5.57855128E-5 9.31304967E-5 8.52587182E-5 7.87178033E-6 0 0 0 0 0 0 0 0 0 5.0318331E-14 8.51187287E-5 3.16331059E-11 1.39957052E-7
3.37750006 1.25000477E-2 5.57866515E-5 5.50995283E-5 9.13917247E-5 8.40897701E-5 7.30195234E-6 0 0 0 0 0 0 0 0 0 4.16641141E-14 8.39587301E-5 2.72836562E-11 1.31008775E-7
3.40250015 1.24999285E-2 1.58021576E-4 5.71041455E-5 8.9723675E-5 8.29443743E-5 6.77930029E-6 0 0 0 0 0 0 0 0 0 3.45012918E-14 8.28214907E-5 2.35346499E-11 1.22855283E-7
3.42750001 1.25000477E-2 -5.81087534E-6 5.66240669E-5 8.8119421E-5 8.18208064E-5 6.29861142E-6 0 0 0 0 0 0 0 0 0 2.856663E-14 8.17054606E-5 2.02996561E-11 1.15328476E-7
3.45249987 1.24999285E-2 1.40123331E-4 5.7704412E-5 8.65724505E-5 8.07180768E-5 5.85437783E-6 0 0 0 0 0 0 0 0 0 2.36453144E-14 8.06097232E-5 1.75060244E-11 1.08331221E-7
3.47749996 1.25000477E-2 1.54143796E-4 5.79291518E-5 8.50787474E-5 7.96363529E-5 5.44239219E-6 0 0 0 0 0 0 0 0 0 1.95656005E-14 7.95345186E-5 1.50942332E-11 1.01818578E-7
3.50250006 1.25000477E-2 -5.55977531E-5 5.60596454E-5 8.36354011E-5 7.85761949E-5 5.05920798E-6 0 0 0 0 0 0 0 0 0 1.61862812E-14 7.84803997E-5 1.30137767E-11 9.57842943E-8
3.52750015 1.24999285E-2 1.67208339E-6 5.7078556E-5 8.22410802E-5 7.75383087E-5 4.70277109E-6 0 0 0 0 0 0 0 0 0 1.33903305E-14 7.7448065E-5 1.12211473E-11 9.02374779E-8
3.55250001 1.25000477E-2 8.97186401E-5 5.74253645E-5 8.08949262E-5 7.65229852E-5 4.37193739E-6 0 0 0 0 0 0 0 0 0 1.10795433E-14 7.64378201E-5 9.67803181E-12 8.51570121E-8
3.57999992 1.49999857E-2 2.18851983E-5 4.91617466E-5 7.94683074E-5 7.54317152E-5 4.03659624E-6 0 0 0 0 0 0 0 0 0 9.00477762E-15 7.53517015E-5 8.23123861E-12 8.00011435E-8
3.60750008 1.24999285E-2 2.67881569E-5 5.48839853E-5 7.80931659E-5 7.43646815E-5 3.72848081E-6 0 0 0 0 0 0 0 0 0 7.31171291E-15 7.42895863E-5 6.99802499E-12 7.50911155E-8
3.63249993 1.25000477E-2 -5.08745597E-6 5.67386305E-5 7.6886914E-5 7.34153728E-5 3.47154128E-6 0 0 0 0 0 0 0 0 0 6.05580361E-15 7.33446723E-5 6.04213467E-12 7.07000609E-8
3.65750003 1.25000477E-2 1.62965662E-4 5.4881737E-5 7.57190719E-5 7.24845158E-5 3.23455129E-6 0 0 0 0 0 0 0 0 0 5.01654967E-15 7.24181737E-5 5.21804561E-12 6.63413431E-8
3.68249989 1.24999285E-2 -3.83357656E-6 5.61650195E-5 7.4587595E-5 7.15716669E-5 3.01593286E-6 0 0 0 0 0 0 0 0 0 4.15618484E-15 7.15095593E-5 4.50723313E-12 6.21023091E-8
3.70749998 1.25000477E-2 8.30590507E-5 5.4645323E-5 7.34905843E-5 7.0676324E-5 2.81426014E-6 0 0 0 0 0 0 0 0 0 3.44382908E-15 7.06181891E-5 3.89396545E-12 5.81278528E-8
3.73250008 1.24999285E-2 4.93331754E-5 5.46831798E-5 7.2426119E-5 6.97980722E-5 2.62804815E-6 0 0 0 0 0 0 0 0 0 2.85374484E-15 6.97435316E-5 3.36459224E-12 5.45337429E-8
3.75749993 1.25000477E-2 8.12382495E-5 5.50560653E-5 7.13923582E-5 6.89362932E-5 2.45606566E-6 0 0 0 0 0 0 0 0 0 2.36489968E-15 6.88849395E-5 2.9075221E-12 5.13503018E-8
3.78250003 1.25000477E-2 -6.54524265E-5 5.15808861E-5 7.0387272E-5 6.80903177E-5 2.29695115E-6 0 0 0 0 0 0 0 0 0 1.95977589E-15 6.80418016E-5 2.51271551E-12 4.85166609E-8
3.80749989 1.24999285E-2 1.26442508E-4 5.60067565E-5 6.94088958E-5 6.72594251E-5 2.14947386E-6 0 0 0 0 0 0 0 0 0 1.62393951E-15 6.72135066E-5 2.171588E-12 4.59127207E-8
3.83249998 1.25000477E-2 3.71473543E-5 5.39034772E-5 6.84556726E-5 6.64431282E-5 2.01254375E-6 0 0 0 0 0 0 0 0 0 1.34551533E-15 6.63997198E-5 1.87680969E-12 4.34032472E-8
3.85750008 1.24999285E-2 3.9531551E-5 5.47490126E-5 6.75261253E-5 6.56410484E-5 1.8850717E-6 0 0 0 0 0 0 0 0 0 1.11467281E-15 6.56001721E-5 1.62207249E-12 4.0879133E-8
3.88249993 1.25000477E-2 3.42797903E-5 5.47116942E-5 6.66194028E-5 6.48531204E-5 1.76628271E-6 0 0 0 0 0 0 0 0 0 9.23355804E-16 6.48148271E-5 1.40200395E-12 3.82903416E-8
3.90750003 1.25000477E-2 4.4796805E-5 5.1566738E-5 6.57346536E-5 6.40792205E-5 1.65542804E-6 0 0 0 0 0 0 0 0 0 7.64841476E-16 6.4043561E-5 1.21192325E-12 3.56588288E-8
3.93249989 1.24999285E-2 9.20048114E-5 5.34531609E-5 6.48712739E-5 6.33193267E-5 1.55194562E-6 0 0 0 0 0 0 0 0 0 6.33546975E-16 6.32862648E-5 1.04777504E-12 3.306371E-8
3.95749998 1.25000477E-2 1.27306354E-4 5.52936363E-5 6.40286671E-5 6.25732791E-5 1.45539411E-6 0 0 0 0 0 0 0 0 0 5.24827649E-16 6.25426765E-5 9.06035555E-13 3.06013703E-8
3.98250008 1.24999285E-2 1.10907364E-4 5.40767724E-5 6.32061929E-5 6.18408885E-5 1.36530036E-6 0 0 0 0 0 0 0 0 0 4.34800461E-16 6.18125487E-5 7.83632599E-13 2.83433721E-8
4.00749969 1.25000477E-2 1.00529331E-4 5.30902435E-5 6.24032764E-5 6.1121922E-5 1.28135309E-6 0 0 0 0 0 0 0 0 0 3.60266591E-16 6.10956049E-5 6.7793194E-13 2.63156572E-8
4.03250027 1.25000477E-2 9.92102214E-5 5.42998423E-5 6.16192192E-5 6.04160377E-5 1.20317929E-6 0 0 0 0 0 0 0 0 0 2.98553385E-16 6.03915323E-5 5.86636317E-13 2.45042635E-8
4.05749989 1.25000477E-2 4.05514693E-5 5.32322301E-5 6.08531191E-5 5.97226754E-5 1.13044416E-6 0 0 0 0 0 0 0 0 0 2.47441406E-16 5.96997997E-5 5.07751393E-13 2.28752022E-8
4.08249998 1.24998093E-2 8.36511026E-5 5.44017967E-5 6.01039937E-5 5.90412674E-5 1.06272694E-6 0 0 0 0 0 0 0 0 0 2.05095132E-16 5.90198724E-5 4.39556215E-13 2.1393328E-8
4.10750008 1.25000477E-2 3.42265412E-5 5.45484363E-5 5.93708428E-5 5.83712063E-5 9.99635063E-7 0 0 0 0 0 0 0 0 0 1.699869E-16 5.83511755E-5 3.80557646E-13 2.00310062E-8
4.13249969 1.25000477E-2 1.06115884E-4 5.50162731E-5 5.86528949E-5 5.77122482E-5 9.40649784E-7 0 0 0 0 0 0 0 0 0 1.40871955E-16 5.76934763E-5 3.29497904E-13 1.87694518E-8
4.15750027 1.25000477E-2 -8.81981066E-7 5.45825096E-5 5.794971E-5 5.70643206E-5 8.85390136E-7 0 0 0 0 0 0 0 0 0 1.16729094E-16 5.70467237E-5 2.85309753E-13 1.75960526E-8
4.18499994 1.49998665E-2 -2.83424743E-5 4.74993867E-5 5.71932651E-5 5.63646681E-5 8.28596399E-7 0 0 0 0 0 0 0 0 0 9.49755015E-17 5.63482718E-5 2.43646954E-13 1.6397717E-8
4.21249962 1.25000477E-2 5.07771474E-5 5.39518187E-5 5.64536567E-5 5.56780942E-5 7.75563535E-7 0 0 0 0 0 0 0 0 0 7.71758056E-17 5.56628111E-5 2.07964519E-13 1.52833159E-8
4.23750019 1.25000477E-2 8.20886416E-5 5.51182784E-5 5.57962485E-5 5.50656732E-5 7.30573277E-7 0 0 0 0 0 0 0 0 0 6.39476325E-17 5.50513323E-5 1.80199619E-13 1.43401264E-8
4.26249981 1.25000477E-2 -1.27187304E-5 5.24502611E-5 5.51524245E-5 5.44639406E-5 6.88482714E-7 0 0 0 0 0 0 0 0 0 5.29858052E-17 5.44504837E-5 1.56187075E-13 1.3457166E-8
4.28750038 1.25000477E-2 6.1249506E-5 5.22769624E-5 5.45216353E-5 5.3872478E-5 6.49156334E-7 0 0 0 0 0 0 0 0 0 4.39010361E-17 5.3859847E-5 1.35414398E-13 1.26300703E-8
4.3125 1.24998093E-2 8.68709139E-6 5.14163257E-5 5.39032517E-5 5.32908234E-5 6.12426334E-7 0 0 0 0 0 0 0 0 0 3.63693217E-17 5.32789709E-5 1.17433529E-13 1.18547785E-8
4.33749962 1.25000477E-2 6.31350995E-5 5.37341984E-5 5.32965969E-5 5.27184602E-5 5.78137815E-7 0 0 0 0 0 0 0 0 0 3.01242007E-17 5.27073316E-5 1.018583E-13 1.11278755E-8
4.36250019 1.25000477E-2 1.1361442E-4 5.42294001E-5 5.27011034E-5 5.21550537E-5 5.46046351E-7 0 0 0 0 0 0 0 0 0 2.49477954E-17 5.21446091E-5 8.83606068E-14 1.04468088E-8
4.38749981 1.25000477E-2 5.64333968E-5 5.42517337E-5 5.21163347E-5 5.16003747E-5 5.15959698E-7 0 0 0 0 0 0 0 0 0 2.065894E-17 5.15905667E-5 7.66586162E-14 9.80952741E-9
4.41250038 1.25000477E-2 -4.82753057E-6 5.44364593E-5 5.15421088E-5 5.10544087E-5 4.87698742E-7 0 0 0 0 0 0 0 0 0 1.71080439E-17 5.10451937E-5 6.65137297E-14 9.21395582E-9
4.4375 1.24998093E-2 -2.07469412E-7 5.32381455E-5 5.09782767E-5 5.05171593E-5 4.61116599E-7 0 0 0 0 0 0 0 0 0 1.41699596E-17 5.05085009E-5 5.77206468E-14 8.65724559E-9
4.46249962 1.25000477E-2 3.14343488E-5 5.30795114E-5 5.04247182E-5 4.99885828E-5 4.36135508E-7 0 0 0 0 0 0 0 0 0 1.17393712E-17 4.99804446E-5 5.01001557E-14 8.13549672E-9
4.48750019 1.25000477E-2 -6.57171186E-5 5.35621475E-5 4.98811132E-5 4.94684755E-5 4.12639736E-7 0 0 0 0 0 0 0 0 0 9.72844306E-18 4.94608321E-5 4.34959719E-14 7.64428432E-9
4.51249981 1.25000477E-2 1.5874426E-5 5.5375931E-5 4.93471052E-5 4.89565537E-5 3.90551037E-7 0 0 0 0 0 0 0 0 0 8.06379005E-18 4.89493759E-5 3.77707373E-14 7.17967197E-9
4.53750038 1.25000477E-2 7.48475431E-5 5.36961343E-5 4.88222468E-5 4.84524753E-5 3.69772209E-7 0 0 0 0 0 0 0 0 0 6.68468889E-18 4.84457341E-5 3.28048203E-14 6.73916523E-9
4.5625 1.24998093E-2 1.34541784E-4 5.65929331E-5 4.83062722E-5 4.79560767E-5 3.50198007E-7 0 0 0 0 0 0 0 0 0 5.54165515E-18 4.79497539E-5 2.8496289E-14 6.32206509E-9
4.58749962 1.25000477E-2 6.81843449E-5 5.37438755E-5 4.77990397E-5 4.74672779E-5 3.31760873E-7 0 0 0 0 0 0 0 0 0 4.59406558E-18 4.7461348E-5 2.47576685E-14 5.92881566E-9
4.61250019 1.25000477E-2 1.22221492E-4 5.41400404E-5 4.73004948E-5 4.69861261E-5 3.14369743E-7 0 0 0 0 0 0 0 0 0 3.80869192E-18 4.69805673E-5 2.15142201E-14 5.56004309E-9
4.63749981 1.25000477E-2 4.84339398E-5 5.37524284E-5 4.68105063E-5 4.65125268E-5 2.97976555E-7 0 0 0 0 0 0 0 0 0 3.15783871E-18 4.65073135E-5 1.87004698E-14 5.21565324E-9
4.66250038 1.25000477E-2 8.62521993E-5 5.42302841E-5 4.63288234E-5 4.60462943E-5 2.8253038E-7 0 0 0 0 0 0 0 0 0 2.61843692E-18 4.60414012E-5 1.62589651E-14 4.8945723E-9
4.6875 1.24998093E-2 1.12030582E-4 5.16254986E-5 4.58551403E-5 4.55871705E-5 2.67969256E-7 0 0 0 0 0 0 0 0 0 2.1713855E-18 4.55825757E-5 1.41398717E-14 4.5949955E-9
4.71249962 1.25000477E-2 -2.0178808E-5 5.28283344E-5 4.53891698E-5 4.51349188E-5 2.54249869E-7 0 0 0 0 0 0 0 0 0 1.80064667E-18 4.51306041E-5 1.22994004E-14 4.31476233E-9
4.73750019 1.25000477E-2 3.13386154E-5 5.26255026E-5 4.4930719E-5 4.46894228E-5 2.41298579E-7 0 0 0 0 0 0 0 0 0 1.49321321E-18 4.46853701E-5 1.07006621E-14 4.0518553E-9
4.76249981 1.25000477E-2 5.15802494E-5 5.2896914E-5 4.4479697E-5 4.4250628E-5 2.29070409E-7 0 0 0 0 0 0 0 0 0 1.23827314E-18 4.42468227E-5 9.31171356E-15 3.80458198E-9
4.78750038 1.25000477E-2 4.97634064E-5 5.30119287E-5 4.40359108E-5 4.38183888E-5 2.1752129E-7 0 0 0 0 0 0 0 0 0 1.02686532E-18 4.38148163E-5 8.10483137E-15 3.57165209E-9
4.8125 1.24998093E-2 4.12533627E-5 5.23890558E-5 4.35992079E-5 4.33925998E-5 2.06606558E-7 0 0 0 0 0 0 0 0 0 8.51581769E-19 4.33892492E-5 7.05605508E-15 3.35218853E-9
4.84000015 1.50001049E-2 1.24158294E-4 4.70350569E-5 4.312698E-5 4.29316678E-5 1.95311983E-7 0 0 0 0 0 0 0 0 0 6.93603455E-19 4.29285428E-5 6.06232068E-15 3.12585224E-9
4.86750031 1.25000477E-2 6.4587919E-5 5.22129048E-5 4.26627521E-5 4.24780774E-5 1.84675173E-7 0 0 0 0 0 0 0 0 0 5.64230701E-19 4.24751634E-5 5.20642565E-15 2.91403945E-9
4.89249992 1.25000477E-2 8.78158826E-5 5.24041679E-5 4.22479352E-5 4.20723554E-5 1.75579501E-7 0 0 0 0 0 0 0 0 0 4.68008503E-19 4.20696197E-5 4.53655134E-15 2.73421863E-9
4.91750002 1.24998093E-2 6.08941409E-5 5.33592902E-5 4.18397722E-5 4.16727744E-5 1.66996728E-7 0 0 0 0 0 0 0 0 0 3.88251515E-19 4.16702096E-5 3.95415944E-15 2.56579202E-9
4.94250011 1.25000477E-2 1.01624966E-4 5.33488492E-5 4.14380484E-5 4.12791342E-5 1.58916237E-7 0 0 0 0 0 0 0 0 0 3.22133289E-19 4.12767258E-5 3.44765512E-15 2.40811859E-9
4.96749973 1.25000477E-2 -1.3500673E-5 5.02673902E-5 4.10425309E-5 4.08912238E-5 1.51304576E-7 0 0 0 0 0 0 0 0 0 2.67314995E-19 4.08889646E-5 3.00697713E-15 2.26050045E-9
4.99250031 1.25000477E-2 -3.39649478E-6 5.20571339E-5 4.0652918E-5 4.05087812E-5 1.44137132E-7 0 0 0 0 0 0 0 0 0 2.21839526E-19 4.05066603E-5 2.62329788E-15 2.1222244E-9
5.01749992 1.25000477E-2 6.71845919E-5 5.44101567E-5 4.02690093E-5 4.01316283E-5 1.37382656E-7 0 0 0 0 0 0 0 0 0 1.84102758E-19 4.01296347E-5 2.28907626E-15 1.99263961E-9
5.04250002 1.24998093E-2 6.37389021E-5 5.13232881E-5 3.98906304E-5 3.97596232E-5 1.31007155E-7 0 0 0 0 0 0 0 0 0 1.52780841E-19 3.97577533E-5 1.9978225E-15 1.87114968E-9
5.06999969 1.50001049E-2 -5.60935296E-5 4.82767973E-5 3.94807794E-5 3.93563678E-5 1.24411898E-7 0 0 0 0 0 0 0 0 0 1.24517656E-19 3.93546215E-5 1.72101711E-15 1.74633374E-9
5.09749985 1.25000477E-2 4.1126882E-6 5.45115436E-5 3.90771675E-5 3.89589732E-5 1.18193917E-7 0 0 0 0 0 0 0 0 0 1.01348838E-19 3.89573433E-5 1.48189896E-15 1.62970482E-9
5.12250042 1.25000477E-2 2.57210922E-5 5.2399806E-5 3.87157597E-5 3.86028987E-5 1.12861194E-7 0 0 0 0 0 0 0 0 0 8.409575E-20 3.86013671E-5 1.29414776E-15 1.53058544E-9
5.14750004 1.24998093E-2 5.6831479E-5 5.27428056E-5 3.83593506E-5 3.82515464E-5 1.07801846E-7 0 0 0 0 0 0 0 0 0 6.97762971E-20 3.82501094E-5 1.13038717E-15 1.43748347E-9
5.17249966 1.25000477E-2 5.34148694E-6 5.10232749E-5 3.80077436E-5 3.79047451E-5 1.02997987E-7 0 0 0 0 0 0 0 0 0 5.78901576E-20 3.79033954E-5 9.87495256E-16 1.35001266E-9
5.19750023 1.25000477E-2 -2.17741649E-6 5.11471335E-5 3.76607932E-5 3.75623749E-5 9.84202444E-8 0 0 0 0 0 0 0 0 0 4.80216506E-20 3.75611053E-5 8.62760232E-16 1.26782773E-9
5.22249985 1.25000477E-2 1.07258466E-5 5.32334016E-5 3.73184557E-5 3.72244067E-5 9.40499945E-8 0 0 0 0 0 0 0 0 0 3.98286819E-20 3.72232134E-5 7.53856147E-16 1.19061971E-9
5.24750042 1.25000477E-2 4.55764966E-5 5.22214468E-5 3.69807567E-5 3.68908841E-5 8.98710439E-8 0 0 0 0 0 0 0 0 0 3.30292378E-20 3.68897672E-5 6.58783157E-16 1.11810483E-9
5.27250004 1.24998093E-2 7.63786884E-5 5.31761289E-5 3.66477689E-5 3.6561898E-5 8.58713349E-8 0 0 0 0 0 0 0 0 0 2.73884154E-20 3.65608466E-5 5.75797169E-16 1.05001785E-9
5.29749966 1.25000477E-2 1.19266602E-4 5.61030101E-5 3.63195395E-5 3.62374885E-5 8.20499295E-8 0 0 0 0 0 0 0 0 0 2.27105103E-20 3.62365026E-5 5.03369869E-16 9.86109971E-10
5.32250023 1.25000477E-2 6.10947027E-5 5.47954733E-5 3.59961195E-5 3.59177211E-5 7.83991254E-8 0 0 0 0 0 0 0 0 0 1.88334372E-20 3.59167934E-5 4.40170121E-16 9.26156096E-10
5.34749985 1.25000477E-2 5.53559657E-5 5.62271198E-5 3.56774726E-5 3.56025557E-5 7.49200026E-8 0 0 0 0 0 0 0 0 0 1.56203559E-20 3.56016826E-5 3.85012553E-16 8.69931516E-10
5.37250042 1.25000477E-2 9.48749512E-5 5.86887909E-5 3.53635478E-5 3.52919378E-5 7.16119359E-8 0 0 0 0 0 0 0 0 0 1.2957983E-20 3.52911193E-5 3.36865453E-16 8.17213075E-10
5.39750004 1.24998093E-2 6.55390031E-5 5.80529704E-5 3.50542177E-5 3.49857473E-5 6.84722465E-8 0 0 0 0 0 0 0 0 0 1.07518043E-20 3.49849797E-5 2.94824534E-16 7.67769903E-10
5.42249966 1.25000477E-2 2.17808174E-5 5.98892184E-5 3.47493151E-5 3.46838133E-5 6.55011476E-8 0 0 0 0 0 0 0 0 0 8.92302103E-21 3.46830893E-5 2.5809843E-16 7.21368076E-10
5.44750023 1.25000477E-2 2.41957696E-5 6.01452957E-5 3.44486398E-5 3.43859538E-5 6.26884997E-8 0 0 0 0 0 0 0 0 0 7.40662286E-21 3.43852735E-5 2.26004616E-16 6.77789769E-10
5.47249985 1.25000477E-2 5.06182369E-6 5.92897886E-5 3.41520317E-5 3.40920014E-5 6.00274603E-8 0 0 0 0 0 0 0 0 0 6.14861888E-21 3.40913648E-5 1.97949416E-16 6.36840358E-10
5.49750042 1.25000477E-2 6.49907306E-5 5.8967431E-5 3.38593309E-5 3.38018253E-5 5.75083483E-8 0 0 0 0 0 0 0 0 0 5.10450006E-21 3.38012251E-5 1.73419302E-16 5.98351757E-10
5.52250004 1.24998093E-2 8.35558531E-5 5.85658527E-5 3.3570479E-5 3.351536E-5 5.51202781E-8 0 0 0 0 0 0 0 0 0 4.23793385E-21 3.35147961E-5 1.5197354E-16 5.62182412E-10
5.54749966 1.25000477E-2 1.36711707E-4 5.68797768E-5 3.32853597E-5 3.32324998E-5 5.28573381E-8 0 0 0 0 0 0 0 0 0 3.51838325E-21 3.32319723E-5 1.33218523E-16 5.28193711E-10
5.57250023 1.25000477E-2 5.54781254E-5 5.60795779E-5 3.30039111E-5 3.29532013E-5 5.07081204E-8 0 0 0 0 0 0 0 0 0 2.92104535E-21 3.29527065E-5 1.16815968E-16 4.96260255E-10
5.59749985 1.25000477E-2 1.36073664E-4 5.54782891E-5 3.27260423E-5 3.26773734E-5 4.86662977E-8 0 0 0 0 0 0 0 0 0 2.42511766E-21 3.26769077E-5 1.0246498E-16 4.66257921E-10
5.62250042 1.25000477E-2 4.8420776E-7 5.37850137E-5 3.24516441E-5 3.24049179E-5 4.67249244E-8 0 0 0 0 0 0 0 0 0 2.01331964E-21 3.24044813E-5 8.99018602E-17 4.38068443E-10
5.64750004 1.24998093E-2 1.61869466E-5 5.566658E-5 3.21806365E-5 3.2135762E-5 4.48761597E-8 0 0 0 0 0 0 0 0 0 1.6713879E-21 3.21353509E-5 7.88985118E-17 4.11583656E-10
5.67249966 1.25000477E-2 4.8196267E-5 5.53294158E-5 3.19129322E-5 3.18698185E-5 4.3115751E-8 0 0 0 0 0 0 0 0 0 1.38741342E-21 3.18694292E-5 6.92555909E-17 3.86699894E-10
5.69999981 1.50001049E-2 2.2432514E-5 5.12446422E-5 3.16222904E-5 3.15810212E-5 4.1272159E-8 0 0 0 0 0 0 0 0 0 1.13102833E-21 3.15806574E-5 6.0034691E-17 3.61088687E-10
5.72749996 1.24998093E-2 5.26297808E-5 5.5087341E-5 3.13354794E-5 3.12959637E-5 3.95142834E-8 0 0 0 0 0 0 0 0 0 9.20750976E-22 3.1295629E-5 5.20196715E-17 3.37128159E-10
5.75249958 1.25000477E-2 -4.45224578E-6 5.42599955E-5 3.10782598E-5 3.10402684E-5 3.79918319E-8 0 0 0 0 0 0 0 0 0 7.64116573E-22 3.10399519E-5 4.56882524E-17 3.167554E-10
5.77750015 1.25000477E-2 -2.98733685E-5 5.48080498E-5 3.08243762E-5 3.07878399E-5 3.65349173E-8 0 0 0 0 0 0 0 0 0 6.3413042E-22 3.07875416E-5 4.0136815E-17 2.97624647E-10
5.80249977 1.25000477E-2 6.66494452E-5 5.56935302E-5 3.05738213E-5 3.05386784E-5 3.51423637E-8 0 0 0 0 0 0 0 0 0 5.26307751E-22 3.05383983E-5 3.52698927E-17 2.79665846E-10
5.82750034 1.25000477E-2 8.20764471E-5 5.56233717E-5 3.03265224E-5 3.0292711E-5 3.38126931E-8 0 0 0 0 0 0 0 0 0 4.36872987E-22 3.02924473E-5 3.10022529E-17 2.62808303E-10
5.85249996 1.24998093E-2 -2.51482106E-5 5.5000728E-5 3.0082374E-5 3.00498305E-5 3.25433156E-8 0 0 0 0 0 0 0 0 0 3.62678991E-22 3.00495831E-5 2.72586138E-17 2.46981269E-10
5.87749958 1.25000477E-2 -3.35655614E-6 5.63983594E-5 2.98412233E-5 2.98098894E-5 3.133324E-8 0 0 0 0 0 0 0 0 0 3.01117573E-22 2.98096584E-5 2.39730524E-17 2.32115216E-10
5.90250015 1.25000477E-2 1.76067551E-5 5.86797105E-5 2.9602943E-5 2.95727659E-5 3.0177052E-8 0 0 0 0 0 0 0 0 0 2.50016754E-22 2.95725495E-5 2.10877405E-17 2.18144031E-10
5.92749977 1.25000477E-2 -3.43084976E-5 5.78860454E-5 2.93674093E-5 2.93383382E-5 2.90714013E-8 0 0 0 0 0 0 0 0 0 2.07576315E-22 2.93381345E-5 1.85523029E-17 2.05007469E-10
5.95250034 1.25000477E-2 1.54474892E-5 6.34850148E-5 2.91345805E-5 2.9106568E-5 2.8012284E-8 0 0 0 0 0 0 0 0 0 1.7233189E-22 2.91063752E-5 1.63238816E-17 1.92654906E-10
5.98000002 1.49998665E-2 -2.25112908E-5 5.42785456E-5 2.88816209E-5 2.88547235E-5 2.6897478E-8 0 0 0 0 0 0 0 0 0 1.40505177E-22 2.88545434E-5 1.41865859E-17 1.79930695E-10
6.00749969 1.25000477E-2 8.78040009E-5 5.90589443E-5 2.86318154E-5 2.86059858E-5 2.58304986E-8 0 0 0 0 0 0 0 0 0 1.14398665E-22 2.86058166E-5 1.23235403E-17 1.68019626E-10
6.03250027 1.25000477E-2 9.37678051E-5 6.14186283E-5 2.84076341E-5 2.83827339E-5 2.49009542E-8 0 0 0 0 0 0 0 0 0 9.49498482E-23 2.83825757E-5 1.08478227E-17 1.57888591E-10
6.05999994 1.49998665E-2 -1.25784882E-5 5.49567958E-5 2.81642879E-5 2.81403663E-5 2.39215687E-8 0 0 0 0 0 0 0 0 0 7.74015427E-23 2.8140219E-5 9.43277066E-18 1.47465207E-10
6.08749962 1.25000477E-2 -9.5635296E-6 5.85705093E-5 2.79242104E-5 2.79012256E-5 2.29854145E-8 0 0 0 0 0 0 0 0 0 6.30207219E-23 2.79010874E-5 8.19972974E-18 1.37720987E-10
6.11499977 1.50001049E-2 -6.33016389E-5 5.31904443E-5 2.76876035E-5 2.76655082E-5 2.20941239E-8 0 0 0 0 0 0 0 0 0 5.13849731E-23 2.76653809E-5 7.13457506E-18 1.28655905E-10
6.14249992 1.25000477E-2 5.63044086E-5 5.8956939E-5 2.74541817E-5 2.74329377E-5 2.12448086E-8 0 0 0 0 0 0 0 0 0 4.18534634E-23 2.74328177E-5 6.20634317E-18 1.20192328E-10
6.16750002 1.24998093E-2 1.03724124E-5 5.91598873E-5 2.72447578E-5 2.72242487E-5 2.05101127E-8 0 0 0 0 0 0 0 0 0 3.47589375E-23 2.72241359E-5 5.47090805E-18 1.13015611E-10
6.19499969 1.50001049E-2 -2.38395733E-5 5.35858235E-5 2.70172459E-5 2.69975044E-5 1.97426804E-8 0 0 0 0 0 0 0 0 0 2.83576279E-23 2.69973989E-5 4.76488624E-18 1.05660966E-10
6.22249985 1.25000477E-2 8.62340094E-5 5.93878613E-5 2.67923861E-5 2.6773374E-5 1.90119724E-8 0 0 0 0 0 0 0 0 0 2.31071385E-23 2.67732757E-5 4.14839639E-18 9.88251495E-11
6.24750042 1.25000477E-2 1.37181749E-4 6.01124775E-5 2.6590249E-5 2.657187E-5 1.83786124E-8 0 0 0 0 0 0 0 0 0 1.91925598E-23 2.65717772E-5 3.6588254E-18 9.30702182E-11
6.27250004 1.24998093E-2 6.65099142E-5 6.04416055E-5 2.6390162E-5 2.63723905E-5 1.77706756E-8 0 0 0 0 0 0 0 0 0 1.59386143E-23 2.63723032E-5 3.22717609E-18 8.77364709E-11
6.29749966 1.25000477E-2 1.84089531E-5 5.9199916E-5 2.61921268E-5 2.6174941E-5 1.71863554E-8 0 0 0 0 0 0 0 0 0 1.32333137E-23 2.61748573E-5 2.84650778E-18 8.28104876E-11
6.32499981 1.50001049E-2 5.66789931E-5 5.5169432E-5 2.5976793E-5 2.59602257E-5 1.65674408E-8 0 0 0 0 0 0 0 0 0 1.07890991E-23 2.59601493E-5 2.48031017E-18 7.78377224E-11
6.35249996 1.24998093E-2 2.51060901E-5 6.12108561E-5 2.57641041E-5 2.57481333E-5 1.5970743E-8 0 0 0 0 0 0 0 0 0 8.78376581E-24 2.57480606E-5 2.16027461E-18 7.3252765E-11
6.37749958 1.25000477E-2 1.80619536E-5 6.20526698E-5 2.55732739E-5 2.55578252E-5 1.54492241E-8 0 0 0 0 0 0 0 0 0 7.29023833E-24 2.55577561E-5 1.90622945E-18 6.93622451E-11
6.40250015 1.25000477E-2 -6.9696318E-5 6.15048193E-5 2.53848921E-5 2.53699454E-5 1.49470143E-8 0 0 0 0 0 0 0 0 0 6.05149873E-24 2.53698781E-5 1.682535E-18 6.56504157E-11
6.43000031 1.50001049E-2 -1.46832215E-4 5.56365885E-5 2.51805268E-5 2.51661077E-5 1.44188022E-8 0 0 0 0 0 0 0 0 0 4.93519744E-24 2.51660458E-5 1.46764402E-18 6.16900211E-11
6.45749998 1.24998093E-2 5.64550392E-5 6.37199919E-5 2.497889E-5 2.49649747E-5 1.39152405E-8 0 0 0 0 0 0 0 0 0 4.02122872E-24 2.49649165E-5 1.27993875E-18 5.77955184E-11
6.48250008 1.25000477E-2 -2.25092808E-5 6.28370326E-5 2.47978696E-5 2.47843891E-5 1.34808147E-8 0 0 0 0 0 0 0 0 0 3.34100737E-24 2.47843345E-5 1.1307987E-18 5.4302781E-11
6.50749969 1.25000477E-2 5.30409379E-5 6.44853644E-5 2.46187865E-5 2.46057189E-5 1.30665914E-8 0 0 0 0 0 0 0 0 0 2.77637821E-24 2.46056679E-5 9.99185893E-19 5.08784646E-11
6.53250027 1.25000477E-2 -1.51552013E-5 6.19525308E-5 2.44414587E-5 2.44287876E-5 1.26711921E-8 0 0 0 0 0 0 0 0 0 2.30721935E-24 2.44287385E-5 8.82928967E-19 4.75662461E-11
6.55999994 1.49998665E-2 5.44593386E-5 5.77797618E-5 2.42483475E-5 2.42360929E-5 1.22555956E-8 0 0 0 0 0 0 0 0 0 1.88305457E-24 2.42360493E-5 7.70792382E-19 4.41128661E-11
6.59249973 1.75001621E-2 -2.21796872E-5 5.41150221E-5 2.40227128E-5 2.40109257E-5 1.17870309E-8 0 0 0 0 0 0 0 0 0 1.48059637E-24 2.40108857E-5 6.56424478E-19 4.0347177E-11
6.625 1.49998665E-2 2.65241051E-5 5.88898947E-5 2.37999811E-5 2.37886416E-5 1.13385594E-8 0 0 0 0 0 0 0 0 0 1.1619508E-24 2.37886052E-5 5.58643044E-19 3.69428724E-11
6.65499973 1.50001049E-2 -4.5406272E-5 6.06226349E-5 2.35972748E-5 2.35863317E-5 1.09427498E-8 0 0 0 0 0 0 0 0 0 9.29464318E-25 2.35862972E-5 4.81569818E-19 3.4123343E-11
6.68499994 1.49998665E-2 -1.56991609E-6 6.09187045E-5 2.33974079E-5 2.3386845E-5 1.05634976E-8 0 0 0 0 0 0 0 0 0 7.43483407E-25 2.33868122E-5 4.1522815E-19 3.1576311E-11
6.71500015 1.50001049E-2 1.46743201E-4 6.1793864E-5 2.32003113E-5 2.31901104E-5 1.02018642E-8 0 0 0 0 0 0 0 0 0 5.9476942E-25 2.31900813E-5 3.58113267E-19 2.9262405E-11
6.74499989 1.50001049E-2 9.85183433E-5 6.46084154E-5 2.30057685E-5 2.29959114E-5 9.85710269E-9 0 0 0 0 0 0 0 0 0 4.75813091E-25 2.29958841E-5 3.08890489E-19 2.71451056E-11
6.77250004 1.24998093E-2 -1.98008238E-5 7.02421748E-5 2.28294339E-5 2.28198787E-5 9.5546282E-9 0 0 0 0 0 0 0 0 0 3.87480613E-25 2.28198533E-5 2.69638598E-19 2.53498819E-11
6.79749966 1.25000477E-2 7.43373403E-6 6.96039133E-5 2.26707107E-5 2.26614211E-5 9.29048483E-9 0 0 0 0 0 0 0 0 0 3.21573848E-25 2.26613975E-5 2.38309675E-19 2.38274366E-11
6.82250023 1.25000477E-2 -4.15992472E-5 6.98237855E-5 2.25134208E-5 2.25043877E-5 9.03461039E-9 0 0 0 0 0 0 0 0 0 2.66753192E-25 2.25043641E-5 2.10559691E-19 2.2397792E-11
6.8499999 1.49998665E-2 3.10854084E-5 6.43726016E-5 2.23421193E-5 2.23333573E-5 8.76159945E-9 0 0 0 0 0 0 0 0 0 2.17185709E-25 2.23333373E-5 1.83742754E-19 2.09256796E-11
6.88000011 1.50001049E-2 -9.0045236E-5 6.66277774E-5 2.21573155E-5 2.21488426E-5 8.47289794E-9 0 0 0 0 0 0 0 0 0 1.73320321E-25 2.21488226E-5 1.58279912E-19 1.94283513E-11
6.90999985 1.50001049E-2 -7.57602102E-5 6.79418299E-5 2.19748126E-5 2.19666199E-5 8.19304624E-9 0 0 0 0 0 0 0 0 0 1.38244546E-25 2.19666017E-5 1.36344956E-19 1.80390043E-11
6.94000006 1.49998665E-2 -8.46886178E-5 6.97826472E-5 2.17946617E-5 2.178674E-5 7.92229926E-9 0 0 0 0 0 0 0 0 0 1.10238492E-25 2.17867237E-5 1.17483726E-19 1.67508386E-11
6.97000027 1.50001049E-2 -2.45538668E-5 6.53420502E-5 2.16168155E-5 2.16091557E-5 7.66157449E-9 0 0 0 0 0 0 0 0 0 8.79023454E-26 2.16091394E-5 1.01285558E-19 1.555721E-11
6.98999977 4.99987602E-3 -1.87183963E-4 1.10469628E-4 2.14994143E-5 2.14919219E-5 7.4927522E-9 0 0 0 0 0 0 0 0 0 7.54459421E-26 2.14919073E-5 9.17051847E-20 1.48076829E-11
