READ SERR 1 2
@0761101001/analysis/pnspec.pco
!
0.332783997 2.61998177E-3 1.83876939E-2 6.41680381E-4 1.89376622E-2 1.74428243E-2 1.49483827E-3 4.37376275E-6 4.34224261E-3 1.07547687E-3 7.6620068E-21 1.28544198E-4 8.04706997E-6 7.00222381E-6 3.12447213E-7 1.96221634E-7 4.49304795E-3 2.34872219E-3   4.25955886E-3 7.75300083E-4
0.338023007 2.61901319E-3 1.84462592E-2 6.22114516E-4 1.87719241E-2 1.73307415E-2 1.4411821E-3 4.33156674E-6 4.35353164E-3 1.11005537E-3 7.58832472E-21 1.29426175E-4 8.23134269E-6 6.96309098E-6 3.09439542E-7 1.94324244E-7 4.38248226E-3 2.34791008E-3  4.20636311E-3 7.80943083E-4
0.3432585 2.61649489E-3 1.79100297E-2 6.02553831E-4 1.85675435E-2 1.71776209E-2 1.38992374E-3 4.2892957E-6 4.32285899E-3 1.15045509E-3 7.51204881E-21 1.29900727E-4 8.4556068E-6 6.9329717E-6 3.06447561E-7 1.92425247E-7 4.2731897E-3 2.34642485E-3   4.14865231E-3 7.85961631E-4
0.34849 2.61500478E-3 1.68687627E-2 5.84696885E-4 1.83190722E-2 1.69780925E-2 1.34097866E-3 4.2471529E-6 4.24650451E-3 1.19776709E-3 7.43725924E-21 1.30016051E-4 8.72262535E-6 6.91460355E-6 3.03490822E-7 1.90533953E-7 4.16255975E-3 2.34419806E-3  4.08641482E-3 7.90254329E-4
0.353717983 2.61299312E-3 1.82479508E-2 5.8036769E-4 1.80249102E-2 1.67305823E-2 1.29432662E-3 4.20561082E-6 4.12302045E-3 1.25286181E-3 7.366566E-21 1.29821114E-4 9.03213822E-6 6.91117293E-6 3.00607013E-7 1.88666263E-7 4.04918427E-3 2.34118639E-3  4.02015727E-3 7.9371332E-4
0.358942509 2.61150301E-3 1.5715979E-2 5.49891149E-4 1.76880267E-2 1.64380725E-2 1.24995492E-3 4.16500279E-6 3.95433698E-3 1.31635449E-3 7.30226321E-21 1.29370543E-4 9.38087487E-6 6.9257153E-6 2.97833736E-7 1.8684068E-7 3.9326516E-3 2.33738124E-3  3.95074906E-3 7.96271255E-4
0.364163518 2.60950625E-3 1.73364244E-2 5.52491285E-4 1.73105616E-2 1.61028821E-2 1.20767904E-3 4.12518148E-6 3.74197424E-3 1.38976495E-3 7.2463962E-21 1.2870178E-4 9.76883348E-6 6.96295592E-6 2.95188187E-7 1.85051263E-7 3.81201133E-3 2.33271881E-3  3.87847424E-3 7.9789944E-4
0.369380504 2.60749459E-3 1.72631182E-2 5.4023054E-4 1.69026963E-2 1.57352611E-2 1.1674352E-3 4.08625738E-6 3.49433417E-3 1.47286232E-3 7.20010559E-21 1.27883846E-4 1.01874812E-5 7.02304305E-6 2.92676134E-7 1.83303399E-7 3.68797057E-3 2.32727244E-3  3.80447996E-3 7.98685593E-4
0.374593496 2.60549784E-3 1.71046387E-2 5.32168138E-4 1.64691228E-2 1.53401177E-2 1.12900487E-3 4.04795856E-6 3.21482308E-3 1.56724546E-3 7.16521699E-21 1.26935396E-4 1.06362104E-5 7.11147322E-6 2.9031321E-7 1.8158218E-7 3.56022199E-3 2.32096436E-3  3.7290093E-3 7.98650901E-4
0.379803002 2.60400772E-3 1.60252396E-2 5.16401837E-4 1.6026454E-2 1.49340294E-2 1.09242497E-3 4.01071838E-6 2.91601825E-3 1.67151564E-3 7.14390093E-21 1.25904975E-4 1.11011941E-5 7.23005678E-6 2.88160123E-7 1.79911765E-7 3.43181263E-3 2.3139054E-3  3.65417404E-3 7.97888439E-4
0.385008514 2.60148942E-3 1.56299248E-2 5.02160576E-4 1.55832833E-2 1.45257767E-2 1.05750654E-3 3.97431131E-6 2.6056366E-3 1.78550137E-3 7.13745232E-21 1.24817903E-4 1.15766534E-5 7.38172366E-6 2.86237366E-7 1.78271364E-7 3.30325775E-3 2.30609486E-3  3.58054764E-3 7.9652312E-4
0.390209973 2.59999931E-3 1.46677578E-2 4.88120393E-4 1.51498262E-2 1.41256899E-2 1.02413609E-3 3.93854452E-6 2.29287893E-3 1.90782256E-3 7.14748511E-21 1.23700462E-4 1.20538016E-5 7.56851114E-6 2.8458723E-7 1.7666305E-7 3.17588612E-3 2.29756953E-3  3.50911845E-3 7.94691616E-4
0.395408005 2.59801745E-3 1.55817922E-2 4.95919492E-4 1.47348177E-2 1.3742594E-2 9.92223853E-4 3.90342257E-6 1.98644376E-3 2.03626347E-3 7.17574577E-21 1.22576253E-4 1.25236811E-5 7.79184302E-6 2.83265678E-7 1.75083869E-7 3.05087422E-3 2.28837761E-3  3.44083924E-3 7.92541832E-4
0.40060252 2.59649754E-3 1.50160007E-2 4.86963196E-4 1.4342512E-2 1.3380901E-2 9.61611338E-4 3.86862712E-6 1.69227354E-3 2.16850662E-3 7.22448238E-21 1.21459234E-4 1.29801356E-5 8.05389936E-6 2.82335265E-7 1.7351914E-7 2.92844023E-3 2.27847882E-3  3.37618496E-3 7.90198974E-4
0.405793011 2.59399414E-3 1.40668051E-2 4.71639796E-4 1.39821172E-2 1.30497627E-2 9.3235384E-4 3.83448742E-6 1.42075657E-3 2.29864498E-3 7.29515947E-21 1.20386248E-4 1.34086913E-5 8.35047194E-6 2.81892596E-7 1.71990749E-7 2.811132E-3 2.26806151E-3  3.31689185E-3 7.8784232E-4
0.410979509 2.59248912E-3 1.35287158E-2 4.59108735E-4 1.36519931E-2 1.27476826E-2 9.04310495E-4 3.80102551E-6 1.17426261E-3 2.42279307E-3 7.39037814E-21 1.19369688E-4 1.38056866E-5 8.68116604E-6 2.82024217E-7 1.70489415E-7 2.69860611E-3 2.25709868E-3  3.2632295E-3 7.8558299E-4
0.416162014 2.59001553E-3 1.36263436E-2 4.59138479E-4 1.33508677E-2 1.2473437E-2 8.77431536E-4 3.76813296E-6 9.55563912E-4 2.53563165E-3 7.51302786E-21 1.18428907E-4 1.41655646E-5 9.04294848E-6 2.82836879E-7 1.69009454E-7 2.59130192E-3 2.24562106E-3  3.21593112E-3 7.83529307E-4
0.421340495 2.58848071E-3 1.34330019E-2 4.52566048E-4 1.30753145E-2 1.22236237E-2 8.51691293E-4 3.73591342E-6 7.65768054E-4 2.63161212E-3 7.66667504E-21 1.17535266E-4 1.44844034E-5 9.4315792E-6 2.84451431E-7 1.67558611E-7 2.48954445E-3 2.23364891E-3  3.17566632E-3 7.81744602E-4
0.42651549 2.58651376E-3 1.23663358E-2 4.3941359E-4 1.28201656E-2 1.19931661E-2 8.26999603E-4 3.70429393E-6 6.03987719E-4 2.70552584E-3 7.85668505E-21 1.16793031E-4 1.4760928E-5 9.84356484E-6 2.87010494E-7 1.66137951E-7 2.39342311E-3 2.22113985E-3  3.14320391E-3 7.80330563E-4
0.431686521 2.5845021E-3 1.29588526E-2 4.41355922E-4 1.25815421E-2 1.17781563E-2 8.03385163E-4 3.6736003E-6 4.69663675E-4 2.75195111E-3 8.08802582E-21 1.16196723E-4 1.49929556E-5 1.02707672E-5 2.90639917E-7 1.64756429E-7 2.30393559E-3 2.20815302E-3  3.11954226E-3 7.79321592E-4
0.436853528 2.58250535E-3 1.23165231E-2 4.34227521E-4 1.23549607E-2 1.1574137E-2 7.80823815E-4 3.64398124E-6 3.60399805E-4 2.76709441E-3 8.36734064E-21 1.15769362E-4 1.51814947E-5 1.07058449E-5 2.95460097E-7 1.63423763E-7 2.22185487E-3 2.19469261E-3  3.10560269E-3 7.78733054E-4
0.442016482 2.58047879E-3 1.23079177E-2 4.28266503E-4 1.21362153E-2 1.1376922E-2 7.59293325E-4 3.61522484E-6 2.72898178E-4 2.74856668E-3 8.70422448E-21 1.15535579E-4 1.53296405E-5 1.11430491E-5 3.0160237E-7 1.6214517E-7 2.14778702E-3 2.1806967E-3  3.10232886E-3 7.78557442E-4
0.44717598 2.57901847E-3 1.1947874E-2 4.15210379E-4 1.19232824E-2 1.11845396E-2 7.38743402E-4 3.5879857E-6 2.04061449E-4 2.6953225E-3 9.11006724E-21 1.15522926E-4 1.54407498E-5 1.15755938E-5 3.09176698E-7 1.60919711E-7 2.08279304E-3 2.16612429E-3  3.11087072E-3 7.78769783E-4
0.452331483 2.57648528E-3 1.20213237E-2 4.1902563E-4 1.17162475E-2 1.09970644E-2 7.19183299E-4 3.56220858E-6 1.50820939E-4 2.60799797E-3 9.59879851E-21 1.15760282E-4 1.55188955E-5 1.19969955E-5 3.18271134E-7 1.59756908E-7 2.02813628E-3 2.15092557E-3  3.13253631E-3 7.79330323E-4
0.457482994 2.57501006E-3 1.16915964E-2 4.09616012E-4 1.15167676E-2 1.08162099E-2 7.00558012E-4 3.53791643E-6 1.10225636E-4 2.48857518E-3 1.01887786E-20 1.16279443E-4 1.55686503E-5 1.24021899E-5 3.28972362E-7 1.58663951E-7 1.98508031E-3 2.13500648E-3  3.16885905E-3 7.80187547E-4
0.46263051 2.57250667E-3 1.15492605E-2 4.10442066E-4 1.13292877E-2 1.06464196E-2 6.82868005E-4 3.5152193E-6 7.97795437E-5 2.34084926E-3 1.09001725E-20 1.17113646E-4 1.55944781E-5 1.27854983E-5 3.41302183E-7 1.5764374E-7 1.95519649E-3 2.11831462E-3  3.22149228E-3 7.81279465E-4
0.467774004 2.57098675E-3 1.07097942E-2 3.99075245E-4 1.11604473E-2 1.04943588E-2 6.66088541E-4 3.49427637E-6 5.73392899E-5 2.17073085E-3 1.1752213E-20 1.1829182E-4 1.56009537E-5 1.31411362E-5 3.55179452E-7 1.56704445E-7 1.93998986E-3 2.10087118E-3  3.29185114E-3 7.82536692E-4
0.47291398 2.56900489E-3 1.11466069E-2 4.04688151E-4 1.10166529E-2 1.03664929E-2 6.50160306E-4 3.4750658E-6 4.09178501E-5 1.98372011E-3 1.27720491E-20 1.19851167E-4 1.55923153E-5 1.34672991E-5 3.70573616E-7 1.55844162E-7 1.9406724E-3 2.08254345E-3  3.38182924E-3 7.83897529E-4
0.478049994 2.56700814E-3 1.07294051E-2 3.94623581E-4 1.09067252E-2 1.02716852E-2 6.35039585E-4 3.45755416E-6 2.91580545E-5 1.7859831E-3 1.3992849E-20 1.21852914E-4 1.55717298E-5 1.37608031E-5 3.87412541E-7 1.55059595E-7 1.95891107E-3 2.06324644E-3  3.49388411E-3 7.85317272E-4
0.483182013 2.56499648E-3 1.06113395E-2 3.94198287E-4 1.08365361E-2 1.02158533E-2 6.20682258E-4 3.44160298E-6 2.0592166E-5 1.58450939E-3 1.54283224E-20 1.24304672E-4 1.55435573E-5 1.40226166E-5 4.05433525E-7 1.54344619E-7 1.9947479E-3 2.0430123E-3  3.62836546E-3 7.86753721E-4
0.488309979 2.56298482E-3 1.10371746E-2 3.94694827E-4 1.08140036E-2 1.02069834E-2 6.07019814E-4 3.42712383E-6 1.4484669E-5 1.38493779E-3 1.71092277E-20 1.272792E-4 1.55095913E-5 1.42514245E-5 4.24476809E-7 1.53698679E-7 2.04926752E-3 2.02177605E-3  3.78730125E-3 7.88170844E-4
0.493433982 2.56100297E-3 1.1359375E-2 3.98562814E-4 1.08447578E-2 1.02507733E-2 5.93984732E-4 3.41391387E-6 1.01547648E-5 1.19256857E-3 1.90553268E-20 1.30842978E-4 1.54716927E-5 1.44476044E-5 4.44285917E-7 1.53111671E-7 2.12263083E-3 1.99953211E-3  3.9715278E-3 7.89585407E-4
0.498554498 2.55951285E-3 1.08065372E-2 3.91855836E-4 1.09330211E-2 1.03515023E-2 5.81517932E-4 3.40173528E-6 7.08863763E-6 1.01101503E-3 2.12894657E-20 1.35100854E-4 1.54309328E-5 1.46127268E-5 4.64656779E-7 1.52572809E-7 2.2148795E-3 1.97619479E-3  4.18210309E-3 7.91058352E-4
0.50367099 2.55697966E-3 1.11323353E-2 3.98231467E-4 1.10785859E-2 1.05090337E-2 5.69552532E-4 3.39038843E-6 4.94358483E-6 8.45153991E-4 2.37923462E-20 1.40122051E-4 1.53883757E-5 1.47466562E-5 4.85094006E-7 1.52074023E-7 2.32397928E-3 1.9520222E-3  4.41603037E-3 7.92619074E-4
0.50878346 2.55551934E-3 1.15503622E-2 3.97673459E-4 1.1278905E-2 1.07209058E-2 5.57998603E-4 3.3795036E-6 3.4376269E-6 6.96320029E-4 2.65565689E-20 1.4605507E-4 1.53441451E-5 1.48517765E-5 5.05336459E-7 1.5159975E-7 2.44807918E-3 1.92701025E-3  4.67141857E-3 7.94353196E-4
0.513891995 2.55298615E-3 1.14189861E-2 3.94239556E-4 1.15276752E-2 1.09808827E-2 5.46792231E-4 3.36860353E-6 2.38234884E-6 5.65549301E-4 2.95487688E-20 1.53071815E-4 1.52981502E-5 1.49298103E-5 5.25053792E-7 1.51132497E-7 2.58403528E-3 1.9012813E-3  4.94394638E-3 7.9634384E-4
0.518996477 2.55149603E-3 1.16628949E-2 3.98313859E-4 1.1814842E-2 1.12789702E-2 5.35871543E-4 3.35745244E-6 1.644397E-6 4.52961482E-4 3.27147153E-20 1.61390504E-4 1.52501261E-5 1.49824546E-5 5.43913643E-7 1.50662103E-7 2.72761565E-3 1.87499216E-3  5.22738928E-3 7.98692054E-4
0.524097443 2.54949927E-3 1.22359116E-2 4.02675068E-4 1.212685E-2 1.16017014E-2 5.25148935E-4 3.34569563E-6 1.12958276E-6 3.57892219E-4 3.59789316E-20 1.71286272E-4 1.51996774E-5 1.50113474E-5 5.61612296E-7 1.50172667E-7 2.87357369E-3 1.84832979E-3  5.51371183E-3 8.01509013E-4
0.529194951 2.54800916E-3 1.21978698E-2 3.98637378E-4 1.24471998E-2 1.1932618E-2 5.1458145E-4 3.33298385E-6 7.71582791E-7 2.79104628E-4 3.92454549E-20 1.83100652E-4 1.5146491E-5 1.50181304E-5 5.77879916E-7 1.49652422E-7 3.01577291E-3 1.82150654E-3  5.79322223E-3 8.04914627E-4
0.534288526 2.54550576E-3 1.21144038E-2 3.99446144E-4 1.27572902E-2 1.22531755E-2 5.04114723E-4 3.31904221E-6 5.23632821E-7 2.14973436E-4 4.2401094E-20 1.97248752E-4 1.5090417E-5 1.50043606E-5 5.92493677E-7 1.49092671E-7 3.1474547E-3 1.79475104E-3  6.05502911E-3 8.09039455E-4
0.539377987 2.54398584E-3 1.22188246E-2 3.96528718E-4 1.30377905E-2 1.25440806E-2 4.93709871E-4 3.30368448E-6 3.52735071E-7 1.6365631E-4 4.53215715E-20 2.14225744E-4 1.50315791E-5 1.49716207E-5 6.05288051E-7 1.48485569E-7 3.26164835E-3 1.76830101E-3  6.28777593E-3 8.14059575E-4
0.544463992 2.54201889E-3 1.26482118E-2 4.02372185E-4 1.32699301E-2 1.27865737E-2 4.83356998E-4 3.28651163E-6 2.3572359E-7 1.23234757E-4 4.78795597E-20 2.34612991E-4 1.49703237E-5 1.49213765E-5 6.16155774E-7 1.47828203E-7 3.35162017E-3 1.74235809E-3  6.48040837E-3 8.20160902E-4
0.549546003 2.53999233E-3 1.36178453E-2 4.12777037E-4 1.34372022E-2 1.29641965E-2 4.73005319E-4 3.26756526E-6 1.56024811E-7 9.18206424E-5 4.99552208E-20 2.59129796E-4 1.49073858E-5 1.48550771E-5 6.25070129E-7 1.47119792E-7 3.41138965E-3 1.71707664E-3  6.62321085E-3 8.27611133E-4
0.554623961 2.53799558E-3 1.29674869E-2 4.02274221E-4 1.35253603E-2 1.30626606E-2 4.62700322E-4 3.24692451E-6 0 6.78790893E-5 5.14286395E-20 2.88339128E-4 1.48444142E-5 1.47748278E-5 6.31998716E-7 1.46375299E-7 3.43579333E-3 1.69277063E-3 6.70757145E-3  8.36662075E-4
0.559698462 2.53650546E-3 1.35961734E-2 4.07678017E-4 1.35271326E-2 1.30747044E-2 4.52428008E-4 3.22459118E-6 0 4.97893161E-5 5.22234147E-20 3.23025568E-4 1.47828587E-5 1.46822431E-5 6.37044366E-7 1.45602428E-7 3.42205469E-3 1.66949548E-3 6.72917254E-3  8.47694231E-4
0.564769506 2.53450871E-3 1.28484983E-2 3.98419303E-4 1.34394104E-2 1.29972007E-2 4.42209246E-4 3.20070467E-6 0 3.62743704E-5 5.22860542E-20 3.6388755E-4 1.47248356E-5 1.45792274E-5 6.40325766E-7 1.44821669E-7 3.36890179E-3 1.64734235E-3 6.68638945E-3  8.61115346E-4
0.569836497 2.53251195E-3 1.42938299E-2 4.1188515E-4 1.32650724E-2 1.28330002E-2 4.32072062E-4 3.17553531E-6 0 2.62765661E-5 5.15987447E-20 4.11538145E-4 1.46726807E-5 1.44677733E-5 6.41995086E-7 1.44055718E-7 3.27717117E-3 1.62635965E-3 6.5811784E-3  8.77374841E-4
0.574899554 2.53048539E-3 1.32727306E-2 3.94920673E-4 1.30124129E-2 1.25903562E-2 4.2205723E-4 3.14911654E-6 0 1.89421826E-5 5.01806986E-20 4.66441124E-4 1.4629044E-5 1.4349871E-5 6.42228315E-7 1.43332556E-7 3.14967264E-3 1.60655344E-3 6.41888427E-3  8.9694839E-4
0.579959035 2.52899528E-3 1.29837897E-2 3.93829396E-4 1.26942517E-2 1.22820791E-2 4.12172725E-4 3.12178622E-6 0 1.35982928E-5 4.80865713E-20 5.28837554E-4 1.45966824E-5 1.42275721E-5 6.41217298E-7 1.42686531E-7 2.99095386E-3 1.58788625E-3 6.20779069E-3  9.20282328E-4
0.585014999 2.52699852E-3 1.33386338E-2 3.9479087E-4 1.23267956E-2 1.19243329E-2 4.02463047E-4 3.09391112E-6 0 9.72647285E-6 4.54020051E-20 5.98651764E-4 1.4578457E-5 1.4102885E-5 6.39155587E-7 1.42154718E-7 2.8069471E-3 1.57029484E-3 5.95839974E-3  9.47756111E-4
0.590067506 2.5255084E-3 1.21515058E-2 3.76940385E-4 1.19281374E-2 1.15351779E-2 3.92959773E-4 3.06574452E-6 0 6.93385618E-6 4.2236792E-20 6.75421732E-4 1.45746644E-5 1.39777621E-5 6.36232357E-7 1.41777463E-7 2.60449713E-3 1.55368901E-3 5.68253361E-3  9.79706296E-4
0.595116496 2.52351165E-3 1.25647299E-2 3.80143494E-4 1.15164882E-2 1.11328084E-2 3.83679726E-4 3.03754769E-6 0 4.9268142E-6 3.87163081E-20 7.58232083E-4 1.45727136E-5 1.38540836E-5 6.32623426E-7 1.41601191E-7 2.39084754E-3 1.53796573E-3 5.3923321E-3  1.0162656E-3
0.600161552 2.52148509E-3 1.1841557E-2 3.70125868E-4 1.11088604E-2 1.07342014E-2 3.74658382E-4 3.00957322E-6 0 3.48884373E-6 3.49729863E-20 8.45671573E-4 1.46055063E-5 1.37336574E-5 6.28491705E-7 1.4167388E-7 2.17315811E-3 1.52301311E-3 5.09933243E-3  1.05741865E-3
0.605203032 2.51999497E-3 1.12651307E-2 3.59479542E-4 1.07194465E-2 1.03535624E-2 3.65883869E-4 2.98203076E-6 0 2.46131663E-6 3.1136235E-20 9.35847813E-4 1.4661191E-5 1.36181452E-5 6.23976689E-7 1.42045138E-7 1.95799279E-3 1.50871731E-3 4.81353933E-3  1.1029765E-3
0.610240996 2.51799822E-3 1.09791951E-2 3.5211604E-4 1.03589296E-2 1.00015318E-2 3.57398065E-4 2.95499967E-6 0 1.72904322E-6 2.7325918E-20 1.02639827E-3 1.47419505E-5 1.35091068E-5 6.19199284E-7 1.42769522E-7 1.75101834E-3 1.49496726E-3 4.54287464E-3  1.15257595E-3
0.615275502 2.5165081E-3 9.97700542E-3 3.37837089E-4 1.00338645E-2 9.68468282E-3 3.49181646E-4 2.92879781E-6 0 1.20890229E-6 2.36462826E-20 1.11457624E-3 1.48500121E-5 1.34080728E-5 6.14264536E-7 1.43899001E-7 1.55676086E-3 1.48166658E-3 4.29280754E-3  1.20571768E-3
0.620307028 2.51501799E-3 9.60093737E-3 3.30623909E-4 9.74651985E-3 9.40527581E-3 3.41244217E-4 2.90353705E-6 0 8.40642087E-7 2.01809096E-20 1.1973693E-3 1.49875568E-5 1.33163212E-5 6.09250151E-7 1.45485529E-7 1.37845019E-3 1.46871526E-3 4.06613387E-3  1.26180414E-3
0.625334501 2.51245499E-3 9.07377247E-3 3.23735061E-4 9.49575007E-3 9.16215498E-3 3.33594973E-4 2.879367E-6 0 5.8394005E-7 1.69967715E-20 1.27141189E-3 1.51582262E-5 1.32354862E-5 6.04217973E-7 1.47603998E-7 1.21831277E-3 1.4560381E-3 3.86348576E-3  1.32029771E-3
0.630358458 2.51153111E-3 9.08903498E-3 3.21345695E-4 9.27622523E-3 8.95001739E-3 3.26207723E-4 2.85638339E-6 0 4.01011732E-7 1.41270219E-20 1.33408059E-3 1.53625224E-5 1.31662891E-5 5.99236103E-7 1.50259481E-7 1.07668189E-3 1.44357129E-3 3.68270883E-3  1.38043868E-3
0.635379493 2.50947475E-3 8.88752472E-3 3.18075065E-4 9.08133946E-3 8.76224693E-3 3.19093146E-4 2.83473992E-6 0 2.73410933E-7 1.15941027E-20 1.38244219E-3 1.56048573E-5 1.31101551E-5 5.94334665E-7 1.53515259E-7 9.53477051E-4 1.43125595E-3 3.52061517E-3  1.44188537E-3
0.640396476 2.5075078E-3 8.10948946E-3 3.05284222E-4 8.90308525E-3 8.5908575E-3 3.1222761E-4 2.81444704E-6 0 1.85007721E-7 9.40095451E-21 1.41419203E-3 1.58891598E-5 1.30682247E-5 5.89546403E-7 1.57406177E-7 8.47683754E-4 1.41905202E-3 3.37288133E-3  1.5043444E-3
0.645410478 2.50649452E-3 8.93965736E-3 3.12068674E-4 8.73326417E-3 8.42764694E-3 3.05617315E-4 2.79574124E-6 0 1.24204192E-7 7.53524703E-21 1.42768875E-3 1.62204797E-5 1.30416274E-5 5.84895531E-7 1.61956351E-7 7.57646456E-4 1.40692072E-3 3.234701E-3  1.56776095E-3
0.6504215 2.50452757E-3 8.77956022E-3 3.09723022E-4 8.56446847E-3 8.26522801E-3 2.99240142E-4 2.778816E-6 0 8.26792643E-8 5.97439235E-21 1.42204936E-3 1.66051614E-5 1.30314602E-5 5.80400524E-7 1.67178882E-7 6.81383593E-4 1.39483553E-3 3.10143176E-3  1.63228216E-3
0.655428529 2.50250101E-3 8.17806739E-3 3.03112407E-4 8.39082245E-3 8.0977371E-3 2.93084915E-4 2.76384776E-6 0 0 4.6892873E-21 1.3972437E-3 1.70511794E-5 1.30388389E-5 5.76079913E-7 1.7307157E-7 6.16796664E-4 1.38277805E-3 2.96909246E-3 1.69822376E-3
0.660432518 2.50148773E-3 8.57455004E-3 3.0050159E-4 8.20849929E-3 7.92135485E-3 2.8714395E-4 2.75109983E-6 0 0 3.64643065E-21 1.35409017E-3 1.75688019E-5 1.30649141E-5 5.71948078E-7 1.79617047E-7 5.61784487E-4 1.37073325E-3 2.83458759E-3 1.76602299E-3
0.665433526 2.49949098E-3 7.87699688E-3 2.95093108E-4 8.01561307E-3 7.73420418E-3 2.81408837E-4 2.74089621E-6 0 0 2.81150834E-21 1.29420438E-3 1.81710984E-5 1.31107781E-5 5.68019857E-7 1.86782501E-7 5.14423533E-4 1.35868974E-3 2.69598491E-3 1.83612446E-3
0.670431018 2.49800086E-3 8.21368489E-3 2.95176083E-4 7.81237148E-3 7.53651047E-3 2.75861181E-4 2.73353248E-6 0 0 2.15143518E-21 1.21989846E-3 1.88745871E-5 1.31775587E-5 5.6431287E-7 1.9451474E-7 4.73039603E-4 1.34664355E-3 2.55254912E-3 1.90883526E-3
0.675425529 2.49651074E-3 7.98567105E-3 2.89609306E-4 7.60060782E-3 7.33010378E-3 2.70504039E-4 2.72946795E-6 0 0 1.63533961E-21 1.13399082E-3 1.97003592E-5 1.32438563E-5 5.60844001E-7 2.02747145E-7 4.36239672E-4 1.3345927E-3 2.40460341E-3 1.98423979E-3
0.680416524 2.49451399E-3 7.71232182E-3 2.86135531E-4 7.38343084E-3 7.118118E-3 2.65312818E-4 2.72925467E-6 0 0 1.23586721E-21 1.03964203E-3 2.06750465E-5 1.33410958E-5 5.57633825E-7 2.11396383E-7 4.02937294E-4 1.32253824E-3 2.25341716E-3 2.06206902E-3
0.685404539 2.49350071E-3 6.96140528E-3 2.74218444E-4 7.16455281E-3 6.90425839E-3 2.60294357E-4 2.73340515E-6 0 0 9.29326412E-22 9.40122118E-4 2.18323767E-5 1.34654474E-5 5.54705707E-7 2.20363859E-7 3.72324284E-4 1.31048565E-3 2.10089283E-3 2.14162748E-3
0.690389514 2.49147415E-3 7.27423374E-3 2.73989659E-4 6.94778748E-3 6.69235317E-3 2.55434192E-4 2.74266404E-6 0 0 6.95825099E-22 8.3862507E-4 2.32148595E-5 1.36129429E-5 5.52086135E-7 2.29546629E-7 3.43839172E-4 1.29844307E-3 1.94932369E-3 2.22177035E-3
0.695371032 2.49001384E-3 7.31026055E-3 2.77635525E-4 6.73659192E-3 6.48587104E-3 2.50720885E-4 2.75770412E-6 0 0 5.19084461E-22 7.38104805E-4 2.48750657E-5 1.3784821E-5 5.49802564E-7 2.38825578E-7 3.17125523E-4 1.28641701E-3 1.80113479E-3 2.30088271E-3
0.700350046 2.48900056E-3 7.00520957E-3 2.67701311E-4 6.5337182E-3 6.28756126E-3 2.461572E-4 2.77932941E-6 0 0 3.85955789E-22 6.41098071E-4 2.68790373E-5 1.39827553E-5 5.47886316E-7 2.48087105E-7 2.91971897E-4 1.27441855E-3 1.65859621E-3 2.37703929E-3
0.707811475 4.97248769E-3 6.20033452E-3 1.81342155E-4 6.25034655E-3 6.01076474E-3 2.39581539E-4 2.8270606E-6 0 0 2.48782748E-22 5.07559162E-4 3.07814262E-5 1.43371281E-5 5.45832222E-7 2.61651735E-7 2.57156149E-4 1.25651853E-3 1.46089459E-3 2.47988338E-3
0.717751026 4.96700406E-3 5.83008584E-3 1.74140441E-4 5.90980193E-3 5.67855174E-3 2.31250262E-4 2.92049685E-6 0 0 1.35098526E-22 3.55545024E-4 3.80242491E-5 1.49209354E-5 5.44641296E-7 2.78662668E-7 2.15522552E-4 1.23288645E-3 1.23045687E-3 2.5874516E-3
0.727679491 4.96149063E-3 5.83727891E-3 1.74164379E-4 5.61042689E-3 5.38702356E-3 2.23403316E-4 3.0554213E-6 0 0 7.23217391E-23 2.37890577E-4 4.8696038E-5 1.56705282E-5 5.4556682E-7 2.93765879E-7 1.79674767E-4 1.20965042E-3 1.04327069E-3 2.64827558E-3
0.737596512 4.95550036E-3 5.47501631E-3 1.69492094E-4 5.34503069E-3 5.12902671E-3 2.16004017E-4 3.23696941E-6 0 0 3.80320255E-23 1.52739507E-4 6.41776933E-5 1.66427944E-5 5.48906542E-7 3.06469587E-7 1.49538828E-4 1.18693267E-3 8.97432736E-4 2.65747029E-3
0.747501969 4.95001674E-3 5.16615715E-3 1.63898541E-4 5.10884868E-3 4.89982916E-3 2.09019621E-4 3.46761863E-6 0 0 1.95664988E-23 9.46346845E-5 8.60104847E-5 1.79284907E-5 5.54958717E-7 3.16549148E-7 1.24760802E-4 1.16482726E-3 7.86760473E-4 2.62056803E-3
0.757396996 4.94498014E-3 5.09941066E-3 1.63275676E-4 4.90224455E-3 4.69982997E-3 2.02414987E-4 3.74611091E-6 0 0 9.80965575E-24 5.69348995E-5 1.15596602E-4 1.96713554E-5 5.6404707E-7 3.24029202E-7 1.0475087E-4 1.14338682E-3 7.0335326E-4 2.55150162E-3
0.767281532 4.93952632E-3 4.66059707E-3 1.56276597E-4 4.72893938E-3 4.53277817E-3 1.96161127E-4 4.06668278E-6 0 0 4.77742526E-24 3.34730685E-5 1.53713539E-4 2.20976799E-5 5.75698152E-7 3.2913087E-7 8.88005306E-5 1.12262263E-3 6.3951686E-4 2.4675827E-3
0.777155519 4.93448973E-3 4.70717298E-3 1.55239861E-4 4.59138071E-3 4.40115202E-3 1.90228457E-4 4.41908514E-6 0 0 2.25494371E-24 1.93383166E-5 1.99928618E-4 2.55613759E-5 5.89856029E-7 3.32201722E-7 7.61704214E-5 1.10250199E-3 5.8876496E-4 2.38354527E-3
0.787019491 4.92948294E-3 4.80866432E-3 1.56365539E-4 4.48660646E-3 4.30200994E-3 1.84596138E-4 4.78960737E-6 0 0 6.16954408E-25 1.10177825E-5 2.52114143E-4 3.06113798E-5 6.08495668E-7 3.33646199E-7 6.6230059E-5 1.08295074E-3 5.4628856E-4 2.30706576E-3
0.796873987 4.92501259E-3 4.23049973E-3 1.48331485E-4 4.40445729E-3 4.22521634E-3 1.79240815E-4 5.16214777E-6 0 0 0 6.20039918E-6 3.06173635E-4 3.80705496E-5 6.3142943E-7 3.33861749E-7 5.84425106E-5 1.06388866E-3 5.08892466E-4 2.23742076E-3
0.806719542 4.92051244E-3 4.50365804E-3 1.51080196E-4 4.32937732E-3 4.15522698E-3 1.74150191E-4 5.5197961E-6 0 0 0 3.44942032E-6 3.56276636E-4 4.91101237E-5 6.59658781E-7 3.33203985E-7 5.24009774E-5 1.04525592E-3 4.74857865E-4 2.16736342E-3
0.8165555 4.91550565E-3 4.53563081E-3 1.50105654E-4 4.24472755E-3 4.07542195E-3 1.69305451E-4 5.84841746E-6 0 0 0 1.88962974E-6 3.96043499E-4 6.52783347E-5 6.94834512E-7 3.31968693E-7 4.77974027E-5 1.02695881E-3 4.43574507E-4 2.08700472E-3
0.826382518 4.91148233E-3 4.31388151E-3 1.4778359E-4 4.13822988E-3 3.97353293E-3 1.64696627E-4 6.13710972E-6 0 0 0 1.01399655E-6 4.19696124E-4 8.84425608E-5 7.39541065E-7 3.3038063E-7 4.44501929E-5 1.00893888E-3 4.15417075E-4 1.98836718E-3
0.836201549 4.90751863E-3 3.97162559E-3 1.40830467E-4 4.00533341E-3 3.84502928E-3 1.60304175E-4 6.37911853E-6 0 0 0 5.31705496E-7 4.23408259E-4 1.20609628E-4 7.97875828E-7 3.28595405E-7 4.22430167E-5 9.91161447E-4 3.91316746E-4 1.86825276E-3
0.846011996 4.90295887E-3 3.98578588E-3 1.40613047E-4 3.84997367E-3 3.69385723E-3 1.56116512E-4 6.5723134E-6 0 0 0 2.71482662E-7 4.06319916E-4 1.63482211E-4 8.7622459E-7 3.26718265E-7 4.10700413E-5 9.73609393E-4 3.72291426E-4 1.7290375E-3
0.855814457 4.8995316E-3 3.30608548E-3 1.31809633E-4 3.68264923E-3 3.53053492E-3 1.52114182E-4 6.71825592E-6 0 0 0 1.34717936E-7 3.70797818E-4 2.17746929E-4 9.84361236E-7 3.24821798E-7 4.07937368E-5 9.56316071E-4 3.59010999E-4 1.57770724E-3
0.865609527 4.89547849E-3 3.56056122E-3 1.33803347E-4 3.5161071E-3 3.36782006E-3 1.48287058E-4 6.82147174E-6 0 0 0 6.49104948E-8 3.21953528E-4 2.82274967E-4 1.13709052E-6 3.22954435E-7 4.12015761E-5 9.39351623E-4 3.51317431E-4 1.42337452E-3
0.875396967 4.89202142E-3 3.39722238E-3 1.31689929E-4 3.35994177E-3 3.21531924E-3 1.44622551E-4 6.88858836E-6 0 0 0 1.80698976E-8 2.66168034E-4 3.53802752E-4 1.35742152E-6 3.21147638E-7 4.19939752E-5 9.22753243E-4 3.47952708E-4 1.27406337E-3
0.887620509 7.33149052E-3 3.10429977E-3 1.03911472E-4 3.18520819E-3 3.04495567E-3 1.40252669E-4 6.93138236E-6 0 0 0 0 1.96526264E-4 4.43731231E-4 1.79093615E-6 3.19025787E-7 4.29361862E-5 9.02625208E-4 3.46331653E-4 1.10376358E-3
0.90227598 7.32398033E-3 2.96062836E-3 1.01136611E-4 2.99294386E-3 2.85766693E-3 1.35277107E-4 6.94258415E-6 0 0 0 0 1.24449201E-4 5.32810169E-4 2.67206383E-6 3.16749976E-7 4.30468972E-5 8.79392552E-4 3.40732338E-4 9.27304325E-4
0.916917443 7.31751323E-3 2.92241876E-3 9.96723829E-5 2.79558683E-3 2.66501051E-3 1.30576314E-4 6.9250209E-6 0 0 0 0 7.19766322E-5 5.76907827E-4 4.21905452E-6 3.14930475E-7 4.11370311E-5 8.5729803E-4 3.23405751E-4 7.82826159E-4
0.931545973 7.31101632E-3 2.8768226E-3 9.807475E-5 2.57325917E-3 2.44713062E-3 1.26128478E-4 6.89139551E-6 0 0 0 0 3.85067651E-5 5.61544439E-4 6.80497942E-6 3.13784142E-7 3.69690242E-5 8.36244202E-4 2.91039469E-4 6.68816676E-4
0.946162522 7.30550289E-3 2.44625285E-3 9.19735612E-5 2.33073509E-3 2.20882404E-3 1.21911107E-4 6.84965471E-6 0 0 0 0 1.93838914E-5 4.90849488E-4 1.07897358E-5 3.13604914E-7 3.11328622E-5 8.16116808E-4 2.46914715E-4 5.86473325E-4
0.963199973 9.73197818E-3 2.10085511E-3 7.56111331E-5 2.05862941E-3 1.94136205E-3 1.17267322E-4 6.79695859E-6 0 0 0 0 8.39445329E-6 3.67002678E-4 1.73589506E-5 3.1513548E-7 2.37113945E-5 7.93667277E-4 1.91124389E-4 5.32990787E-4
0.982655525 9.72351432E-3 1.81594957E-3 7.20775861E-5 1.80878327E-3 1.69651164E-3 1.12271628E-4 6.73644809E-6 0 0 0 0 3.01230807E-6 2.23137802E-4 2.62620779E-5 3.1974173E-7 1.63358218E-5 7.69004575E-4 1.35860144E-4 5.15842694E-4
1.00452447 1.21454895E-2 1.47949846E-3 6.03867375E-5 1.61982735E-3 1.51281012E-3 1.07017222E-4 6.67323002E-6 0 0 0 0 9.19344245E-7 1.06291358E-4 3.43737993E-5 3.29535311E-7 1.07726264E-5 7.42359844E-4 9.43870691E-5 5.16703352E-4
1.02880502 1.21349692E-2 1.56384194E-3 6.07949078E-5 1.46176037E-3 1.36020302E-3 1.01557256E-4 6.61742524E-6 0 0 0 0 2.15509147E-7 3.83346378E-5 3.58143952E-5 3.46710038E-7 7.40713904E-6 7.13849789E-4 6.93655529E-5 4.88251913E-4
1.05306494 1.21250153E-2 1.25314854E-3 5.65115661E-5 1.30721787E-3 1.21076056E-3 9.64572901E-5 6.59410352E-6 0 0 0 0 4.35589591E-8 1.20922905E-5 2.82020428E-5 3.71994844E-7 5.70006841E-6 6.86463201E-4 5.6553683E-5 4.14739625E-4
1.07731497 1.21250153E-2 1.09854969E-3 5.35184117E-5 1.16136775E-3 1.0696667E-3 9.17009893E-5 6.63037099E-6 0 0 0 0 2.73166623E-9 3.51273889E-6 1.69179275E-5 4.03913305E-7 4.61762784E-6 6.60272839E-4 4.82143987E-5 3.29094153E-4
1.10155499 1.21150017E-2 9.29525937E-4 5.07706136E-5 1.04449876E-3 9.57214041E-4 8.72846504E-5 6.75682804E-6 0 0 0 0 0 9.38273672E-7 7.92721221E-6 4.53103326E-7 3.7324462E-6 6.35362579E-4 4.10589673E-5 2.60984671E-4
1.12578499 1.21150017E-2 9.36942233E-4 5.09966048E-5 9.55936965E-4 8.7273278E-4 8.3204206E-5 6.99706834E-6 0 0 0 0 0 2.22604783E-7 3.03976344E-6 5.40895371E-7 2.95274049E-6 6.1176403E-4 3.43103275E-5 2.12905346E-4
1.15002 1.21200085E-2 8.10473401E-4 4.89515878E-5 8.85297835E-4 8.05862073E-4 7.94358057E-5 7.36399988E-6 0 0 0 0 0 4.53592826E-8 1.01631122E-6 7.28945508E-7 2.29198849E-6 5.8942748E-4 2.81382818E-5 1.76849702E-4
1.17425501 1.21150017E-2 8.21415219E-4 4.82973373E-5 8.26049945E-4 7.50100589E-4 7.59493487E-5 7.87352201E-6 0 0 0 0 0 2.86055291E-9 3.12590657E-7 1.18217815E-6 1.76652838E-6 5.68297168E-4 2.28509634E-5 1.47814804E-4
1.19849002 1.21200085E-2 7.33465829E-4 4.83028562E-5 7.75262597E-4 7.02550169E-4 7.27124789E-5 8.55273447E-6 0 0 0 0 0 0 8.91492604E-8 2.33151741E-6 1.37161612E-6 5.48300741E-4 1.86326943E-5 1.23271675E-4
1.22272992 1.21199489E-2 7.16551032E-4 4.73432847E-5 7.33018911E-4 6.63317449E-4 6.97014693E-5 9.41716735E-6 0 0 0 0 0 0 2.28595898E-8 5.20275626E-6 1.08954566E-6 5.29356184E-4 1.5546344E-5 1.02682578E-4
1.24697995 1.2130022E-2 6.46181928E-4 4.66326346E-5 7.04089354E-4 6.37185643E-4 6.69037327E-5 1.09066023E-5 0 0 0 0 0 0 5.09800735E-9 1.16569363E-5 9.02591978E-7 5.11373801E-4 1.36015187E-5 8.87390852E-5
1.271245 1.21350288E-2 6.81064092E-4 4.66643651E-5 6.94658374E-4 6.30347757E-4 6.43105959E-5 1.39045424E-5 0 0 0 0 0 0 7.64018182E-10 2.34607123E-5 7.95720268E-7 4.94265812E-4 1.27562244E-5 8.51639779E-5
1.29552507 1.21449828E-2 6.91037683E-4 4.3847569E-5 7.052726E-4 6.43368519E-4 6.19040511E-5 2.08971906E-5 0 0 0 0 0 0 0 3.93412192E-5 7.46687533E-7 4.77972295E-4 1.27476951E-5 9.16634381E-5
1.31981993 1.21499896E-2 6.70946494E-4 4.04879938E-5 7.27740466E-4 6.68081688E-4 5.96587925E-5 3.83353581E-5 0 0 0 0 0 0 0 5.27458651E-5 7.1440337E-7 4.62465658E-4 1.28871006E-5 1.00933321E-4
1.34413004 1.21600032E-2 7.27776263E-4 4.10975481E-5 7.58547161E-4 7.0100039E-4 5.75467493E-5 8.25589013E-5 0 0 0 0 0 0 0 5.54486287E-5 6.51593666E-7 4.47744213E-4 1.22913252E-5 1.02305741E-4
1.36845493 1.216501E-2 8.32645688E-4 4.23603815E-5 8.26543779E-4 7.70993298E-4 5.55504666E-5 1.9000069E-4 0 0 0 0 0 0 0 4.54677465E-5 5.4006199E-7 4.33809386E-4 1.05802492E-5 9.05951747E-5
1.39279997 1.21799707E-2 9.33849777E-4 4.3631313E-5 1.00303837E-3 9.4937929E-4 5.36591288E-5 4.20165481E-4 0 0 0 0 0 0 0 2.92822097E-5 4.04570642E-7 4.20602591E-4 8.22002858E-6 7.0704431E-5
1.41717005 1.21900439E-2 1.20170997E-3 4.68399048E-5 1.35078898E-3 1.29891711E-3 5.18719062E-5 8.1749016E-4 0 0 0 0 0 0 0 1.51117374E-5 2.84477892E-7 4.0804263E-4 6.01829333E-6 5.19698406E-5
1.43912005 9.75996256E-3 1.67558505E-3 5.83146284E-5 1.77032326E-3 1.71996793E-3 5.03553711E-5 1.27040246E-3 0 0 0 0 0 0 0 7.04858439E-6 2.06481545E-7 3.97245371E-4 4.55841428E-6 4.05066785E-5
1.45621002 7.33006001E-3 2.07612617E-3 7.25907448E-5 2.07271939E-3 2.02347548E-3 4.9243914E-5 1.59170991E-3 0 0 0 0 0 0 0 3.58525722E-6 1.6528621E-7 3.89144087E-4 3.78362915E-6 3.50873379E-5
1.47086501 7.32493401E-3 2.32124212E-3 7.56763548E-5 2.23048474E-3 2.18213815E-3 4.83466574E-5 1.76225335E-3 0 0 0 0 0 0 0 1.95177199E-6 1.40506074E-7 3.82413709E-4 3.318567E-6 3.20601284E-5
1.48307991 4.89002466E-3 2.40755919E-3 9.37969089E-5 2.25930847E-3 2.21166969E-3 4.76387868E-5 1.80028868E-3 0 0 0 0 0 0 0 1.14373859E-6 1.24856641E-7 3.76932789E-4 3.0259464E-6 3.01536638E-5
1.49286008 4.89002466E-3 2.35236017E-3 9.31083268E-5 2.20303214E-3 2.15592957E-3 4.7102425E-5 1.75071741E-3 0 0 0 0 0 0 0 7.42355382E-7 1.14855531E-7 3.72624025E-4 2.83970371E-6 2.88912361E-5
1.50509 7.34001398E-3 2.23030755E-3 7.42752818E-5 2.04395084E-3 1.9974811E-3 4.64697041E-5 1.5993882E-3 0 0 0 0 0 0 0 4.31243166E-7 1.04614266E-7 3.67346947E-4 2.64989171E-6 2.75603306E-5
1.51977503 7.34496117E-3 1.82949798E-3 6.89822264E-5 1.76665303E-3 1.72089145E-3 4.57616334E-5 1.33070594E-3 0 0 0 0 0 0 0 2.16798057E-7 9.44118597E-8 3.61136306E-4 2.46181185E-6 2.62762023E-5
1.53692007 9.80001688E-3 1.44331378E-3 5.49603501E-5 1.39529072E-3 1.35029678E-3 4.49938707E-5 9.6857833E-4 0 0 0 0 0 0 0 9.4592167E-8 8.43164543E-8 3.54043528E-4 2.27579699E-6 2.52202371E-5
1.55897999 1.22599602E-2 9.86243365E-4 4.35161455E-5 9.72636219E-4 9.28583264E-4 4.40529402E-5 5.56955638E-4 0 0 0 0 0 0 0 3.01487475E-8 7.26780414E-8 3.45153094E-4 2.05572815E-6 2.4315972E-5
1.58350992 1.22700334E-2 6.64196559E-4 3.88704102E-5 6.57559605E-4 6.14569406E-4 4.2990192E-5 2.53871025E-4 0 0 0 0 0 0 0 7.26994953E-9 6.0579481E-8 3.35571094E-4 1.80905465E-6 2.3250408E-5
1.60806501 1.22849941E-2 4.65301215E-4 3.56165583E-5 4.92809922E-4 4.5096199E-4 4.18479322E-5 1.01461723E-4 0 0 0 0 0 0 0 9.04924025E-10 4.93505752E-8 3.26353766E-4 1.55365274E-6 2.15425916E-5
1.63264489 1.22949481E-2 4.0566636E-4 3.42161584E-5 4.16153634E-4 3.75518226E-4 4.06354047E-5 3.73139119E-5 0 0 0 0 0 0 0 0 3.93914021E-8 3.1754747E-4 1.30377055E-6 1.93136912E-5
1.65724492 1.23050809E-2 3.83705628E-4 3.55564116E-5 3.79708858E-4 3.40295548E-4 3.94133203E-5 1.28806296E-5 0 0 0 0 0 0 0 0 3.10084047E-8 3.09139723E-4 1.07983499E-6 1.71643533E-5
1.68186998 1.23199224E-2 4.18827723E-4 3.65236301E-5 3.59919708E-4 3.21682688E-4 3.82370272E-5 4.11698647E-6 0 0 0 0 0 0 0 0 2.43000535E-8 3.01089225E-4 8.95381618E-7 1.55567886E-5
1.70651996 1.23300552E-2 3.91099777E-4 3.62120336E-5 3.47053516E-4 3.0993222E-4 3.71212845E-5 1.18351193E-6 0 0 0 0 0 0 0 0 1.91548466E-8 2.93349964E-4 7.53393181E-7 1.46262119E-5
1.73118997 1.23400092E-2 3.73620656E-4 3.51100025E-5 3.37413803E-4 3.0133687E-4 3.60769554E-5 2.99907498E-7 0 0 0 0 0 0 0 0 1.53377133E-8 2.85931135E-4 6.52037954E-7 1.44384412E-5
1.75588 1.23499632E-2 3.46856745E-4 3.47059758E-5 3.29907198E-4 2.94741505E-4 3.51656927E-5 5.13265697E-8 0 0 0 0 0 0 0 0 1.25747599E-8 2.78868829E-4 5.8929237E-7 1.52194816E-5
1.78058994 1.23599768E-2 3.66132997E-4 3.45721601E-5 3.24467663E-4 2.89948977E-4 3.45186963E-5 0 0 0 0 0 0 0 0 0 1.06019993E-8 2.72154139E-4 5.61273055E-7 1.72229647E-5
1.80531991 1.23699903E-2 3.86079366E-4 3.53088617E-5 3.20729334E-4 2.86466064E-4 3.4263292E-5 0 0 0 0 0 0 0 0 0 9.15245835E-9 2.65686627E-4 5.55537952E-7 2.0214733E-5
1.8300699 1.23800039E-2 3.40928411E-4 3.55833217E-5 3.17289319E-4 2.8288865E-4 3.44006658E-5 0 0 0 0 0 0 0 0 0 7.94835575E-9 2.59309163E-4 5.47904392E-7 2.30236474E-5
1.85483992 1.23900175E-2 2.99095234E-4 3.63919971E-5 3.1206329E-4 2.77326966E-4 3.47363384E-5 0 0 0 0 0 0 0 0 0 6.76585099E-9 2.52916332E-4 5.12003567E-7 2.3891851E-5
1.87962496 1.23950243E-2 2.71429366E-4 3.61723287E-5 3.03750858E-4 2.68789212E-4 3.49616566E-5 0 0 0 0 0 0 0 0 0 5.53688873E-9 2.46571202E-4 4.38459182E-7 2.1773998E-5
1.90442491 1.24049783E-2 2.97734368E-4 3.74286101E-5 2.93069403E-4 2.58209358E-4 3.48600479E-5 0 0 0 0 0 0 0 0 0 4.35781145E-9 2.40453039E-4 3.43819096E-7 1.74081524E-5
1.929245 1.24150515E-2 3.04129673E-4 3.74100891E-5 2.82088004E-4 2.47655989E-4 3.44320215E-5 0 0 0 0 0 0 0 0 0 3.36477046E-9 2.34696563E-4 2.55374459E-7 1.27006861E-5
1.9540801 1.24199986E-2 2.8699619E-4 3.68672336E-5 2.72408419E-4 2.38589535E-4 3.38188838E-5 0 0 0 0 0 0 0 0 0 2.6103133E-9 2.29297162E-4 1.89207881E-7 9.10054678E-6
1.97892499 1.24249458E-2 2.98428175E-4 3.74326082E-5 2.64371338E-4 2.31219063E-4 3.31522606E-5 0 0 0 0 0 0 0 0 0 2.06077488E-9 2.24176649E-4 1.45487732E-7 6.89486387E-6
2.00377989 1.24300718E-2 3.40887113E-4 3.82682847E-5 2.57566018E-4 2.25067983E-4 3.24980283E-5 0 0 0 0 0 0 0 0 0 1.6561843E-9 2.19267051E-4 1.17272641E-7 5.68200812E-6
2.02865005 1.24399662E-2 2.87220551E-4 3.74047886E-5 2.5152578E-4 2.19645022E-4 3.18807688E-5 0 0 0 0 0 0 0 0 0 1.34942002E-9 2.14534346E-4 9.8271741E-8 5.01105205E-6
2.05353498 1.2444973E-2 2.71107361E-4 3.76219723E-5 2.45996256E-4 2.14678308E-4 3.13179517E-5 0 0 0 0 0 0 0 0 0 1.11157228E-9 2.09966398E-4 8.48418011E-8 4.6259579E-6
2.07842994 1.24499798E-2 2.80991255E-4 3.79590711E-5 2.40892536E-4 2.10058119E-4 3.08344206E-5 0 0 0 0 0 0 0 0 0 9.24717691E-10 2.05560355E-4 7.5037228E-8 4.4218009E-6
2.10333014 1.2450099E-2 1.91271814E-4 3.69025183E-5 2.36192209E-4 2.05724646E-4 3.04675741E-5 0 0 0 0 0 0 0 0 0 7.7560508E-10 2.01316012E-4 6.74498963E-8 4.34039703E-6
2.12824011 1.24598742E-2 2.58306798E-4 3.76523094E-5 2.31876184E-4 2.01602656E-4 3.02735334E-5 0 0 0 0 0 0 0 0 0 6.53158527E-10 1.97230096E-4 6.07902209E-8 4.31111312E-6
2.1531601 1.24601126E-2 1.69235529E-4 3.87913678E-5 2.27931188E-4 1.9760053E-4 3.03306479E-5 0 0 0 0 0 0 0 0 0 5.49315982E-10 1.932944E-4 5.41735545E-8 4.25140479E-6
2.17808509 1.24650002E-2 2.44159921E-4 3.92198781E-5 2.24366842E-4 1.93632935E-4 3.07338923E-5 0 0 0 0 0 0 0 0 0 4.59879579E-10 1.89483311E-4 4.74501007E-8 4.10171606E-6
2.2030201 1.24700069E-2 2.10409635E-4 4.16669645E-5 2.21196853E-4 1.89636296E-4 3.15605648E-5 0 0 0 0 0 0 0 0 0 3.83232335E-10 1.85741213E-4 4.0989395E-8 3.85370322E-6
2.22796488 1.24748945E-2 2.39386616E-4 4.28273925E-5 2.18389177E-4 1.85574056E-4 3.28151182E-5 0 0 0 0 0 0 0 0 0 3.18078369E-10 1.81991476E-4 3.51378837E-8 3.54711869E-6
2.25291491 1.24750137E-2 1.77469352E-4 4.52709683E-5 2.15811568E-4 1.81442738E-4 3.43688262E-5 0 0 0 0 0 0 0 0 0 2.62375066E-10 1.78172457E-4 2.99175582E-8 3.24009761E-6
2.27786493 1.24751329E-2 2.28695135E-4 4.78076436E-5 2.13239196E-4 1.7728981E-4 3.59493861E-5 0 0 0 0 0 0 0 0 0 2.14202267E-10 1.7428401E-4 2.51850842E-8 2.98039822E-6
2.30282021 1.24799013E-2 1.38805233E-4 5.01300565E-5 2.10458529E-4 1.73222754E-4 3.7235779E-5 0 0 0 0 0 0 0 0 0 1.72773643E-10 1.70400293E-4 2.09056132E-8 2.80138897E-6
2.32778502 1.24850273E-2 2.47926015E-4 5.11674771E-5 2.07371471E-4 1.69380495E-4 3.79909834E-5 0 0 0 0 0 0 0 0 0 1.3816373E-10 1.66626458E-4 1.71919528E-8 2.73670639E-6
2.35275006 1.24800205E-2 1.85318335E-4 5.27494158E-5 2.04018419E-4 1.65876612E-4 3.81418067E-5 0 0 0 0 0 0 0 0 0 1.10279987E-10 1.63041681E-4 1.41470826E-8 2.82067208E-6
2.37771988 1.24899149E-2 1.85410187E-4 5.27472148E-5 2.00497394E-4 1.62739758E-4 3.77576289E-5 0 0 0 0 0 0 0 0 0 8.83764034E-11 1.59676245E-4 1.17501058E-8 3.05167737E-6
2.40269494 1.24850273E-2 8.34224775E-5 5.25071882E-5 1.96875219E-4 1.59880859E-4 3.69943555E-5 0 0 0 0 0 0 0 0 0 7.13418838E-11 1.56526366E-4 9.88109861E-9 3.34453443E-6
2.42767 1.24899149E-2 1.58055918E-4 5.35239669E-5 1.93142783E-4 1.57109811E-4 3.60329759E-5 0 0 0 0 0 0 0 0 0 5.80563826E-11 1.53565226E-4 8.39372838E-9 3.53612677E-6
2.45264983 1.24900341E-2 1.30241562E-4 4.99228845E-5 1.8925895E-4 1.54231457E-4 3.50275004E-5 0 0 0 0 0 0 0 0 0 4.75708015E-11 1.50750886E-4 7.16767801E-9 3.47335049E-6
2.47763014 1.24901533E-2 2.26442498E-4 5.06067881E-5 1.85240075E-4 1.51169093E-4 3.40709848E-5 0 0 0 0 0 0 0 0 0 3.91650393E-11 1.48042745E-4 6.12818862E-9 3.12018437E-6
2.50261021 1.24899149E-2 2.12851563E-4 4.95733839E-5 1.8120122E-4 1.48001651E-4 3.31995652E-5 0 0 0 0 0 0 0 0 0 3.2330822E-11 1.45413243E-4 5.23755839E-9 2.58313253E-6
2.52759504 1.24950409E-2 1.83645374E-4 4.87961515E-5 1.77290844E-4 1.44882593E-4 3.24082539E-5 0 0 0 0 0 0 0 0 0 2.67176298E-11 1.42848032E-4 4.47678206E-9 2.03005516E-6
2.55258512 1.24950409E-2 1.99393922E-4 4.97838228E-5 1.73610373E-4 1.41930504E-4 3.16798651E-5 0 0 0 0 0 0 0 0 0 2.20834618E-11 1.40343036E-4 3.83097598E-9 1.58361877E-6
2.57757521 1.24949217E-2 1.8283083E-4 4.74867775E-5 1.70180603E-4 1.39181473E-4 3.09991301E-5 0 0 0 0 0 0 0 0 0 1.82527968E-11 1.37900264E-4 3.28426242E-9 1.27791498E-6
2.60256505 1.24950409E-2 2.475644E-4 4.95786153E-5 1.66970349E-4 1.36610819E-4 3.03595225E-5 0 0 0 0 0 0 0 0 0 1.50885415E-11 1.35522452E-4 2.82055423E-9 1.08553797E-6
2.62755489 1.24949217E-2 1.42090867E-4 4.94589949E-5 1.63947829E-4 1.34178001E-4 2.97698298E-5 0 0 0 0 0 0 0 0 0 1.24794177E-11 1.33211579E-4 2.42608622E-9 9.63978664E-7
2.65254498 1.24950409E-2 2.10603437E-4 4.78542388E-5 1.6109788E-4 1.31848952E-4 2.92489312E-5 0 0 0 0 0 0 0 0 0 1.03300328E-11 1.30965302E-4 2.08948303E-9 8.81554513E-7
2.67754006 1.25000477E-2 1.40167394E-4 4.80058625E-5 1.58409632E-4 1.29597887E-4 2.88117353E-5 0 0 0 0 0 0 0 0 0 8.556841E-12 1.28774991E-4 1.80114945E-9 8.21088918E-7
2.70253515 1.24949217E-2 2.09765509E-4 4.76544446E-5 1.55864982E-4 1.27406005E-4 2.84589787E-5 0 0 0 0 0 0 0 0 0 7.08905157E-12 1.26629602E-4 1.55306934E-9 7.7484242E-7
2.72753 1.25000477E-2 1.50230073E-4 4.78496804E-5 1.53426183E-4 1.25258346E-4 2.81678476E-5 0 0 0 0 0 0 0 0 0 5.86820566E-12 1.24517741E-4 1.33856037E-9 7.39250595E-7
2.75252509 1.24950409E-2 -8.57028317E-6 4.73675827E-5 1.51039916E-4 1.2314794E-4 2.78919779E-5 0 0 0 0 0 0 0 0 0 4.84927333E-12 1.22435144E-4 1.15249477E-9 7.11648113E-7
2.77752018 1.24999285E-2 1.49554733E-4 4.80861709E-5 1.48658015E-4 1.21076395E-4 2.75816183E-5 0 0 0 0 0 0 0 0 0 3.99918466E-12 1.20386918E-4 9.91136839E-10 6.8848118E-7
2.80252004 1.25000477E-2 1.16936317E-4 4.72666361E-5 1.46252001E-4 1.19050572E-4 2.72014368E-5 0 0 0 0 0 0 0 0 0 3.29330074E-12 1.18384582E-4 8.5165397E-10 6.6513519E-7
2.82751513 1.24949217E-2 2.22883755E-4 4.78616093E-5 1.43824873E-4 1.170783E-4 2.67465639E-5 0 0 0 0 0 0 0 0 0 2.71130796E-12 1.16440235E-4 7.31598337E-10 6.37328981E-7
2.85250998 1.25000477E-2 1.61272124E-4 4.72117681E-5 1.41398763E-4 1.15161762E-4 2.62369995E-5 0 0 0 0 0 0 0 0 0 2.23380472E-12 1.14557901E-4 6.28517571E-10 6.03236913E-7
2.87751007 1.25000477E-2 1.86352438E-4 4.76176574E-5 1.38999778E-4 1.1329948E-4 2.57002866E-5 0 0 0 0 0 0 0 0 0 1.84256039E-12 1.12734524E-4 5.40128275E-10 5.64418201E-7
2.90251017 1.24999285E-2 9.64304782E-5 4.79404152E-5 1.36650953E-4 1.11489499E-4 2.5161451E-5 0 0 0 0 0 0 0 0 0 1.52165943E-12 1.10964458E-4 4.64450783E-10 5.245804E-7
2.92751002 1.25000477E-2 3.69739973E-5 4.66284873E-5 1.34367321E-4 1.09729648E-4 2.46376676E-5 0 0 0 0 0 0 0 0 0 1.25784366E-12 1.09241861E-4 3.99707656E-10 4.87385876E-7
2.95250988 1.24999285E-2 7.74644723E-5 4.68392936E-5 1.32155386E-4 1.08017957E-4 2.41374291E-5 0 0 0 0 0 0 0 0 0 1.04048248E-12 1.07562533E-4 3.44272028E-10 4.55082784E-7
2.97750998 1.25000477E-2 4.60549418E-5 4.6348352E-5 1.30019122E-4 1.06352432E-4 2.36666929E-5 0 0 0 0 0 0 0 0 0 8.61096242E-13 1.05923602E-4 2.96681402E-10 4.28532871E-7
3.00250506 1.24950409E-2 7.42678021E-5 4.50212792E-5 1.27942636E-4 1.04731538E-4 2.32111051E-5 0 0 0 0 0 0 0 0 0 7.12922993E-13 1.04323379E-4 2.55712396E-10 4.07900387E-7
3.02750015 1.24999285E-2 1.14150178E-4 4.71292406E-5 1.2587542E-4 1.03152815E-4 2.2722601E-5 0 0 0 0 0 0 0 0 0 5.90410858E-13 1.02759732E-4 2.20368473E-10 3.92861665E-7
3.05250001 1.25000477E-2 1.43898651E-4 4.5087083E-5 1.23878548E-4 1.01612779E-4 2.22657691E-5 0 0 0 0 0 0 0 0 0 4.890527E-13 1.01230587E-4 1.89865554E-10 3.82005709E-7
3.07749987 1.24999285E-2 1.2840658E-4 4.62225798E-5 1.21953402E-4 1.00106379E-4 2.18470232E-5 0 0 0 0 0 0 0 0 0 4.05156187E-13 9.97340612E-5 1.63562566E-10 3.72155455E-7
3.10249996 1.25000477E-2 1.07534193E-4 4.61065356E-5 1.20091412E-4 9.8626726E-5 2.14646807E-5 0 0 0 0 0 0 0 0 0 3.35657365E-13 9.82677084E-5 1.40897585E-10 3.5887814E-7
3.12750006 1.25000477E-2 1.44140111E-4 4.70998057E-5 1.18280259E-4 9.71678091E-5 2.11124498E-5 0 0 0 0 0 0 0 0 0 2.78025487E-13 9.68291424E-5 1.21369109E-10 3.38547977E-7
3.15250015 1.24999285E-2 8.46779076E-5 4.50542866E-5 1.16508723E-4 9.57273369E-5 2.078139E-5 0 0 0 0 0 0 0 0 0 2.30188427E-13 9.54166244E-5 1.0453461E-10 3.10602672E-7
3.17750001 1.25000477E-2 9.66669177E-5 4.48561914E-5 1.14768736E-4 9.43076739E-5 2.04610642E-5 0 0 0 0 0 0 0 0 0 1.90472231E-13 9.40295577E-5 9.00162167E-11 2.78025112E-7
3.20249987 1.24999285E-2 1.90341758E-4 4.78804322E-5 1.1305519E-4 9.29145754E-5 2.01406165E-5 0 0 0 0 0 0 0 0 0 1.5751426E-13 9.26689681E-5 7.74961276E-11 2.45530231E-7
3.22749996 1.25000477E-2 1.1916973E-4 4.52333115E-5 1.1136719E-4 9.15533747E-5 1.98138187E-5 0 0 0 0 0 0 0 0 0 1.30203032E-13 9.13363474E-5 6.67086317E-11 2.16963599E-7
3.25250006 1.25000477E-2 1.69312174E-4 4.54332767E-5 1.09705681E-4 9.02274769E-5 1.94781987E-5 0 0 0 0 0 0 0 0 0 1.07612006E-13 9.00335217E-5 5.74267404E-11 1.9389698E-7
3.27750015 1.24999285E-2 1.86659774E-4 4.44353573E-5 1.08074004E-4 8.89373987E-5 1.91366016E-5 0 0 0 0 0 0 0 0 0 8.8954858E-14 8.87614369E-5 4.94501627E-11 1.75914167E-7
3.30250001 1.25000477E-2 1.41535726E-4 4.46327649E-5 1.06477055E-4 8.76817066E-5 1.87953428E-5 0 0 0 0 0 0 0 0 0 7.35629751E-14 8.75199476E-5 4.26004995E-11 1.6172018E-7
3.32749987 1.24999285E-2 1.17503172E-4 4.4935703E-5 1.04918232E-4 8.64578906E-5 1.84603396E-5 0 0 0 0 0 0 0 0 0 6.0864745E-14 8.63078094E-5 3.67174208E-11 1.50045977E-7
3.35249996 1.25000477E-2 1.40898002E-4 4.47731509E-5 1.03400467E-4 8.52630037E-5 1.81374598E-5 0 0 0 0 0 0 0 0 0 5.03821431E-14 8.51229706E-5 3.16604867E-11 1.40000552E-7
3.37750006 1.25000477E-2 1.35697483E-4 4.46935665E-5 1.01922706E-4 8.40941066E-5 1.78285991E-5 0 0 0 0 0 0 0 0 0 4.17181209E-14 8.39630302E-5 2.7307951E-11 1.31049106E-7
3.40250015 1.24999285E-2 1.21140976E-4 4.39704309E-5 1.00481877E-4 8.29488126E-5 1.75330661E-5 0 0 0 0 0 0 0 0 0 3.45472755E-14 8.28258999E-5 2.35563374E-11 1.22892857E-7
3.42750001 1.25000477E-2 5.21953771E-5 4.427573E-5 9.90730841E-5 8.18252593E-5 1.72478285E-5 0 0 0 0 0 0 0 0 0 2.86053191E-14 8.17098771E-5 2.0318797E-11 1.15363541E-7
3.45249987 1.24999285E-2 1.06476757E-4 4.53856264E-5 9.76896263E-5 8.07225006E-5 1.69671275E-5 0 0 0 0 0 0 0 0 0 2.36778286E-14 8.06141179E-5 1.7522853E-11 1.08364468E-7
3.47749996 1.25000477E-2 1.43295139E-4 4.66150741E-5 9.63275088E-5 7.96406457E-5 1.66868631E-5 0 0 0 0 0 0 0 0 0 1.95926513E-14 7.95387823E-5 1.51088551E-11 1.01850411E-7
3.50250006 1.25000477E-2 2.77403396E-5 4.42352102E-5 9.49840251E-5 7.85803495E-5 1.64036755E-5 0 0 0 0 0 0 0 0 0 1.62085192E-14 7.84845179E-5 1.30263083E-11 9.58149045E-8
3.52750015 1.24999285E-2 8.45263276E-6 4.48619758E-5 9.36594442E-5 7.75421067E-5 1.61173357E-5 0 0 0 0 0 0 0 0 0 1.34083156E-14 7.74518267E-5 1.12316614E-11 9.02658073E-8
3.55250001 1.25000477E-2 1.42460733E-4 4.50923617E-5 9.23566913E-5 7.65262521E-5 1.58304429E-5 0 0 0 0 0 0 0 0 0 1.10937379E-14 7.64410579E-5 9.6865866E-12 8.51810782E-8
3.57749987 1.24999285E-2 1.00926016E-4 4.3411932E-5 9.1077738E-5 7.55321526E-5 1.55455873E-5 0 0 0 0 0 0 0 0 0 9.18117307E-15 7.54516732E-5 8.35671202E-12 8.04702722E-8
3.60249996 1.25000477E-2 1.27920415E-4 4.41098637E-5 8.98256185E-5 7.45589496E-5 1.52666726E-5 0 0 0 0 0 0 0 0 0 7.60089081E-15 7.44829595E-5 7.21200096E-12 7.59845378E-8
3.62750006 1.25000477E-2 1.77110414E-5 4.37170929E-5 8.86018097E-5 7.36056754E-5 1.49961361E-5 0 0 0 0 0 0 0 0 0 6.29459914E-15 7.353408E-5 6.22621052E-12 7.15830737E-8
3.65250015 1.24999285E-2 6.55348413E-5 4.36505215E-5 8.74075049E-5 7.26713552E-5 1.47361543E-5 0 0 0 0 0 0 0 0 0 5.21422217E-15 7.26041326E-5 5.3767984E-12 6.72140885E-8
3.67750001 1.25000477E-2 1.09842782E-4 4.42310666E-5 8.62436136E-5 7.17552321E-5 1.4488387E-5 0 0 0 0 0 0 0 0 0 4.32021828E-15 7.16922805E-5 4.64446103E-12 6.29437693E-8
3.70249987 1.24999285E-2 5.84317677E-5 4.24078171E-5 8.51090444E-5 7.08565785E-5 1.42524659E-5 0 0 0 0 0 0 0 0 0 3.57989835E-15 7.07976651E-5 4.01257196E-12 5.89095066E-8
3.72749996 1.25000477E-2 1.11420522E-4 4.30964792E-5 8.40026551E-5 6.99747034E-5 1.40279544E-5 0 0 0 0 0 0 0 0 0 2.96658509E-15 6.99194643E-5 3.46704805E-12 5.52362138E-8
3.75250006 1.25000477E-2 1.02595826E-4 4.31189474E-5 8.29220589E-5 6.91091482E-5 1.38129108E-5 0 0 0 0 0 0 0 0 0 2.45829332E-15 6.9057176E-5 2.995872E-12 5.19719734E-8
3.77750015 1.24999285E-2 9.22080726E-5 4.35673246E-5 8.1864986E-5 6.82594036E-5 1.3605576E-5 0 0 0 0 0 0 0 0 0 2.03697723E-15 6.82103346E-5 2.58882325E-12 4.90728063E-8
3.80499983 1.49999857E-2 1.18810618E-4 3.89776069E-5 8.07275937E-5 6.73426548E-5 1.33849389E-5 0 0 0 0 0 0 0 0 0 1.65737253E-15 6.72964816E-5 2.20559985E-12 4.61747867E-8
3.83249998 1.25000477E-2 9.11621901E-5 4.28431595E-5 7.96129534E-5 6.64432737E-5 1.3169677E-5 0 0 0 0 0 0 0 0 0 1.3466169E-15 6.63998726E-5 1.87771066E-12 4.34034355E-8
3.85750008 1.24999285E-2 8.87437491E-5 4.21207551E-5 7.861833E-5 6.56410339E-5 1.29772998E-5 0 0 0 0 0 0 0 0 0 1.11551984E-15 6.56001575E-5 1.62278416E-12 4.08755376E-8
3.88249993 1.25000477E-2 2.57961074E-5 4.18810851E-5 7.76405432E-5 6.48530258E-5 1.27875173E-5 0 0 0 0 0 0 0 0 0 9.24029724E-16 6.48147397E-5 1.40258898E-12 3.82852576E-8
3.90750003 1.25000477E-2 1.51267144E-4 4.19700336E-5 7.66786252E-5 6.4079104E-5 1.25995284E-5 0 0 0 0 0 0 0 0 0 7.65396282E-16 6.40434446E-5 1.21242068E-12 3.56544696E-8
3.93249989 1.24999285E-2 7.45168727E-5 4.26725746E-5 7.57326052E-5 6.33191958E-5 1.24134131E-5 0 0 0 0 0 0 0 0 0 6.34006967E-16 6.32861338E-5 1.04820037E-12 3.30614043E-8
3.95749998 1.25000477E-2 1.39202995E-4 4.35404618E-5 7.48031598E-5 6.25731773E-5 1.22299862E-5 0 0 0 0 0 0 0 0 0 5.25209608E-16 6.25425746E-5 9.06401365E-13 3.06013739E-8
3.98500013 1.49999857E-2 5.53601603E-5 3.72170616E-5 7.38006929E-5 6.17686892E-5 1.20320101E-5 0 0 0 0 0 0 0 0 0 4.27300726E-16 6.17405458E-5 7.729808E-13 2.81365615E-8
4.01249981 1.25000477E-2 1.52141482E-4 4.19858698E-5 7.28196319E-5 6.09800227E-5 1.18396101E-5 0 0 0 0 0 0 0 0 0 3.47259183E-16 6.09540803E-5 6.58896657E-13 2.59403343E-8
4.03750038 1.25000477E-2 1.48482955E-4 4.25885773E-5 7.1947783E-5 6.02769178E-5 1.16708607E-5 0 0 0 0 0 0 0 0 0 2.87804352E-16 6.02527507E-5 5.70224694E-13 2.41689282E-8
4.0625 1.24998093E-2 7.7888646E-5 4.1455547E-5 7.1094415E-5 5.95861966E-5 1.15082239E-5 0 0 0 0 0 0 0 0 0 2.3855828E-16 5.95636229E-5 4.93597188E-13 2.25720829E-8
4.08749962 1.25000477E-2 1.05644736E-4 4.31220978E-5 7.02589605E-5 5.89071424E-5 1.13518181E-5 0 0 0 0 0 0 0 0 0 1.97739299E-16 5.88860275E-5 4.27325818E-13 2.11157722E-8
4.11250019 1.25000477E-2 3.10037321E-5 4.12364498E-5 6.94389382E-5 5.82393441E-5 1.11995942E-5 0 0 0 0 0 0 0 0 0 1.63890711E-16 5.8219568E-5 3.69979546E-13 1.97745322E-8
4.13749981 1.25000477E-2 8.25868919E-5 4.32779561E-5 6.86326894E-5 5.75825725E-5 1.10501187E-5 0 0 0 0 0 0 0 0 0 1.35816426E-16 5.75640406E-5 3.20343578E-13 1.85311286E-8
4.16250038 1.25000477E-2 4.01523721E-5 4.28710155E-5 6.78389697E-5 5.69368749E-5 1.09020912E-5 0 0 0 0 0 0 0 0 0 1.12538174E-16 5.69194999E-5 2.77389792E-13 1.7373921E-8
4.1875 1.24998093E-2 3.00108604E-5 4.23028905E-5 6.70571244E-5 5.63023059E-5 1.07548176E-5 0 0 0 0 0 0 0 0 0 9.32445897E-17 5.62860114E-5 2.40232178E-13 1.62943579E-8
4.21249962 1.25000477E-2 -2.38594453E-6 4.30156579E-5 6.62881212E-5 5.56788727E-5 1.06092493E-5 0 0 0 0 0 0 0 0 0 7.72578817E-17 5.5663586E-5 2.08097496E-13 1.52856838E-8
4.23750019 1.25000477E-2 6.53601091E-5 4.31378066E-5 6.55321273E-5 5.50664117E-5 1.0465712E-5 0 0 0 0 0 0 0 0 0 6.40137606E-17 5.50520708E-5 1.80311793E-13 1.43422572E-8
4.26500034 1.50001049E-2 4.55276313E-5 3.73834882E-5 6.47171182E-5 5.44052164E-5 1.0311901E-5 0 0 0 0 0 0 0 0 0 5.20857632E-17 5.43918432E-5 1.54125234E-13 1.33749571E-8
4.29250002 1.24998093E-2 4.35194052E-5 4.14408605E-5 6.3918902E-5 5.3755939E-5 1.01629612E-5 0 0 0 0 0 0 0 0 0 4.23221302E-17 5.3743468E-5 1.31686572E-13 1.24726389E-8
4.31750011 1.25000477E-2 9.89665787E-5 4.27176674E-5 6.32088049E-5 5.31759324E-5 1.00328743E-5 0 0 0 0 0 0 0 0 0 3.50589915E-17 5.31642254E-5 1.14201427E-13 1.17069199E-8
4.34249973 1.25000477E-2 7.42754783E-5 4.22826124E-5 6.2511921E-5 5.26051008E-5 9.90682111E-6 0 0 0 0 0 0 0 0 0 2.90362067E-17 5.25941105E-5 9.905227E-14 1.0988968E-8
4.36750031 1.25000477E-2 1.35223672E-5 4.11125766E-5 6.1827559E-5 5.20432332E-5 9.78432854E-6 0 0 0 0 0 0 0 0 0 2.40443372E-17 5.20329158E-5 8.5922846E-14 1.03164988E-8
4.39249992 1.25000477E-2 -9.46452656E-6 4.14951937E-5 6.11552241E-5 5.14903222E-5 9.6649037E-6 0 0 0 0 0 0 0 0 0 1.99103333E-17 5.14806343E-5 7.45439477E-14 9.68768266E-9
4.41750002 1.24998093E-2 9.76746105E-6 4.32565394E-5 6.0494498E-5 5.09463025E-5 9.54819461E-6 0 0 0 0 0 0 0 0 0 1.64892532E-17 5.09372003E-5 6.46830883E-14 9.10028675E-9
4.44250011 1.25000477E-2 7.16504728E-5 4.30418113E-5 5.984585E-5 5.0411054E-5 9.43479699E-6 0 0 0 0 0 0 0 0 0 1.3659456E-17 5.04025011E-5 5.61383148E-14 8.5510985E-9
4.46749973 1.25000477E-2 2.34248691E-5 4.089715E-5 5.92084034E-5 4.98842928E-5 9.3241124E-6 0 0 0 0 0 0 0 0 0 1.13181899E-17 4.98762565E-5 4.87320552E-14 8.03585998E-9
4.49250031 1.25000477E-2 7.11100656E-5 4.32973975E-5 5.85818561E-5 4.93657753E-5 9.21607898E-6 0 0 0 0 0 0 0 0 0 9.38014708E-18 4.93582265E-5 4.23106001E-14 7.55011076E-9
4.51749992 1.25000477E-2 7.70751867E-5 4.32879679E-5 5.79656153E-5 4.88552978E-5 9.11031748E-6 0 0 0 0 0 0 0 0 0 7.77510733E-18 4.88482074E-5 3.67417346E-14 7.09026882E-9
4.54500008 1.49998665E-2 5.22536793E-5 3.96085234E-5 5.72991776E-5 4.83030308E-5 8.99614588E-6 0 0 0 0 0 0 0 0 0 6.32951408E-18 4.82964206E-5 3.14764152E-14 6.61249366E-9
4.57250023 1.25000477E-2 -2.4255516E-7 4.25792532E-5 5.66441049E-5 4.77598587E-5 8.88424529E-6 0 0 0 0 0 0 0 0 0 5.14640965E-18 4.7753696E-5 2.69519667E-14 6.16241369E-9
4.59749985 1.25000477E-2 4.07110383E-5 4.2757867E-5 5.60582812E-5 4.7274174E-5 8.78410719E-6 0 0 0 0 0 0 0 0 0 4.26661745E-18 4.72683932E-5 2.34184484E-14 5.77897907E-9
4.62250042 1.25000477E-2 7.08146472E-5 4.26053266E-5 5.54813887E-5 4.6795969E-5 8.68542156E-6 0 0 0 0 0 0 0 0 0 3.53735848E-18 4.67905484E-5 2.03524382E-14 5.41999068E-9
4.64750004 1.24998093E-2 6.19104321E-5 4.19081734E-5 5.49131037E-5 4.63251235E-5 8.58798194E-6 0 0 0 0 0 0 0 0 0 2.93281787E-18 4.63200377E-5 1.76916417E-14 5.08495468E-9
4.67249966 1.25000477E-2 1.28802658E-5 3.9357019E-5 5.43538699E-5 4.58615395E-5 8.49232856E-6 0 0 0 0 0 0 0 0 0 2.43170896E-18 4.58567665E-5 1.53823301E-14 4.77254725E-9
4.69750023 1.25000477E-2 4.51088599E-5 4.13846792E-5 5.38030799E-5 4.54050496E-5 8.39803124E-6 0 0 0 0 0 0 0 0 0 2.01631271E-18 4.54005676E-5 1.33776428E-14 4.48083748E-9
4.72249985 1.25000477E-2 1.30088403E-4 4.23829442E-5 5.32607082E-5 4.49554718E-5 8.3052355E-6 0 0 0 0 0 0 0 0 0 1.67197107E-18 4.49512663E-5 1.16369901E-14 4.20771018E-9
4.74750042 1.25000477E-2 -4.42423743E-6 4.09916465E-5 5.2726391E-5 4.45126243E-5 8.21376671E-6 0 0 0 0 0 0 0 0 0 1.38646462E-18 4.45086735E-5 1.01250126E-14 3.95119537E-9
4.77250004 1.24998093E-2 1.67134203E-5 4.12082154E-5 5.21996881E-5 4.40763979E-5 8.12329017E-6 0 0 0 0 0 0 0 0 0 1.14972108E-18 4.40726872E-5 8.81135425E-15 3.70974096E-9
4.79749966 1.25000477E-2 6.61380254E-5 4.08167798E-5 5.16809596E-5 4.36467271E-5 8.03423245E-6 0 0 0 0 0 0 0 0 0 9.53431328E-19 4.36432456E-5 7.66992061E-15 3.48225737E-9
4.82250023 1.25000477E-2 1.00068486E-4 4.16351359E-5 5.11699218E-5 4.32235647E-5 7.94635525E-6 0 0 0 0 0 0 0 0 0 7.9068649E-19 4.32202978E-5 6.67804248E-15 3.26802185E-9
4.84749985 1.25000477E-2 1.10184847E-4 4.21143232E-5 5.06671386E-5 4.28068633E-5 7.8602734E-6 0 0 0 0 0 0 0 0 0 6.55795614E-19 4.28038002E-5 5.81618307E-15 3.06654124E-9
4.87250042 1.25000477E-2 1.51309814E-5 4.16019466E-5 5.01730065E-5 4.23964848E-5 7.77652258E-6 0 0 0 0 0 0 0 0 0 5.4398742E-19 4.23936071E-5 5.06713998E-15 2.87735857E-9
4.89750004 1.24998093E-2 5.5105058E-5 4.07933258E-5 4.96877692E-5 4.19922872E-5 7.69548114E-6 0 0 0 0 0 0 0 0 0 4.51298627E-19 4.19895878E-5 4.41594783E-15 2.69998202E-9
4.92500019 1.50001049E-2 -3.73643852E-5 3.62051433E-5 4.9165199E-5 4.15547147E-5 7.6104825E-6 0 0 0 0 0 0 0 0 0 3.67767835E-19 4.15521972E-5 3.79857812E-15 2.51800869E-9
4.95250034 1.25000477E-2 6.15869503E-5 4.13074304E-5 4.86533208E-5 4.11239525E-5 7.52936648E-6 0 0 0 0 0 0 0 0 0 2.99357465E-19 4.11216024E-5 3.26641802E-15 2.34836484E-9
4.97749996 1.24998093E-2 1.04206847E-4 4.05980754E-5 4.8197453E-5 4.07382831E-5 7.45917168E-6 0 0 0 0 0 0 0 0 0 2.4843178E-19 4.07360785E-5 2.84928098E-15 2.20456053E-9
5.00249958 1.25000477E-2 7.30009851E-5 4.10673056E-5 4.77502363E-5 4.03579252E-5 7.392312E-6 0 0 0 0 0 0 0 0 0 2.06173708E-19 4.03558552E-5 2.48596293E-15 2.06980677E-9
5.02750015 1.25000477E-2 3.15907673E-5 4.14564456E-5 4.7310481E-5 3.99827077E-5 7.3277738E-6 0 0 0 0 0 0 0 0 0 1.71095279E-19 3.99807614E-5 2.16934985E-15 1.94347005E-9
5.05749989 1.74999237E-2 2.27668279E-5 3.43080028E-5 4.6792029E-5 3.95393072E-5 7.25271957E-6 0 0 0 0 0 0 0 0 0 1.36960973E-19 3.95375064E-5 1.84392868E-15 1.80246895E-9
5.09249973 1.75001621E-2 5.58056818E-5 3.49113798E-5 4.61986237E-5 3.90309397E-5 7.16768272E-6 0 0 0 0 0 0 0 0 0 1.05462329E-19 3.90292917E-5 1.52460372E-15 1.65071012E-9
5.12250042 1.25000477E-2 -1.89450802E-5 4.21547484E-5 4.56993075E-5 3.86028041E-5 7.0965034E-6 0 0 0 0 0 0 0 0 0 8.41787071E-20 3.86012725E-5 1.29477361E-15 1.53069579E-9
5.14750004 1.24998093E-2 6.78312063E-5 4.12785812E-5 4.52900276E-5 3.82515318E-5 7.038494E-6 0 0 0 0 0 0 0 0 0 6.98430467E-20 3.82500948E-5 1.13092186E-15 1.43759249E-9
5.17249966 1.25000477E-2 1.06147585E-4 4.11268884E-5 4.4886754E-5 3.79049052E-5 6.98184658E-6 0 0 0 0 0 0 0 0 0 5.79480797E-20 3.79035555E-5 9.88002947E-16 1.35014866E-9
5.19750023 1.25000477E-2 1.12444919E-4 4.17247174E-5 4.44885227E-5 3.75627387E-5 6.92578533E-6 0 0 0 0 0 0 0 0 0 4.80749068E-20 3.75614691E-5 8.63271469E-16 1.26800093E-9
5.22249985 1.25000477E-2 5.27778429E-5 4.18653399E-5 4.40947988E-5 3.72249124E-5 6.86988778E-6 0 0 0 0 0 0 0 0 0 3.98777182E-20 3.72237191E-5 7.54362567E-16 1.19081867E-9
5.24750042 1.25000477E-2 7.24562487E-5 4.21390832E-5 4.37050221E-5 3.68914225E-5 6.81359961E-6 0 0 0 0 0 0 0 0 0 3.30729815E-20 3.68903056E-5 6.59259031E-16 1.11830722E-9
5.2750001 1.49998665E-2 3.38127647E-5 3.77792167E-5 4.32805828E-5 3.65298074E-5 6.75077717E-6 0 0 0 0 0 0 0 0 0 2.69342754E-20 3.65287633E-5 5.68709515E-16 1.04370301E-9
5.30500031 1.50001049E-2 5.68578907E-5 3.88779517E-5 4.2823176E-5 3.61415296E-5 6.68164603E-6 0 0 0 0 0 0 0 0 0 2.15130888E-20 3.61405619E-5 4.84002832E-16 9.67946168E-10
5.33249998 1.24998093E-2 1.82482268E-4 4.55494774E-5 4.2409356E-5 3.57914105E-5 6.61794684E-6 0 0 0 0 0 0 0 0 0 1.74981544E-20 3.57905046E-5 4.1748274E-16 9.0336566E-10
5.35750008 1.25000477E-2 5.21964321E-5 4.42589408E-5 4.20390643E-5 3.54780495E-5 6.56101611E-6 0 0 0 0 0 0 0 0 0 1.45136335E-20 3.54771983E-5 3.65205799E-16 8.48560611E-10
5.38249969 1.25000477E-2 5.98205916E-5 4.52830027E-5 4.1674477E-5 3.51691742E-5 6.50530092E-6 0 0 0 0 0 0 0 0 0 1.20407358E-20 3.51683775E-5 3.1956912E-16 7.97169109E-10
5.40750027 1.25000477E-2 1.75655616E-4 4.73167747E-5 4.13159469E-5 3.48645881E-5 6.45135833E-6 0 0 0 0 0 0 0 0 0 9.99106549E-21 3.48638387E-5 2.79707061E-16 7.48949069E-10
5.43249989 1.25000477E-2 1.5303072E-4 4.67784921E-5 4.09634995E-5 3.45641311E-5 6.3993707E-6 0 0 0 0 0 0 0 0 0 8.29170047E-21 3.45634253E-5 2.44874657E-16 7.03673286E-10
5.45749998 1.24998093E-2 4.68313265E-5 4.76460773E-5 4.06169056E-5 3.42676576E-5 6.34924845E-6 0 0 0 0 0 0 0 0 0 6.88214674E-21 3.42669955E-5 2.14427648E-16 6.61137312E-10
5.48250008 1.25000477E-2 5.53123791E-5 4.65686644E-5 4.02764454E-5 3.39750914E-5 6.30135264E-6 0 0 0 0 0 0 0 0 0 5.7126947E-21 3.39744729E-5 1.87812549E-16 6.21167673E-10
5.50749969 1.25000477E-2 1.46804596E-4 4.7272275E-5 3.99417404E-5 3.3686385E-5 6.25535813E-6 0 0 0 0 0 0 0 0 0 4.7423977E-21 3.36857993E-5 1.64550285E-16 5.8361499E-10
5.53499985 1.50001049E-2 1.78712617E-5 3.919757E-5 3.95805437E-5 3.33732387E-5 6.20730452E-6 0 0 0 0 0 0 0 0 0 3.86706209E-21 3.3372693E-5 1.42377133E-16 5.44970957E-10
5.5625 1.24998093E-2 8.40603752E-5 4.35722941E-5 3.92261827E-5 3.30644107E-5 6.16177203E-6 0 0 0 0 0 0 0 0 0 3.14959762E-21 3.30639014E-5 1.23166412E-16 5.08824649E-10
5.58749962 1.25000477E-2 8.21816138E-5 4.35652146E-5 3.89104862E-5 3.2787415E-5 6.12306894E-6 0 0 0 0 0 0 0 0 0 2.61523692E-21 3.27869384E-5 1.08032686E-16 4.78085627E-10
5.61499977 1.50001049E-2 6.73112954E-5 3.851375E-5 3.85694984E-5 3.24866414E-5 6.08285472E-6 0 0 0 0 0 0 0 0 0 2.13284139E-21 3.24861976E-5 9.35845477E-17 4.46439608E-10
5.64249992 1.25000477E-2 6.65278494E-5 4.39752621E-5 3.82341968E-5 3.21896259E-5 6.04457E-6 0 0 0 0 0 0 0 0 0 1.73704092E-21 3.21892112E-5 8.10379648E-17 4.16816998E-10
5.67000008 1.49998665E-2 8.44602437E-6 3.76664284E-5 3.79041921E-5 3.1896554E-5 6.00763951E-6 0 0 0 0 0 0 0 0 0 1.4162465E-21 3.18961647E-5 7.02315317E-17 3.89205779E-10
5.69750023 1.25000477E-2 3.45917761E-5 4.30848231E-5 3.75788331E-5 3.16072001E-5 5.97163307E-6 0 0 0 0 0 0 0 0 0 1.15303303E-21 3.16068363E-5 6.0838823E-17 3.63368891E-10
5.7249999 1.49998665E-2 5.56473315E-5 3.95808347E-5 3.72578943E-5 3.13218952E-5 5.93599771E-6 0 0 0 0 0 0 0 0 0 9.39820458E-22 3.13215569E-5 5.27468625E-17 3.39302475E-10
5.75249958 1.25000477E-2 -8.22382208E-5 4.26308179E-5 3.69414702E-5 3.10404466E-5 5.90102127E-6 0 0 0 0 0 0 0 0 0 7.65047353E-22 3.10401301E-5 4.57150431E-17 3.167972E-10
5.78250027 1.75001621E-2 -1.45635113E-6 3.62906321E-5 3.66018321E-5 3.07381342E-5 5.86369697E-6 0 0 0 0 0 0 0 0 0 6.12556526E-22 3.07378396E-5 3.91627933E-17 2.94032881E-10
5.8125 1.24998093E-2 6.72438036E-5 4.23515485E-5 3.62674582E-5 3.04401692E-5 5.82728808E-6 0 0 0 0 0 0 0 0 0 4.8916621E-22 3.04398964E-5 3.35172856E-17 2.72838391E-10
5.83749962 1.25000477E-2 9.91652705E-5 4.44235011E-5 3.59936566E-5 3.0195386E-5 5.79827065E-6 0 0 0 0 0 0 0 0 0 4.06061569E-22 3.01951295E-5 2.94646763E-17 2.56395793E-10
5.86499977 1.50001049E-2 6.3593201E-5 4.10431603E-5 3.56971213E-5 2.99296717E-5 5.76745015E-6 0 0 0 0 0 0 0 0 0 3.31107237E-22 2.99294315E-5 2.55858296E-17 2.39480408E-10
5.89499998 1.49998665E-2 -3.51159433E-5 4.08461965E-5 3.53789401E-5 2.96437738E-5 5.73516536E-6 0 0 0 0 0 0 0 0 0 2.64863545E-22 2.96435519E-5 2.19338073E-17 2.22287327E-10
5.92249966 1.25000477E-2 2.18474743E-5 4.70068662E-5 3.5092191E-5 2.93851936E-5 5.70699785E-6 0 0 0 0 0 0 0 0 0 2.15720691E-22 2.93849862E-5 1.90448641E-17 2.07598327E-10
5.94750023 1.25000477E-2 -1.62501528E-5 4.71535568E-5 3.48352696E-5 2.91530105E-5 5.68226096E-6 0 0 0 0 0 0 0 0 0 1.79103561E-22 2.9152814E-5 1.6757584E-17 1.95096564E-10
5.97749996 1.74999237E-2 -7.11851098E-5 3.8984701E-5 3.45313383E-5 2.8877972E-5 5.65336859E-6 0 0 0 0 0 0 0 0 0 1.43460427E-22 2.88777901E-5 1.43845054E-17 1.81104645E-10
6.00749969 1.25000477E-2 7.36720685E-5 4.55199806E-5 3.42314743E-5 2.86064478E-5 5.62502692E-6 0 0 0 0 0 0 0 0 0 1.14574259E-22 2.86062805E-5 1.23330528E-17 1.68056652E-10
6.03250027 1.25000477E-2 2.00771083E-5 4.51913365E-5 3.3984652E-5 2.83831559E-5 5.60149738E-6 0 0 0 0 0 0 0 0 0 9.50983181E-23 2.83829977E-5 1.08562558E-17 1.57922828E-10
6.05999994 1.49998665E-2 -1.18649023E-5 4.21090881E-5 3.37163365E-5 2.81406956E-5 5.57563953E-6 0 0 0 0 0 0 0 0 0 7.75211024E-23 2.81405482E-5 9.43981989E-18 1.47494197E-10
6.09249973 1.75001621E-2 -6.55692347E-5 3.93057708E-5 3.34041652E-5 2.78584339E-5 5.54573262E-6 0 0 0 0 0 0 0 0 0 6.08899645E-23 2.78582975E-5 8.00490886E-18 1.36067088E-10
6.125 1.49998665E-2 6.62621242E-5 4.32369961E-5 3.30976181E-5 2.75807324E-5 5.51688754E-6 0 0 0 0 0 0 0 0 0 4.77662125E-23 2.75806069E-5 6.78664676E-18 1.25529545E-10
6.15750027 1.75001621E-2 4.44495927E-5 3.80284146E-5 3.27983253E-5 2.73076948E-5 5.49063179E-6 0 0 0 0 0 0 0 0 0 3.75404705E-23 2.73075784E-5 5.76100526E-18 1.15865803E-10
6.1875 1.24998093E-2 5.06566685E-5 4.52817185E-5 3.25280562E-5 2.70592809E-5 5.46877527E-6 0 0 0 0 0 0 0 0 0 3.00021915E-23 2.70591718E-5 4.9497731E-18 1.0762586E-10
6.21249962 1.25000477E-2 7.02022226E-5 4.601619E-5 3.23077547E-5 2.6854872E-5 5.45288412E-6 0 0 0 0 0 0 0 0 0 2.49224747E-23 2.68547701E-5 4.36513673E-18 1.01268459E-10
6.23750019 1.25000477E-2 1.19240009E-4 4.79823175E-5 3.20909858E-5 2.66525676E-5 5.43841679E-6 0 0 0 0 0 0 0 0 0 2.07020783E-23 2.66524712E-5 3.84998519E-18 9.53441145E-11
6.26500034 1.50001049E-2 7.33195266E-5 4.33305649E-5 3.18559469E-5 2.64323699E-5 5.4235752E-6 0 0 0 0 0 0 0 0 0 1.68881504E-23 2.64322807E-5 3.35438447E-18 8.93237498E-11
6.29250002 1.24998093E-2 1.17362804E-4 4.80411145E-5 3.16233527E-5 2.62145004E-5 5.40885139E-6 0 0 0 0 0 0 0 0 0 1.37555175E-23 2.62144167E-5 2.92088062E-18 8.37855688E-11
6.31750011 1.25000477E-2 9.86582891E-5 4.7151676E-5 3.14140016E-5 2.60186607E-5 5.39534176E-6 0 0 0 0 0 0 0 0 0 1.14184358E-23 2.60185807E-5 2.57634377E-18 7.9165445E-11
6.34249973 1.25000477E-2 3.74698029E-5 4.75123707E-5 3.1206273E-5 2.58250529E-5 5.38121867E-6 0 0 0 0 0 0 0 0 0 9.47685742E-24 2.58249784E-5 2.27267956E-18 7.48921064E-11
6.36750031 1.25000477E-2 -8.08203367E-6 4.8284659E-5 3.10005962E-5 2.56338153E-5 5.36678135E-6 0 0 0 0 0 0 0 0 0 7.86524063E-24 2.56337444E-5 2.00521298E-18 7.09044837E-11
6.39249992 1.25000477E-2 1.78082178E-6 4.81761854E-5 3.07975715E-5 2.54450242E-5 5.3525464E-6 0 0 0 0 0 0 0 0 0 6.5284606E-24 2.54449569E-5 1.76972748E-18 6.71269915E-11
6.41750002 1.24998093E-2 7.62436248E-5 5.03012234E-5 3.05977846E-5 2.52586815E-5 5.33910179E-6 0 0 0 0 0 0 0 0 0 5.42035005E-24 2.52586178E-5 1.56243054E-18 6.34838779E-11
6.44250011 1.25000477E-2 -7.69599355E-5 4.86369136E-5 3.04021232E-5 2.50746962E-5 5.32742706E-6 0 0 0 0 0 0 0 0 0 4.50175979E-24 2.50746361E-5 1.37987147E-18 5.99159472E-11
6.46749973 1.25000477E-2 3.89319248E-5 4.85212804E-5 3.02106346E-5 2.48929045E-5 5.31773003E-6 0 0 0 0 0 0 0 0 0 3.73993157E-24 2.48928482E-5 1.21897171E-18 5.63943267E-11
6.49250031 1.25000477E-2 6.50615548E-5 4.93892403E-5 3.00234078E-5 2.4713112E-5 5.31029673E-6 0 0 0 0 0 0 0 0 0 3.10775303E-24 2.47130592E-5 1.07703827E-18 5.29247965E-11
6.51999998 1.49998665E-2 -5.61564684E-6 4.45960577E-5 2.98219911E-5 2.45174633E-5 5.30452826E-6 0 0 0 0 0 0 0 0 0 2.53689995E-24 2.45174124E-5 9.40277399E-19 4.92112705E-11
6.55000019 1.50001049E-2 4.88971491E-5 4.43743629E-5 2.96068574E-5 2.43062786E-5 5.30057923E-6 0 0 0 0 0 0 0 0 0 2.03137067E-24 2.43062332E-5 8.10536705E-19 4.53490752E-11
6.58249998 1.74999237E-2 4.0781706E-5 4.18158561E-5 2.93777921E-5 2.40801783E-5 5.29761337E-6 0 0 0 0 0 0 0 0 0 1.59734818E-24 2.40801364E-5 6.90264075E-19 4.14750456E-11
6.61250019 1.25000477E-2 6.17660453E-6 5.03929841E-5 2.91692977E-5 2.38739176E-5 5.29538147E-6 0 0 0 0 0 0 0 0 0 1.27634815E-24 2.38738794E-5 5.9455902E-19 3.82094807E-11
6.64249992 1.74999237E-2 8.0771526E-5 4.4168195E-5 2.89636791E-5 2.36704927E-5 5.2931855E-6 0 0 0 0 0 0 0 0 0 1.02238661E-24 2.36704582E-5 5.12793612E-19 3.52740059E-11
6.67249966 1.25000477E-2 8.96984493E-5 5.35636136E-5 2.87611874E-5 2.34697181E-5 5.29147064E-6 0 0 0 0 0 0 0 0 0 8.16634282E-25 2.34696854E-5 4.41816604E-19 3.26097448E-11
6.70499992 1.99999809E-2 6.04507077E-5 4.16021467E-5 2.85465285E-5 2.32556122E-5 5.29091585E-6 0 0 0 0 0 0 0 0 0 6.42660229E-25 2.32555831E-5 3.76712268E-19 3.00220994E-11
6.74250031 1.75001621E-2 -4.11310175E-5 4.55609952E-5 2.83049212E-5 2.30121659E-5 5.29275485E-6 0 0 0 0 0 0 0 0 0 4.85811903E-25 2.30121386E-5 3.13013209E-19 2.73216796E-11
6.78000021 1.99999809E-2 -1.61003863E-5 4.17467163E-5 2.80695313E-5 2.27724104E-5 5.29712042E-6 0 0 0 0 0 0 0 0 0 3.67777973E-25 2.27723849E-5 2.60250175E-19 2.48930633E-11
6.81750011 1.74999237E-2 2.4303321E-5 4.59690564E-5 2.78386306E-5 2.25358508E-5 5.30277975E-6 0 0 0 0 0 0 0 0 0 2.77716534E-25 2.2535829E-5 2.16104968E-19 2.2683324E-11
6.84749985 1.25000477E-2 7.87362515E-5 5.67992283E-5 2.76560604E-5 2.2348906E-5 5.30715488E-6 0 0 0 0 0 0 0 0 0 2.21487934E-25 2.23488842E-5 1.86099986E-19 2.10568802E-11
6.88000011 1.99999809E-2 -7.91244292E-6 4.35156217E-5 2.74597442E-5 2.21490263E-5 5.31071873E-6 0 0 0 0 0 0 0 0 0 1.73862306E-25 2.21490063E-5 1.58491644E-19 1.94345026E-11
6.91750002 1.74999237E-2 -3.66660206E-5 4.91936007E-5 2.72349134E-5 2.1921569E-5 5.31334399E-6 0 0 0 0 0 0 0 0 0 1.30933038E-25 2.19215508E-5 1.31484029E-19 1.77116013E-11
6.95249987 1.74999237E-2 -5.02020748E-6 4.73419641E-5 2.70273522E-5 2.17125871E-5 5.31476508E-6 0 0 0 0 0 0 0 0 0 1.00539922E-25 2.17125707E-5 1.10539144E-19 1.62458606E-11
6.98250008 1.25000477E-2 -5.51020275E-5 5.6936442E-5 2.68517178E-5 2.15358359E-5 5.31588239E-6 0 0 0 0 0 0 0 0 0 8.00552379E-26 2.15358214E-5 9.52627076E-20 1.50868901E-11
