#
# Carbon Optical/NIR reflectance spectrum
#
# Source: USGS Digital Spectral Library splib07a
#         crustal.usgs.gov/speclab/QueryAll07a.php
#
# Sample: Carbon Black GDS68
#         crustal.usgs.gov/speclab/data/HTMLmetadata/Carbon_Black_GDS68_sm.ap._BECKa_AREF.html
#
# wavelength in microns
# reflectance and error on an absolute 0..1 scale
#
# non-measurement records omitted in creating this merged data file
#
wavelength      reflectance     error
2.2110000e-001  2.7206442e-003  1.1840031e-003
2.2910000e-001  8.7862853e-003  8.2485063e-004
2.3610000e-001  1.3753593e-002  5.6687591e-004
2.4210002e-001  1.2971115e-002  3.8435351e-004
2.4810001e-001  1.5191991e-002  3.7815759e-004
2.5360000e-001  1.6014924e-002  3.7934061e-004
2.5860000e-001  1.6301077e-002  3.8424024e-004
2.6359999e-001  1.5714398e-002  3.7251084e-004
2.6859999e-001  1.7018201e-002  3.8991720e-004
2.7309999e-001  1.7663186e-002  4.0996986e-004
2.7710000e-001  1.7654346e-002  4.1005528e-004
2.8109998e-001  1.7172188e-002  4.2968814e-004
2.8509998e-001  1.7023036e-002  4.3452717e-004
2.8909999e-001  1.6444603e-002  4.3094988e-004
2.9310000e-001  1.6398763e-002  4.1670472e-004
2.9710001e-001  1.7463023e-002  4.3688461e-004
3.0109999e-001  1.6749157e-002  5.0127500e-004
3.0509999e-001  1.8450953e-002  5.0883560e-004
3.0910000e-001  1.6659956e-002  4.5391556e-004
3.1309998e-001  1.7720422e-002  5.2889233e-004
3.1709999e-001  1.6890742e-002  4.9159519e-004
3.2110000e-001  1.7755458e-002  5.1525753e-004
3.2510000e-001  1.9053087e-002  5.4473942e-004
3.2910001e-001  1.7012691e-002  5.0562632e-004
3.3309999e-001  1.6861230e-002  4.7007168e-004
3.3710000e-001  1.6676472e-002  4.9489539e-004
3.4109998e-001  1.6857874e-002  5.1547319e-004
3.4509999e-001  1.7226998e-002  4.9452845e-004
3.4909999e-001  1.6771574e-002  5.1497394e-004
3.5310000e-001  1.6321965e-002  2.3870416e-004
3.5710001e-001  1.6205139e-002  1.8405900e-004
3.6060002e-001  1.6374750e-002  1.7127462e-004
3.6360002e-001  1.6475936e-002  1.3471783e-004
3.6660004e-001  1.6426202e-002  1.7163625e-004
3.6960003e-001  1.6370257e-002  1.0630700e-004
3.7260002e-001  1.6386278e-002  1.4657398e-004
3.7560001e-001  1.6271643e-002  1.2138173e-004
3.7860000e-001  1.6295407e-002  1.7768059e-004
3.8109997e-001  1.6284622e-002  2.4641273e-004
3.8309997e-001  1.6456582e-002  1.7742117e-004
3.8509998e-001  1.6173311e-002  1.3699853e-004
3.8709998e-001  1.6198548e-002  1.1803092e-004
3.8909999e-001  1.6398931e-002  1.6239620e-004
3.9109999e-001  1.6263502e-002  1.5651905e-004
3.9309999e-001  1.6298229e-002  9.7035663e-005
3.9510000e-001  1.6099591e-002  2.1165372e-004
3.9710000e-001  1.6323267e-002  1.1055296e-004
3.9910001e-001  1.6057098e-002  2.5930593e-004
4.0109998e-001  1.6000995e-002  1.7715659e-004
4.0309998e-001  1.6063191e-002  1.7395813e-004
4.0509999e-001  1.5971866e-002  1.2265999e-004
4.0709999e-001  1.6087666e-002  8.3481886e-005
4.0910000e-001  1.6024049e-002  1.0088048e-004
4.1109997e-001  1.6087748e-002  3.2361699e-004
4.1280001e-001  1.5848424e-002  2.5766119e-004
4.1580001e-001  1.5987514e-002  1.2094040e-004
4.1880000e-001  1.6130803e-002  1.5708593e-004
4.2180002e-001  1.5685372e-002  1.7799422e-004
4.2480004e-001  1.6079089e-002  1.5111125e-004
4.2780003e-001  1.5893510e-002  1.4160330e-004
4.3080002e-001  1.5922932e-002  1.4336241e-004
4.3380001e-001  1.5851459e-002  1.7686783e-004
4.3680003e-001  1.5749063e-002  1.1294446e-004
4.3980002e-001  1.5768265e-002  2.0014582e-004
4.4280002e-001  1.5706889e-002  1.5610993e-004
4.4580001e-001  1.5770739e-002  1.7496457e-004
4.4880000e-001  1.5828092e-002  1.6954240e-004
4.5130000e-001  1.5712326e-002  2.5045997e-004
4.5330000e-001  1.5762042e-002  2.6731798e-004
4.5530000e-001  1.5753755e-002  1.6042552e-004
4.5730001e-001  1.5760098e-002  1.5947115e-004
4.5930001e-001  1.5553017e-002  2.2638949e-004
4.6129999e-001  1.5739689e-002  1.1155892e-004
4.6329999e-001  1.5574996e-002  1.4248560e-004
4.6529999e-001  1.5810939e-002  1.2855278e-004
4.6730000e-001  1.5563474e-002  1.6441940e-004
4.6930000e-001  1.5820686e-002  1.9442245e-004
4.7129998e-001  1.5660340e-002  1.2843522e-004
4.7329998e-001  1.5692564e-002  1.6478453e-004
4.7529998e-001  1.5658436e-002  2.0588483e-004
4.7729999e-001  1.5751885e-002  2.1579652e-004
4.7929999e-001  1.5691949e-002  1.5437603e-004
4.8130000e-001  1.5581626e-002  1.5450706e-004
4.8330000e-001  1.5621254e-002  1.5450855e-004
4.8530000e-001  1.5612847e-002  1.3230766e-004
4.8730001e-001  1.5585754e-002  1.6367756e-004
4.8930001e-001  1.5677266e-002  1.4184535e-004
4.9129999e-001  1.5704297e-002  1.4562355e-004
4.9329999e-001  1.5431467e-002  1.0490078e-004
4.9529999e-001  1.5700739e-002  2.0554886e-004
4.9730000e-001  1.5703734e-002  1.8497759e-004
4.9930000e-001  1.5386087e-002  2.0637670e-004
5.0129998e-001  1.5640087e-002  1.7212206e-004
5.0330001e-001  1.5436114e-002  1.3159552e-004
5.0529999e-001  1.5710503e-002  1.6233434e-004
5.0730002e-001  1.5620205e-002  1.2776178e-004
5.0929999e-001  1.5704319e-002  1.1994278e-004
5.1129997e-001  1.5598819e-002  1.7125996e-004
5.1330000e-001  1.5470201e-002  1.4986313e-004
5.1529998e-001  1.5379814e-002  1.4509786e-004
5.1730001e-001  1.5523186e-002  1.6230777e-004
5.1929998e-001  1.5590188e-002  1.1822931e-004
5.2129996e-001  1.5625145e-002  2.9937681e-004
5.2329999e-001  1.5393544e-002  1.6020128e-004
5.2529997e-001  1.5492759e-002  1.5259765e-004
5.2730000e-001  1.5619162e-002  1.7083785e-004
5.2929997e-001  1.5612764e-002  1.9169717e-004
5.3129995e-001  1.5581223e-002  1.5211610e-004
5.3329998e-001  1.5643626e-002  1.9502520e-004
5.3529996e-001  1.5795667e-002  1.0869199e-004
5.3729999e-001  1.5799904e-002  1.5824700e-004
5.3929996e-001  1.5540341e-002  1.3548155e-004
5.4130000e-001  1.5707985e-002  1.4342036e-004
5.4330003e-001  1.5635114e-002  2.0591292e-004
5.4530001e-001  1.5599891e-002  1.2265061e-004
5.4730004e-001  1.5535163e-002  1.8112895e-004
5.4930001e-001  1.5656346e-002  1.3470590e-004
5.5129999e-001  1.5585641e-002  1.5419823e-004
5.5330002e-001  1.5463171e-002  1.5774192e-004
5.5530000e-001  1.5400335e-002  1.1859863e-004
5.5730003e-001  1.5455619e-002  1.3743619e-004
5.5930001e-001  1.5389102e-002  1.2904521e-004
5.6129998e-001  1.5459141e-002  2.0041304e-004
5.6330001e-001  1.5436959e-002  1.8757865e-004
5.6529999e-001  1.5423151e-002  1.3734911e-004
5.6730002e-001  1.5350555e-002  1.5492954e-004
5.6930000e-001  1.5401562e-002  1.4129616e-004
5.7129997e-001  1.5370539e-002  1.6827445e-004
5.7330000e-001  1.5562206e-002  2.4026788e-004
5.7529998e-001  1.5709626e-002  2.4051778e-004
5.7730001e-001  1.5535608e-002  2.1956918e-004
5.7929999e-001  1.5567563e-002  1.4773235e-004
5.8129996e-001  1.5724335e-002  1.4261922e-004
5.8329999e-001  1.5588480e-002  1.4995798e-004
5.8529997e-001  1.5538057e-002  2.4151271e-004
5.8730000e-001  1.5673587e-002  1.7377610e-004
5.8929998e-001  1.5526935e-002  1.6060022e-004
5.9130001e-001  1.5537587e-002  1.9225445e-004
5.9330004e-001  1.5709443e-002  1.5174969e-004
5.9530002e-001  1.5699709e-002  1.1154933e-004
5.9730005e-001  1.5407249e-002  1.1458958e-004
5.9930003e-001  1.5179903e-002  1.0641703e-004
6.0110003e-001  1.5501861e-002  1.6940913e-004
6.0270000e-001  1.5287410e-002  1.2711015e-004
6.0430002e-001  1.5362329e-002  1.7917425e-004
6.0589999e-001  1.5336819e-002  1.0813936e-004
6.0750008e-001  1.5335405e-002  1.7187683e-004
6.0910004e-001  1.5367271e-002  1.2102116e-004
6.1070001e-001  1.5349975e-002  1.6300420e-004
6.1229998e-001  1.5369808e-002  1.5316627e-004
6.1390001e-001  1.5404109e-002  1.6316913e-004
6.1550003e-001  1.5227591e-002  1.1711047e-004
6.1710006e-001  1.5287538e-002  1.0394609e-004
6.1870003e-001  1.5173146e-002  1.9371408e-004
6.2029999e-001  1.5264730e-002  1.4910888e-004
6.2189996e-001  1.5090269e-002  1.9994531e-004
6.2350005e-001  1.5401012e-002  1.5136579e-004
6.2510002e-001  1.5418801e-002  1.9764094e-004
6.2669998e-001  1.5397618e-002  1.6297551e-004
6.2830001e-001  1.5323994e-002  1.7107926e-004
6.2989998e-001  1.5205842e-002  1.9339893e-004
6.3169998e-001  1.5392283e-002  1.2534850e-004
6.3370001e-001  1.5278854e-002  1.3857477e-004
6.3569999e-001  1.5208635e-002  1.7060486e-004
6.3770002e-001  1.5146514e-002  1.7402301e-004
6.3970000e-001  1.5260031e-002  1.4815466e-004
6.4170003e-001  1.5412195e-002  2.0586423e-004
6.4370006e-001  1.5274178e-002  2.0826877e-004
6.4570004e-001  1.5106618e-002  1.2514612e-004
6.4770007e-001  1.5438722e-002  1.7807093e-004
6.4970005e-001  1.5346238e-002  2.5109365e-004
6.5170002e-001  1.5312675e-002  1.7368238e-004
6.5370005e-001  1.5330405e-002  1.8748092e-004
6.5570003e-001  1.5391770e-002  2.0436561e-004
6.5770006e-001  1.5396022e-002  1.8748178e-004
6.5970004e-001  1.5314755e-002  2.0847848e-004
6.6170001e-001  1.5380747e-002  2.1973767e-004
6.6370004e-001  1.5556666e-002  2.0990588e-004
6.6570002e-001  1.5290580e-002  2.2328539e-004
6.6770005e-001  1.5495169e-002  2.3078891e-004
6.7019999e-001  1.5326926e-002  1.1243526e-004
6.7320001e-001  1.5258265e-002  1.3682320e-004
6.7619997e-001  1.5425300e-002  2.6543278e-004
6.7919999e-001  1.5384383e-002  1.8070113e-004
6.8219995e-001  1.5392930e-002  1.3672424e-004
6.8519998e-001  1.5434810e-002  2.0264812e-004
6.8820000e-001  1.5386315e-002  1.0460144e-004
6.9120002e-001  1.5480693e-002  1.8127423e-004
6.9420004e-001  1.5610798e-002  1.5573885e-004
6.9720006e-001  1.5592211e-002  3.0370711e-004
7.0019996e-001  1.5714148e-002  2.0739320e-004
7.0199996e-001  1.5473391e-002  1.1921620e-004
7.0400000e-001  1.5542209e-002  1.5483842e-004
7.0599997e-001  1.5184928e-002  1.3113384e-004
7.0800000e-001  1.5583559e-002  1.3891724e-004
7.0999998e-001  1.5582805e-002  2.3278945e-004
7.1199995e-001  1.5595550e-002  1.9270777e-004
7.1399999e-001  1.5286747e-002  1.8897568e-004
7.1599996e-001  1.5597056e-002  1.4506339e-004
7.1799999e-001  1.5634622e-002  1.7132591e-004
7.1999997e-001  1.5530891e-002  1.7154789e-004
7.2199994e-001  1.5567940e-002  1.8034030e-004
7.2399998e-001  1.5543131e-002  1.8236897e-004
7.2599995e-001  1.5334827e-002  2.0272777e-004
7.2799999e-001  1.5302332e-002  2.5069286e-004
7.2999996e-001  1.5181736e-002  1.5855713e-004
7.3199993e-001  1.5647994e-002  2.3245765e-004
7.3399997e-001  1.5629493e-002  2.9011464e-004
7.3599994e-001  1.5553857e-002  2.1274875e-004
7.3799998e-001  1.5756134e-002  2.2557894e-004
7.4000001e-001  1.5633669e-002  1.8611323e-004
7.4199998e-001  1.5291822e-002  2.5223760e-004
7.4400002e-001  1.5274099e-002  4.0250219e-004
7.4599999e-001  1.5593665e-002  2.3181814e-004
7.4800003e-001  1.5491291e-002  1.6053252e-004
7.5050002e-001  1.5785698e-002  1.6797581e-004
7.5350004e-001  1.5472938e-002  1.3397440e-004
7.5650001e-001  1.5752304e-002  1.7717140e-004
7.5950003e-001  1.5216212e-002  1.9870188e-004
7.6249999e-001  1.5445746e-002  2.1292182e-004
7.6550001e-001  1.5461681e-002  2.6961361e-004
7.6850003e-001  1.6137952e-002  1.9023077e-004
7.7149999e-001  1.5438343e-002  2.3938406e-004
7.7450001e-001  1.5587609e-002  3.5585652e-004
7.7750003e-001  1.5732322e-002  1.7144818e-004
7.8099996e-001  1.5560281e-002  8.8686691e-005
7.8499997e-001  1.5342737e-002  2.1888955e-004
7.8899997e-001  1.5513550e-002  1.3506108e-004
7.9299998e-001  1.5325417e-002  3.1873732e-004
7.9699999e-001  1.5507636e-002  1.5052389e-004
8.0150002e-001  1.5099976e-002  1.9348659e-004
8.0650002e-001  1.4987027e-002  1.8723102e-004
8.1150001e-001  1.4971588e-002  2.6145595e-004
8.1650001e-001  1.4704692e-002  2.0498643e-004
8.2199997e-001  1.4656379e-002  2.4066673e-004
8.2800001e-001  1.3027410e-002  2.4593456e-004
8.3499998e-001  1.2935483e-002  1.5453706e-004
8.4300005e-001  1.3046199e-002  2.2200606e-004
8.5100001e-001  1.5463322e-002  3.1165378e-003
8.5900003e-001  1.5424968e-002  1.4516914e-003
8.7099999e-001  1.6764345e-002  9.6116721e-004
8.8300002e-001  1.6568150e-002  7.8635174e-004
8.9399999e-001  1.5990395e-002  7.4412784e-004
9.0399998e-001  1.6344909e-002  7.6037599e-004
9.1399997e-001  1.6505670e-002  5.4922001e-004
9.2399997e-001  1.5913960e-002  5.5468344e-004
9.3299997e-001  1.7374741e-002  5.5965077e-004
9.4099998e-001  1.6684175e-002  5.3845934e-004
9.4900000e-001  1.6190873e-002  5.1133032e-004
9.5700002e-001  1.6533406e-002  5.1380665e-004
9.6399999e-001  1.6731899e-002  5.2061083e-004
9.6999997e-001  1.6724396e-002  6.1758654e-004
9.7599995e-001  1.5859768e-002  5.1842356e-004
9.8199993e-001  1.6492993e-002  5.2079262e-004
9.8799998e-001  1.6109569e-002  5.1881612e-004
9.9400002e-001  1.6609345e-002  5.1808014e-004
1.0000000e+000  1.5921513e-002  5.1851087e-004
1.0060000e+000  1.5560934e-002  5.1730772e-004
1.0120000e+000  1.4962705e-002  5.1731407e-004
1.0180000e+000  1.6585009e-002  5.1885087e-004
1.0235000e+000  1.5582384e-002  5.1822991e-004
1.0285000e+000  1.6352678e-002  5.2010576e-004
1.0335000e+000  1.6228301e-002  5.1879155e-004
1.0385000e+000  1.5919659e-002  5.1787699e-004
1.0434999e+000  1.4816459e-002  5.1917927e-004
1.0484999e+000  1.5612829e-002  5.1861501e-004
1.0534999e+000  1.5485782e-002  5.1827758e-004
1.0584999e+000  1.4700730e-002  5.1949447e-004
1.0634999e+000  1.5888182e-002  5.1824312e-004
1.0684999e+000  1.5700571e-002  5.1877147e-004
1.0735000e+000  1.5888210e-002  5.2021944e-004
1.0785000e+000  1.4844011e-002  5.1895401e-004
1.0835000e+000  1.5542535e-002  5.1983958e-004
1.0885000e+000  1.4532642e-002  5.1970081e-004
1.0935000e+000  1.5835246e-002  5.1918603e-004
1.0985000e+000  1.5569407e-002  5.1771465e-004
1.1035000e+000  1.5558464e-002  5.1969796e-004
1.1085000e+000  1.5194274e-002  5.1746715e-004
1.1135000e+000  1.5456619e-002  5.1864859e-004
1.1185000e+000  1.4566252e-002  5.1919173e-004
1.1235000e+000  1.5802115e-002  5.1913160e-004
1.1285000e+000  1.5222338e-002  5.2018452e-004
1.1335000e+000  1.5631445e-002  5.1843992e-004
1.1385000e+000  1.4985309e-002  5.2005792e-004
1.1435000e+000  1.5180917e-002  5.1859714e-004
1.1485000e+000  1.4210548e-002  5.2022864e-004
1.1535000e+000  1.4455842e-002  5.1731314e-004
1.1585000e+000  1.4989917e-002  5.1812461e-004
1.1635000e+000  1.4856031e-002  5.1871449e-004
1.1684999e+000  1.6272550e-002  5.1960110e-004
1.1735001e+000  1.5099658e-002  5.2073936e-004
1.1785001e+000  1.3700945e-002  5.1965803e-004
1.1835001e+000  1.3750169e-002  5.1899487e-004
1.1885000e+000  1.3516895e-002  5.1714852e-004
1.1935000e+000  1.5457268e-002  5.1589950e-004
1.1985000e+000  1.4115801e-002  5.1556976e-004
1.2035000e+000  1.4533200e-002  5.1698560e-004
1.2085000e+000  1.4883371e-002  5.1651994e-004
1.2135000e+000  1.4628761e-002  5.1895250e-004
1.2185000e+000  1.4970020e-002  5.1743689e-004
1.2235000e+000  1.4739784e-002  5.1706360e-004
1.2285000e+000  1.4483242e-002  5.1892432e-004
1.2335000e+000  1.4517860e-002  5.1742198e-004
1.2385000e+000  1.4797162e-002  5.1775511e-004
1.2435000e+000  1.5113289e-002  5.1778817e-004
1.2485000e+000  1.5187858e-002  5.1874836e-004
1.2535000e+000  1.3342317e-002  5.1982654e-004
1.2585000e+000  1.4748648e-002  5.1821221e-004
1.2635000e+000  1.4589845e-002  5.1597372e-004
1.2685000e+000  1.3964527e-002  5.1886903e-004
1.2735001e+000  1.4538714e-002  5.1803095e-004
1.2785001e+000  1.4820314e-002  5.1764271e-004
1.2835001e+000  1.4767370e-002  5.1847252e-004
1.2885001e+000  1.3841590e-002  5.1822362e-004
1.2935001e+000  1.4762827e-002  5.1831297e-004
1.2985001e+000  1.4429888e-002  5.2099646e-004
1.3034999e+000  1.5086612e-002  5.2565330e-004
1.3084999e+000  1.3502400e-002  5.1861524e-004
1.3134999e+000  1.5338268e-002  5.2005198e-004
1.3184999e+000  1.4615122e-002  5.1869184e-004
1.3234999e+000  1.4410348e-002  5.1676144e-004
1.3284999e+000  1.5205667e-002  5.1742786e-004
1.3334999e+000  1.3167982e-002  5.1654829e-004
1.3384999e+000  1.4520605e-002  5.1711767e-004
1.3434999e+000  1.4449306e-002  5.1820365e-004
1.3484999e+000  1.4382560e-002  5.1869720e-004
1.3534999e+000  1.3906591e-002  5.1769591e-004
1.3584999e+000  1.4564378e-002  5.1796087e-004
1.3634999e+000  1.4460538e-002  5.1860651e-004
1.3684999e+000  1.4209118e-002  5.1651313e-004
1.3735000e+000  1.3964005e-002  5.1601703e-004
1.3785000e+000  1.4885001e-002  5.2101345e-004
1.3835000e+000  1.3860554e-002  5.1417679e-004
1.3885000e+000  1.3856391e-002  5.1831105e-004
1.3935000e+000  1.4941772e-002  5.2127673e-004
1.3985000e+000  1.3934157e-002  5.1788893e-004
1.4035000e+000  1.4084114e-002  5.1528221e-004
1.4085000e+000  1.3742016e-002  5.1505794e-004
1.4135000e+000  1.3974370e-002  5.1625993e-004
1.4184999e+000  1.3800892e-002  5.1726599e-004
1.4234999e+000  1.3040948e-002  5.2002835e-004
1.4284999e+000  1.4641857e-002  5.1577832e-004
1.4334999e+000  1.3608721e-002  5.1682565e-004
1.4384999e+000  1.3568266e-002  5.1666918e-004
1.4434999e+000  1.3207184e-002  5.1573099e-004
1.4484999e+000  1.3490237e-002  5.1718438e-004
1.4534999e+000  1.3694706e-002  5.1562698e-004
1.4584999e+000  1.4380780e-002  5.1908701e-004
1.4634999e+000  1.3837186e-002  5.1791768e-004
1.4684999e+000  1.3609273e-002  5.1842222e-004
1.4735000e+000  1.3661196e-002  5.1891414e-004
1.4785000e+000  1.4209818e-002  5.1804027e-004
1.4835000e+000  1.3586125e-002  5.1768392e-004
1.4885000e+000  1.2696783e-002  5.1797205e-004
1.4935000e+000  1.4230995e-002  5.1776326e-004
1.4985000e+000  1.4303801e-002  5.1567622e-004
1.5035000e+000  1.3462956e-002  5.5398419e-004
1.5085000e+000  1.3563204e-002  5.1585695e-004
1.5135000e+000  1.3771637e-002  6.1246735e-004
1.5185000e+000  1.4154728e-002  5.1621487e-004
1.5235000e+000  1.4389634e-002  5.7592103e-004
1.5285000e+000  1.3630586e-002  5.1542476e-004
1.5339999e+000  1.4108875e-002  5.1214109e-004
1.5400000e+000  1.3667615e-002  5.1343470e-004
1.5460000e+000  1.3137690e-002  5.1399070e-004
1.5519999e+000  1.3197658e-002  5.1365636e-004
1.5580000e+000  1.2999393e-002  5.1345176e-004
1.5639999e+000  1.3362294e-002  5.1500864e-004
1.5705000e+000  1.4446159e-002  5.2341737e-004
1.5775000e+000  1.4165838e-002  5.1200035e-004
1.5845000e+000  1.2840200e-002  5.1889458e-004
1.5915000e+000  1.3083391e-002  5.1157502e-004
1.5985000e+000  1.3362010e-002  5.0078327e-004
1.6055000e+000  1.3024691e-002  5.0899008e-004
1.6125000e+000  1.3166682e-002  5.1095558e-004
1.6194999e+000  1.3871061e-002  5.1308423e-004
1.6265000e+000  1.3397171e-002  5.0954189e-004
1.6335000e+000  1.4005995e-002  5.1260332e-004
1.6404999e+000  1.3367070e-002  5.1113154e-004
1.6474999e+000  1.2996554e-002  5.1084842e-004
1.6544999e+000  1.2415892e-002  5.0908327e-004
1.6615000e+000  1.3828048e-002  5.1177375e-004
1.6684999e+000  1.3357826e-002  5.0964725e-004
1.6760001e+000  1.3064676e-002  5.1026256e-004
1.6840000e+000  1.2507861e-002  5.7288056e-004
1.6920000e+000  1.2900559e-002  6.9953513e-004
1.7000000e+000  1.2979940e-002  7.0379849e-004
1.7080001e+000  1.2716179e-002  5.8368320e-004
1.7160001e+000  1.2931083e-002  5.0967047e-004
1.7240000e+000  1.2221857e-002  6.3584780e-004
1.7320000e+000  1.3275827e-002  6.3497346e-004
1.7400000e+000  1.3191706e-002  8.9485466e-004
1.7480000e+000  1.2479075e-002  7.3693914e-004
1.7560000e+000  1.2343675e-002  7.1838027e-004
1.7639999e+000  1.2628563e-002  5.0868787e-004
1.7720001e+000  1.1317505e-002  5.7444908e-004
1.7800001e+000  1.3321817e-002  5.9732411e-004
1.7880001e+000  1.2535502e-002  6.4211799e-004
1.7960001e+000  1.3000163e-002  5.0620834e-004
1.8049999e+000  1.2927947e-002  5.0491025e-004
1.8149999e+000  1.1660179e-002  5.0505309e-004
1.8249999e+000  1.3093403e-002  5.0613779e-004
1.8349999e+000  1.2024886e-002  5.2600895e-004
1.8449999e+000  1.2721869e-002  5.0306501e-004
1.8549999e+000  1.3050335e-002  4.9855147e-004
1.8649999e+000  1.2459232e-002  5.0528115e-004
1.8750000e+000  1.2397435e-002  5.3293462e-004
1.8850000e+000  1.2970286e-002  5.0370186e-004
1.8950000e+000  1.2765791e-002  5.1309355e-004
1.9050000e+000  1.2537085e-002  5.0157111e-004
1.9150000e+000  1.2926412e-002  5.3690502e-004
1.9250000e+000  1.2236683e-002  5.1141117e-004
1.9349999e+000  1.2492594e-002  5.3712836e-004
1.9449999e+000  1.2657863e-002  5.4860784e-004
1.9549999e+000  1.1391135e-002  5.2386150e-004
1.9649999e+000  1.3102826e-002  5.9669593e-004
1.9750000e+000  1.1879416e-002  6.2006374e-004
1.9850000e+000  1.0794377e-002  5.5997883e-004
1.9950000e+000  1.1736383e-002  6.0515857e-004
2.0050001e+000  1.2199998e-002  6.1798410e-004
2.0150001e+000  1.2308366e-002  7.2035106e-004
2.0250001e+000  1.2845438e-002  7.3220930e-004
2.0350001e+000  1.2797814e-002  8.1703096e-004
2.0450001e+000  1.0698837e-002  7.2782341e-004
2.0550001e+000  1.1626468e-002  8.0364151e-004
2.0650001e+000  1.2245308e-002  8.5108890e-004
2.0750000e+000  1.2065768e-002  8.3584851e-004
2.0850000e+000  1.0705520e-002  8.7000837e-004
2.0950000e+000  1.0909949e-002  8.7436067e-004
2.1050000e+000  1.1156729e-002  8.5901789e-004
2.1150000e+000  1.2976171e-002  1.0413288e-003
2.1250000e+000  9.8926276e-003  1.0707697e-003
2.1350000e+000  1.0919356e-002  1.0059110e-003
2.1450000e+000  1.2042006e-002  7.2453934e-004
2.1550000e+000  1.2387774e-002  7.0201507e-004
2.1650000e+000  1.1615871e-002  6.1134499e-004
2.1750000e+000  1.2504569e-002  8.8495930e-004
2.1849999e+000  1.2450491e-002  9.1092294e-004
2.1949999e+000  1.1232503e-002  1.0839797e-003
2.2050002e+000  1.1168698e-002  1.2855801e-003
2.2150002e+000  1.1298922e-002  1.4303982e-003
2.2250001e+000  1.0381727e-002  1.5776039e-003
2.2350001e+000  1.2662235e-002  1.6820446e-003
2.2450001e+000  9.5106699e-003  2.2360878e-003
2.2550001e+000  1.1015246e-002  2.3201574e-003
2.2650001e+000  6.6866903e-003  3.2275000e-003
2.2750001e+000  1.0378513e-002  3.1805476e-003
2.2850001e+000  9.1728615e-003  5.1886667e-003
2.2950001e+000  7.9420554e-003  5.8447770e-003
2.3050001e+000  4.9122651e-003  5.9345267e-003
2.3150001e+000  1.8853970e-002  3.4618531e-003
2.3250000e+000  1.1072718e-002  1.7694526e-003
2.3350000e+000  1.2291468e-002  8.7319571e-004
2.3450000e+000  1.0858207e-002  7.6546572e-004
2.3550000e+000  1.1825258e-002  8.3036453e-004
2.3650000e+000  1.1970905e-002  1.2301933e-003
2.3750000e+000  9.9307094e-003  1.3112040e-003
2.3859999e+000  1.0465735e-002  7.2488986e-004
2.4000001e+000  1.1338281e-002  5.0724781e-004
2.4180000e+000  1.1867607e-002  4.3096888e-004
2.4400001e+000  1.1186212e-002  4.1249889e-004
2.4660001e+000  1.0113529e-002  4.0792278e-004
2.4960001e+000  1.0817914e-002  3.8731477e-004
2.5279999e+000  9.9214995e-003  5.0752173e-004
2.5599999e+000  9.6252104e-003  7.2867220e-004
2.5920000e+000  9.1738775e-003  1.2253822e-003
2.6239998e+000  1.0449891e-002  1.6815349e-003
2.6559999e+000  1.0658758e-002  2.6027707e-003
2.6879997e+000  1.0484736e-002  5.0128871e-003
2.7520001e+000  2.1932496e-002  1.0826822e-002
2.7839999e+000  1.0828639e-002  1.0085386e-002
2.8160000e+000  2.9977500e-003  8.3646132e-003
2.8479998e+000  1.1619193e-002  6.9199265e-003
2.8799999e+000  3.5463218e-003  7.7592554e-003
2.9120002e+000  2.7434031e-002  1.1018138e-002
