#
# Draine & Li IR Dust Emission
# "small" silicate grains (a<250A)
#
# lambda - wavelength in microns
# lamIlamH - IR emission per H column (erg s^-1 H^-1)
# sigExt - exinction cross section 
# 
lambda      lamIlamH     sigExt    
   0.0912   3.3237E-50   5.5515E-22
   0.0916   1.6667E-50   5.5324E-22
   0.0920   1.8216E-39   5.5090E-22
   0.0925   2.1076E-39   5.4816E-22
   0.0929   3.3517E-39   5.4504E-22
   0.0933   5.3540E-39   5.4163E-22
   0.0937   6.1805E-39   5.3828E-22
   0.0942   7.4068E-39   5.3481E-22
   0.0946   8.5339E-39   5.3123E-22
   0.0950   1.1467E-38   5.2754E-22
   0.0954   1.3195E-38   5.2376E-22
   0.0959   1.7186E-38   5.1998E-22
   0.0963   1.9753E-38   5.1615E-22
   0.0968   2.2916E-38   5.1228E-22
   0.0972   2.6293E-38   5.0838E-22
   0.0976   3.2423E-38   5.0446E-22
   0.0981   3.9102E-38   5.0061E-22
   0.0985   4.4795E-38   4.9670E-22
   0.0990   5.2780E-38   4.9275E-22
   0.0994   6.0360E-38   4.8875E-22
   0.0999   6.9622E-38   4.8471E-22
   0.1004   7.9467E-38   4.8072E-22
   0.1008   9.2527E-38   4.7661E-22
   0.1013   1.0537E-37   4.7234E-22
   0.1017   1.2144E-37   4.6793E-22
   0.1022   1.3799E-37   4.6339E-22
   0.1027   1.5848E-37   4.5839E-22
   0.1031   1.7933E-37   4.5293E-22
   0.1036   2.0471E-37   4.4746E-22
   0.1041   2.3295E-37   4.4198E-22
   0.1046   2.6315E-37   4.3649E-22
   0.1050   2.9895E-37   4.3101E-22
   0.1055   3.3823E-37   4.2599E-22
   0.1060   3.8423E-37   4.2108E-22
   0.1065   4.3452E-37   4.1628E-22
   0.1070   4.9206E-37   4.1158E-22
   0.1074   5.5620E-37   4.0699E-22
   0.1079   6.3168E-37   4.0252E-22
   0.1084   7.1347E-37   3.9819E-22
   0.1089   8.0669E-37   3.9394E-22
   0.1094   9.1233E-37   3.8976E-22
   0.1099   1.0290E-36   3.8565E-22
   0.1104   1.1621E-36   3.8161E-22
   0.1109   1.3095E-36   3.7764E-22
   0.1114   1.4759E-36   3.7370E-22
   0.1119   1.6611E-36   3.6980E-22
   0.1125   1.8707E-36   3.6596E-22
   0.1130   2.1031E-36   3.6215E-22
   0.1135   2.3655E-36   3.5840E-22
   0.1140   2.6567E-36   3.5469E-22
   0.1145   2.9845E-36   3.5102E-22
   0.1150   3.3482E-36   3.4739E-22
   0.1156   3.7562E-36   3.4380E-22
   0.1161   4.2114E-36   3.4024E-22
   0.1166   4.7165E-36   3.3671E-22
   0.1172   5.2814E-36   3.3322E-22
   0.1177   5.9081E-36   3.2976E-22
   0.1182   6.6077E-36   3.2633E-22
   0.1188   7.3829E-36   3.2291E-22
   0.1193   8.2465E-36   3.1952E-22
   0.1199   9.2031E-36   3.1616E-22
   0.1204   1.0268E-35   3.1283E-22
   0.1210   1.1446E-35   3.0952E-22
   0.1215   1.2754E-35   3.0624E-22
   0.1221   1.4204E-35   3.0299E-22
   0.1226   1.5806E-35   2.9977E-22
   0.1232   1.7581E-35   2.9657E-22
   0.1237   1.9542E-35   2.9339E-22
   0.1243   2.1711E-35   2.9024E-22
   0.1249   2.4105E-35   2.8711E-22
   0.1254   2.6745E-35   2.8399E-22
   0.1260   2.9655E-35   2.8088E-22
   0.1266   3.2866E-35   2.7779E-22
   0.1272   3.6397E-35   2.7472E-22
   0.1278   4.0287E-35   2.7167E-22
   0.1283   4.4563E-35   2.6864E-22
   0.1289   4.9265E-35   2.6563E-22
   0.1295   5.4430E-35   2.6264E-22
   0.1301   6.0097E-35   2.5966E-22
   0.1307   6.6316E-35   2.5671E-22
   0.1313   7.3130E-35   2.5377E-22
   0.1319   8.0594E-35   2.5084E-22
   0.1325   8.8761E-35   2.4793E-22
   0.1331   9.7695E-35   2.4503E-22
   0.1337   1.0745E-34   2.4215E-22
   0.1343   1.1811E-34   2.3928E-22
   0.1349   1.2973E-34   2.3642E-22
   0.1355   1.4240E-34   2.3357E-22
   0.1362   1.5620E-34   2.3074E-22
   0.1368   1.7121E-34   2.2791E-22
   0.1374   1.8752E-34   2.2510E-22
   0.1380   2.0523E-34   2.2229E-22
   0.1387   2.2446E-34   2.1949E-22
   0.1393   2.4527E-34   2.1670E-22
   0.1399   2.6774E-34   2.1391E-22
   0.1406   2.9198E-34   2.1111E-22
   0.1412   3.1800E-34   2.0828E-22
   0.1419   3.4562E-34   2.0531E-22
   0.1425   3.7494E-34   2.0222E-22
   0.1432   4.0554E-34   1.9887E-22
   0.1438   4.3759E-34   1.9531E-22
   0.1445   4.7080E-34   1.9147E-22
   0.1451   5.0543E-34   1.8742E-22
   0.1458   5.4182E-34   1.8324E-22
   0.1465   5.7947E-34   1.7880E-22
   0.1471   6.1914E-34   1.7432E-22
   0.1478   6.6093E-34   1.6983E-22
   0.1485   7.0487E-34   1.6533E-22
   0.1491   7.5054E-34   1.6074E-22
   0.1498   7.9694E-34   1.5592E-22
   0.1505   8.4567E-34   1.5118E-22
   0.1512   8.9678E-34   1.4649E-22
   0.1519   9.5031E-34   1.4188E-22
   0.1526   1.0063E-33   1.3733E-22
   0.1533   1.0647E-33   1.3284E-22
   0.1540   1.1256E-33   1.2841E-22
   0.1547   1.1889E-33   1.2405E-22
   0.1554   1.2557E-33   1.1981E-22
   0.1561   1.3262E-33   1.1572E-22
   0.1568   1.3999E-33   1.1172E-22
   0.1575   1.4768E-33   1.0782E-22
   0.1582   1.5571E-33   1.0402E-22
   0.1590   1.6407E-33   1.0031E-22
   0.1597   1.7277E-33   9.6703E-23
   0.1604   1.8184E-33   9.3219E-23
   0.1612   1.9131E-33   8.9864E-23
   0.1619   2.0116E-33   8.6621E-23
   0.1626   2.1143E-33   8.3489E-23
   0.1634   2.2213E-33   8.0464E-23
   0.1641   2.3328E-33   7.7546E-23
   0.1649   2.4489E-33   7.4733E-23
   0.1656   2.5713E-33   7.2049E-23
   0.1664   2.7006E-33   6.9496E-23
   0.1671   2.8348E-33   6.7033E-23
   0.1679   2.9742E-33   6.4657E-23
   0.1687   3.1190E-33   6.2368E-23
   0.1694   3.2696E-33   6.0163E-23
   0.1702   3.4272E-33   5.8052E-23
   0.1710   3.5941E-33   5.6047E-23
   0.1718   3.7668E-33   5.4109E-23
   0.1726   3.9455E-33   5.2237E-23
   0.1733   4.1304E-33   5.0429E-23
   0.1741   4.3218E-33   4.8684E-23
   0.1749   4.5198E-33   4.7001E-23
   0.1757   4.7247E-33   4.5379E-23
   0.1765   4.9368E-33   4.3815E-23
   0.1773   5.1565E-33   4.2310E-23
   0.1781   5.3841E-33   4.0861E-23
   0.1790   5.6201E-33   3.9468E-23
   0.1798   5.8651E-33   3.8129E-23
   0.1806   6.1218E-33   3.6851E-23
   0.1814   6.3884E-33   3.5624E-23
   0.1822   6.6646E-33   3.4441E-23
   0.1831   6.9506E-33   3.3303E-23
   0.1839   7.2472E-33   3.2208E-23
   0.1848   7.5551E-33   3.1154E-23
   0.1856   7.8749E-33   3.0142E-23
   0.1864   8.2076E-33   2.9171E-23
   0.1873   8.5541E-33   2.8238E-23
   0.1881   8.9156E-33   2.7344E-23
   0.1890   9.2935E-33   2.6488E-23
   0.1899   9.6890E-33   2.5669E-23
   0.1907   1.0077E-32   2.4847E-23
   0.1916   1.0473E-32   2.4049E-23
   0.1925   1.0881E-32   2.3279E-23
   0.1934   1.1301E-32   2.2536E-23
   0.1942   1.1735E-32   2.1820E-23
   0.1951   1.2182E-32   2.1130E-23
   0.1960   1.2645E-32   2.0465E-23
   0.1969   1.3123E-32   1.9826E-23
   0.1978   1.3619E-32   1.9212E-23
   0.1987   1.4133E-32   1.8621E-23
   0.1996   1.4667E-32   1.8053E-23
   0.2005   1.5222E-32   1.7508E-23
   0.2015   1.5799E-32   1.6984E-23
   0.2024   1.6400E-32   1.6482E-23
   0.2033   1.7028E-32   1.6000E-23
   0.2042   1.7685E-32   1.5539E-23
   0.2052   1.8374E-32   1.5098E-23
   0.2061   1.9098E-32   1.4677E-23
   0.2070   1.9860E-32   1.4274E-23
   0.2080   2.0665E-32   1.3890E-23
   0.2089   2.1517E-32   1.3525E-23
   0.2099   2.2420E-32   1.3177E-23
   0.2108   2.3321E-32   1.2829E-23
   0.2118   2.4257E-32   1.2493E-23
   0.2128   2.5240E-32   1.2171E-23
   0.2137   2.6273E-32   1.1863E-23
   0.2147   2.7419E-32   1.1580E-23
   0.2157   2.8658E-32   1.1315E-23
   0.2167   2.9997E-32   1.1068E-23
   0.2177   3.1447E-32   1.0837E-23
   0.2187   3.2998E-32   1.0619E-23
   0.2197   3.4687E-32   1.0418E-23
   0.2207   3.6526E-32   1.0234E-23
   0.2217   3.8539E-32   1.0066E-23
   0.2227   4.0755E-32   9.9170E-24
   0.2237   4.3128E-32   9.7769E-24
   0.2247   4.5670E-32   9.6457E-24
   0.2257   4.8401E-32   9.5241E-24
   0.2268   5.1327E-32   9.4108E-24
   0.2278   5.4436E-32   9.3027E-24
   0.2289   5.7741E-32   9.1997E-24
   0.2299   6.1252E-32   9.1017E-24
   0.2309   6.4907E-32   9.0018E-24
   0.2320   6.8749E-32   8.9034E-24
   0.2331   7.2791E-32   8.8071E-24
   0.2341   7.7042E-32   8.7126E-24
   0.2352   8.1511E-32   8.6200E-24
   0.2363   8.6207E-32   8.5291E-24
   0.2373   9.1141E-32   8.4400E-24
   0.2384   9.6322E-32   8.3526E-24
   0.2395   1.0177E-31   8.2676E-24
   0.2406   1.0749E-31   8.1837E-24
   0.2417   1.1348E-31   8.1011E-24
   0.2428   1.1978E-31   8.0201E-24
   0.2439   1.2639E-31   7.9406E-24
   0.2450   1.3332E-31   7.8626E-24
   0.2462   1.4058E-31   7.7860E-24
   0.2473   1.4820E-31   7.7109E-24
   0.2484   1.5619E-31   7.6372E-24
   0.2495   1.6456E-31   7.5648E-24
   0.2507   1.7333E-31   7.4938E-24
   0.2518   1.8251E-31   7.4242E-24
   0.2530   1.9212E-31   7.3558E-24
   0.2541   2.0218E-31   7.2885E-24
   0.2553   2.1270E-31   7.2223E-24
   0.2565   2.2370E-31   7.1572E-24
   0.2576   2.3520E-31   7.0932E-24
   0.2588   2.4722E-31   7.0302E-24
   0.2600   2.5976E-31   6.9681E-24
   0.2612   2.7287E-31   6.9070E-24
   0.2624   2.8655E-31   6.8468E-24
   0.2636   3.0082E-31   6.7875E-24
   0.2648   3.1571E-31   6.7291E-24
   0.2660   3.3124E-31   6.6716E-24
   0.2672   3.4744E-31   6.6149E-24
   0.2684   3.6432E-31   6.5590E-24
   0.2696   3.8190E-31   6.5039E-24
   0.2709   4.0023E-31   6.4495E-24
   0.2721   4.1931E-31   6.3960E-24
   0.2733   4.3917E-31   6.3432E-24
   0.2746   4.5985E-31   6.2910E-24
   0.2758   4.8135E-31   6.2396E-24
   0.2771   5.0373E-31   6.1888E-24
   0.2784   5.2699E-31   6.1387E-24
   0.2796   5.5118E-31   6.0893E-24
   0.2809   5.7632E-31   6.0405E-24
   0.2822   6.0245E-31   5.9923E-24
   0.2835   6.2959E-31   5.9448E-24
   0.2848   6.5778E-31   5.8978E-24
   0.2861   6.8712E-31   5.8517E-24
   0.2874   7.1761E-31   5.8064E-24
   0.2887   7.4927E-31   5.7617E-24
   0.2900   7.8213E-31   5.7176E-24
   0.2913   8.1624E-31   5.6741E-24
   0.2927   8.5163E-31   5.6314E-24
   0.2940   8.8834E-31   5.5892E-24
   0.2953   9.2641E-31   5.5476E-24
   0.2967   9.6588E-31   5.5065E-24
   0.2980   1.0068E-30   5.4659E-24
   0.2994   1.0492E-30   5.4259E-24
   0.3008   1.0931E-30   5.3863E-24
   0.3021   1.1386E-30   5.3472E-24
   0.3035   1.1858E-30   5.3087E-24
   0.3049   1.2345E-30   5.2705E-24
   0.3063   1.2850E-30   5.2329E-24
   0.3077   1.3373E-30   5.1957E-24
   0.3091   1.3914E-30   5.1589E-24
   0.3105   1.4473E-30   5.1225E-24
   0.3119   1.5052E-30   5.0865E-24
   0.3134   1.5650E-30   5.0510E-24
   0.3148   1.6268E-30   5.0159E-24
   0.3162   1.6907E-30   4.9811E-24
   0.3177   1.7568E-30   4.9468E-24
   0.3191   1.8250E-30   4.9129E-24
   0.3206   1.8955E-30   4.8794E-24
   0.3220   1.9683E-30   4.8463E-24
   0.3235   2.0434E-30   4.8135E-24
   0.3250   2.1210E-30   4.7812E-24
   0.3265   2.2011E-30   4.7492E-24
   0.3280   2.2839E-30   4.7178E-24
   0.3295   2.3693E-30   4.6867E-24
   0.3310   2.4574E-30   4.6560E-24
   0.3325   2.5482E-30   4.6256E-24
   0.3340   2.6419E-30   4.5956E-24
   0.3355   2.7384E-30   4.5658E-24
   0.3370   2.8380E-30   4.5364E-24
   0.3386   2.9405E-30   4.5072E-24
   0.3401   3.0461E-30   4.4784E-24
   0.3417   3.1550E-30   4.4498E-24
   0.3432   3.2671E-30   4.4215E-24
   0.3448   3.3823E-30   4.3934E-24
   0.3464   3.5009E-30   4.3654E-24
   0.3480   3.6229E-30   4.3377E-24
   0.3496   3.7485E-30   4.3103E-24
   0.3511   3.8777E-30   4.2831E-24
   0.3528   4.0106E-30   4.2562E-24
   0.3544   4.1472E-30   4.2295E-24
   0.3560   4.2878E-30   4.2031E-24
   0.3576   4.4323E-30   4.1770E-24
   0.3592   4.5809E-30   4.1510E-24
   0.3609   4.7336E-30   4.1254E-24
   0.3625   4.8906E-30   4.1000E-24
   0.3642   5.0518E-30   4.0748E-24
   0.3658   5.2177E-30   4.0500E-24
   0.3675   5.3885E-30   4.0257E-24
   0.3692   5.5640E-30   4.0016E-24
   0.3709   5.7442E-30   3.9778E-24
   0.3726   5.9293E-30   3.9542E-24
   0.3743   6.1194E-30   3.9309E-24
   0.3760   6.3146E-30   3.9078E-24
   0.3777   6.5150E-30   3.8849E-24
   0.3794   6.7207E-30   3.8622E-24
   0.3812   6.9318E-30   3.8398E-24
   0.3829   7.1482E-30   3.8175E-24
   0.3846   7.3700E-30   3.7953E-24
   0.3864   7.5975E-30   3.7734E-24
   0.3882   7.8308E-30   3.7515E-24
   0.3899   8.0699E-30   3.7299E-24
   0.3917   8.3149E-30   3.7085E-24
   0.3935   8.5661E-30   3.6872E-24
   0.3953   8.8234E-30   3.6660E-24
   0.3971   9.0870E-30   3.6451E-24
   0.3989   9.3571E-30   3.6243E-24
   0.4007   9.6336E-30   3.6036E-24
   0.4026   9.9168E-30   3.5831E-24
   0.4044   1.0207E-29   3.5628E-24
   0.4062   1.0504E-29   3.5426E-24
   0.4081   1.0808E-29   3.5225E-24
   0.4100   1.1119E-29   3.5026E-24
   0.4118   1.1437E-29   3.4829E-24
   0.4137   1.1762E-29   3.4633E-24
   0.4156   1.2096E-29   3.4438E-24
   0.4175   1.2436E-29   3.4245E-24
   0.4194   1.2785E-29   3.4053E-24
   0.4213   1.3141E-29   3.3863E-24
   0.4232   1.3506E-29   3.3674E-24
   0.4252   1.3878E-29   3.3486E-24
   0.4271   1.4259E-29   3.3300E-24
   0.4291   1.4649E-29   3.3115E-24
   0.4310   1.5046E-29   3.2931E-24
   0.4330   1.5453E-29   3.2749E-24
   0.4350   1.5868E-29   3.2568E-24
   0.4370   1.6293E-29   3.2389E-24
   0.4389   1.6727E-29   3.2211E-24
   0.4410   1.7171E-29   3.2036E-24
   0.4430   1.7625E-29   3.1863E-24
   0.4450   1.8089E-29   3.1692E-24
   0.4470   1.8563E-29   3.1522E-24
   0.4491   1.9047E-29   3.1354E-24
   0.4511   1.9541E-29   3.1186E-24
   0.4532   2.0046E-29   3.1020E-24
   0.4552   2.0561E-29   3.0855E-24
   0.4573   2.1087E-29   3.0691E-24
   0.4594   2.1623E-29   3.0529E-24
   0.4615   2.2170E-29   3.0368E-24
   0.4636   2.2729E-29   3.0207E-24
   0.4657   2.3299E-29   3.0048E-24
   0.4679   2.3880E-29   2.9891E-24
   0.4700   2.4473E-29   2.9734E-24
   0.4721   2.5077E-29   2.9578E-24
   0.4743   2.5694E-29   2.9424E-24
   0.4765   2.6323E-29   2.9270E-24
   0.4786   2.6964E-29   2.9118E-24
   0.4808   2.7617E-29   2.8967E-24
   0.4830   2.8283E-29   2.8816E-24
   0.4852   2.8962E-29   2.8667E-24
   0.4874   2.9653E-29   2.8519E-24
   0.4897   3.0357E-29   2.8371E-24
   0.4919   3.1074E-29   2.8224E-24
   0.4941   3.1805E-29   2.8078E-24
   0.4964   3.2550E-29   2.7934E-24
   0.4987   3.3308E-29   2.7790E-24
   0.5009   3.4081E-29   2.7647E-24
   0.5032   3.4867E-29   2.7506E-24
   0.5055   3.5669E-29   2.7365E-24
   0.5078   3.6484E-29   2.7226E-24
   0.5101   3.7314E-29   2.7087E-24
   0.5125   3.8160E-29   2.6949E-24
   0.5148   3.9020E-29   2.6813E-24
   0.5172   3.9895E-29   2.6677E-24
   0.5195   4.0786E-29   2.6542E-24
   0.5219   4.1693E-29   2.6408E-24
   0.5243   4.2615E-29   2.6275E-24
   0.5267   4.3554E-29   2.6143E-24
   0.5291   4.4508E-29   2.6011E-24
   0.5315   4.5479E-29   2.5881E-24
   0.5339   4.6466E-29   2.5751E-24
   0.5363   4.7471E-29   2.5622E-24
   0.5388   4.8491E-29   2.5495E-24
   0.5413   4.9529E-29   2.5368E-24
   0.5437   5.0585E-29   2.5241E-24
   0.5462   5.1657E-29   2.5116E-24
   0.5487   5.2747E-29   2.4991E-24
   0.5512   5.3855E-29   2.4868E-24
   0.5537   5.4982E-29   2.4745E-24
   0.5563   5.6126E-29   2.4623E-24
   0.5588   5.7288E-29   2.4502E-24
   0.5613   5.8470E-29   2.4381E-24
   0.5639   5.9669E-29   2.4261E-24
   0.5665   6.0888E-29   2.4142E-24
   0.5691   6.2126E-29   2.4024E-24
   0.5717   6.3383E-29   2.3907E-24
   0.5743   6.4659E-29   2.3790E-24
   0.5769   6.5955E-29   2.3674E-24
   0.5795   6.7270E-29   2.3559E-24
   0.5822   6.8605E-29   2.3445E-24
   0.5848   6.9961E-29   2.3331E-24
   0.5875   7.1336E-29   2.3218E-24
   0.5902   7.2732E-29   2.3105E-24
   0.5929   7.4148E-29   2.2994E-24
   0.5956   7.5586E-29   2.2883E-24
   0.5983   7.7043E-29   2.2772E-24
   0.6010   7.8522E-29   2.2663E-24
   0.6038   8.0022E-29   2.2554E-24
   0.6065   8.1544E-29   2.2446E-24
   0.6093   8.3086E-29   2.2338E-24
   0.6121   8.4651E-29   2.2231E-24
   0.6149   8.6237E-29   2.2125E-24
   0.6177   8.7844E-29   2.2019E-24
   0.6205   8.9474E-29   2.1914E-24
   0.6233   9.1126E-29   2.1809E-24
   0.6262   9.2800E-29   2.1705E-24
   0.6290   9.4497E-29   2.1602E-24
   0.6319   9.6216E-29   2.1499E-24
   0.6348   9.7958E-29   2.1397E-24
   0.6377   9.9723E-29   2.1296E-24
   0.6406   1.0151E-28   2.1195E-24
   0.6435   1.0332E-28   2.1095E-24
   0.6465   1.0515E-28   2.0995E-24
   0.6494   1.0701E-28   2.0896E-24
   0.6524   1.0889E-28   2.0797E-24
   0.6554   1.1079E-28   2.0699E-24
   0.6584   1.1272E-28   2.0603E-24
   0.6614   1.1468E-28   2.0507E-24
   0.6644   1.1666E-28   2.0411E-24
   0.6674   1.1867E-28   2.0317E-24
   0.6705   1.2069E-28   2.0222E-24
   0.6735   1.2275E-28   2.0129E-24
   0.6766   1.2482E-28   2.0035E-24
   0.6797   1.2693E-28   1.9943E-24
   0.6828   1.2905E-28   1.9851E-24
   0.6859   1.3121E-28   1.9759E-24
   0.6890   1.3338E-28   1.9668E-24
   0.6922   1.3558E-28   1.9578E-24
   0.6953   1.3781E-28   1.9488E-24
   0.6985   1.4006E-28   1.9398E-24
   0.7017   1.4233E-28   1.9309E-24
   0.7049   1.4463E-28   1.9220E-24
   0.7081   1.4696E-28   1.9132E-24
   0.7114   1.4930E-28   1.9044E-24
   0.7146   1.5168E-28   1.8957E-24
   0.7179   1.5408E-28   1.8870E-24
   0.7211   1.5650E-28   1.8784E-24
   0.7244   1.5895E-28   1.8698E-24
   0.7277   1.6142E-28   1.8612E-24
   0.7311   1.6392E-28   1.8528E-24
   0.7344   1.6645E-28   1.8443E-24
   0.7378   1.6900E-28   1.8359E-24
   0.7411   1.7157E-28   1.8275E-24
   0.7445   1.7417E-28   1.8192E-24
   0.7479   1.7680E-28   1.8109E-24
   0.7513   1.7945E-28   1.8027E-24
   0.7547   1.8212E-28   1.7945E-24
   0.7582   1.8482E-28   1.7864E-24
   0.7617   1.8755E-28   1.7783E-24
   0.7651   1.9030E-28   1.7702E-24
   0.7686   1.9307E-28   1.7622E-24
   0.7721   1.9587E-28   1.7542E-24
   0.7757   1.9870E-28   1.7463E-24
   0.7792   2.0155E-28   1.7384E-24
   0.7828   2.0442E-28   1.7306E-24
   0.7863   2.0732E-28   1.7228E-24
   0.7899   2.1024E-28   1.7150E-24
   0.7935   2.1319E-28   1.7073E-24
   0.7971   2.1616E-28   1.6996E-24
   0.8008   2.1916E-28   1.6919E-24
   0.8044   2.2218E-28   1.6843E-24
   0.8081   2.2523E-28   1.6768E-24
   0.8118   2.2830E-28   1.6692E-24
   0.8155   2.3140E-28   1.6618E-24
   0.8192   2.3452E-28   1.6543E-24
   0.8230   2.3766E-28   1.6469E-24
   0.8267   2.4083E-28   1.6395E-24
   0.8305   2.4401E-28   1.6322E-24
   0.8343   2.4723E-28   1.6249E-24
   0.8381   2.5046E-28   1.6176E-24
   0.8419   2.5372E-28   1.6104E-24
   0.8458   2.5701E-28   1.6032E-24
   0.8496   2.6031E-28   1.5960E-24
   0.8535   2.6364E-28   1.5889E-24
   0.8574   2.6699E-28   1.5818E-24
   0.8613   2.7036E-28   1.5747E-24
   0.8652   2.7376E-28   1.5677E-24
   0.8692   2.7717E-28   1.5607E-24
   0.8732   2.8061E-28   1.5538E-24
   0.8772   2.8407E-28   1.5469E-24
   0.8812   2.8755E-28   1.5400E-24
   0.8852   2.9105E-28   1.5331E-24
   0.8892   2.9458E-28   1.5263E-24
   0.8933   2.9812E-28   1.5195E-24
   0.8974   3.0169E-28   1.5127E-24
   0.9015   3.0527E-28   1.5060E-24
   0.9056   3.0886E-28   1.4993E-24
   0.9097   3.1247E-28   1.4925E-24
   0.9139   3.1611E-28   1.4859E-24
   0.9180   3.1976E-28   1.4792E-24
   0.9222   3.2343E-28   1.4726E-24
   0.9264   3.2712E-28   1.4660E-24
   0.9307   3.3083E-28   1.4595E-24
   0.9349   3.3456E-28   1.4530E-24
   0.9392   3.3831E-28   1.4465E-24
   0.9435   3.4207E-28   1.4400E-24
   0.9478   3.4586E-28   1.4336E-24
   0.9521   3.4966E-28   1.4272E-24
   0.9564   3.5347E-28   1.4209E-24
   0.9608   3.5731E-28   1.4145E-24
   0.9652   3.6116E-28   1.4082E-24
   0.9696   3.6502E-28   1.4020E-24
   0.9740   3.6891E-28   1.3957E-24
   0.9785   3.7281E-28   1.3895E-24
   0.9829   3.7672E-28   1.3833E-24
   0.9874   3.8065E-28   1.3772E-24
   0.9919   3.8459E-28   1.3711E-24
   0.9965   3.8855E-28   1.3650E-24
   1.0010   3.9253E-28   1.3589E-24
   1.0056   3.9653E-28   1.3529E-24
   1.0102   4.0055E-28   1.3470E-24
   1.0148   4.0458E-28   1.3411E-24
   1.0194   4.0863E-28   1.3352E-24
   1.0241   4.1268E-28   1.3293E-24
   1.0287   4.1676E-28   1.3235E-24
   1.0334   4.2085E-28   1.3177E-24
   1.0382   4.2495E-28   1.3119E-24
   1.0429   4.2906E-28   1.3062E-24
   1.0477   4.3319E-28   1.3005E-24
   1.0524   4.3732E-28   1.2948E-24
   1.0572   4.4147E-28   1.2891E-24
   1.0621   4.4564E-28   1.2835E-24
   1.0669   4.4981E-28   1.2779E-24
   1.0718   4.5399E-28   1.2723E-24
   1.0767   4.5819E-28   1.2668E-24
   1.0816   4.6239E-28   1.2613E-24
   1.0865   4.6661E-28   1.2558E-24
   1.0915   4.7083E-28   1.2503E-24
   1.0965   4.7506E-28   1.2449E-24
   1.1015   4.7931E-28   1.2395E-24
   1.1065   4.8356E-28   1.2341E-24
   1.1116   4.8782E-28   1.2288E-24
   1.1166   4.9209E-28   1.2235E-24
   1.1217   4.9636E-28   1.2182E-24
   1.1269   5.0064E-28   1.2129E-24
   1.1320   5.0493E-28   1.2076E-24
   1.1372   5.0922E-28   1.2024E-24
   1.1424   5.1352E-28   1.1972E-24
   1.1476   5.1783E-28   1.1920E-24
   1.1528   5.2214E-28   1.1869E-24
   1.1581   5.2645E-28   1.1818E-24
   1.1634   5.3078E-28   1.1767E-24
   1.1687   5.3510E-28   1.1716E-24
   1.1740   5.3943E-28   1.1666E-24
   1.1794   5.4376E-28   1.1615E-24
   1.1847   5.4810E-28   1.1565E-24
   1.1902   5.5244E-28   1.1516E-24
   1.1956   5.5679E-28   1.1466E-24
   1.2010   5.6113E-28   1.1417E-24
   1.2065   5.6548E-28   1.1368E-24
   1.2120   5.6983E-28   1.1319E-24
   1.2176   5.7418E-28   1.1270E-24
   1.2231   5.7853E-28   1.1222E-24
   1.2287   5.8288E-28   1.1174E-24
   1.2343   5.8723E-28   1.1126E-24
   1.2400   5.9158E-28   1.1078E-24
   1.2456   5.9593E-28   1.1031E-24
   1.2513   6.0031E-28   1.0984E-24
   1.2570   6.0476E-28   1.0939E-24
   1.2628   6.0922E-28   1.0894E-24
   1.2685   6.1369E-28   1.0850E-24
   1.2743   6.1816E-28   1.0806E-24
   1.2801   6.2264E-28   1.0762E-24
   1.2860   6.2713E-28   1.0719E-24
   1.2918   6.3162E-28   1.0676E-24
   1.2977   6.3612E-28   1.0633E-24
   1.3037   6.4062E-28   1.0590E-24
   1.3096   6.4515E-28   1.0548E-24
   1.3156   6.4968E-28   1.0507E-24
   1.3216   6.5421E-28   1.0465E-24
   1.3276   6.5873E-28   1.0424E-24
   1.3337   6.6325E-28   1.0383E-24
   1.3398   6.6777E-28   1.0342E-24
   1.3459   6.7229E-28   1.0301E-24
   1.3520   6.7680E-28   1.0261E-24
   1.3582   6.8130E-28   1.0221E-24
   1.3644   6.8580E-28   1.0180E-24
   1.3706   6.9029E-28   1.0140E-24
   1.3769   6.9478E-28   1.0101E-24
   1.3832   6.9923E-28   1.0060E-24
   1.3895   7.0366E-28   1.0020E-24
   1.3958   7.0809E-28   9.9804E-25
   1.4022   7.1250E-28   9.9407E-25
   1.4086   7.1691E-28   9.9012E-25
   1.4150   7.2132E-28   9.8618E-25
   1.4215   7.2571E-28   9.8226E-25
   1.4280   7.3009E-28   9.7836E-25
   1.4345   7.3447E-28   9.7447E-25
   1.4411   7.3883E-28   9.7060E-25
   1.4476   7.4318E-28   9.6675E-25
   1.4542   7.4752E-28   9.6292E-25
   1.4609   7.5187E-28   9.5911E-25
   1.4675   7.5622E-28   9.5536E-25
   1.4742   7.6057E-28   9.5162E-25
   1.4810   7.6490E-28   9.4789E-25
   1.4877   7.6922E-28   9.4419E-25
   1.4945   7.7354E-28   9.4050E-25
   1.5014   7.7784E-28   9.3682E-25
   1.5082   7.8212E-28   9.3317E-25
   1.5151   7.8640E-28   9.2953E-25
   1.5220   7.9066E-28   9.2590E-25
   1.5290   7.9490E-28   9.2229E-25
   1.5359   7.9914E-28   9.1870E-25
   1.5429   8.0335E-28   9.1512E-25
   1.5500   8.0756E-28   9.1156E-25
   1.5571   8.1171E-28   9.0798E-25
   1.5642   8.1586E-28   9.0441E-25
   1.5713   8.1998E-28   9.0086E-25
   1.5785   8.2409E-28   8.9733E-25
   1.5857   8.2819E-28   8.9381E-25
   1.5929   8.3227E-28   8.9031E-25
   1.6002   8.3633E-28   8.8683E-25
   1.6075   8.4037E-28   8.8336E-25
   1.6148   8.4440E-28   8.7990E-25
   1.6222   8.4840E-28   8.7646E-25
   1.6296   8.5240E-28   8.7304E-25
   1.6371   8.5637E-28   8.6963E-25
   1.6445   8.6032E-28   8.6624E-25
   1.6520   8.6424E-28   8.6285E-25
   1.6596   8.6812E-28   8.5945E-25
   1.6672   8.7199E-28   8.5608E-25
   1.6748   8.7585E-28   8.5273E-25
   1.6824   8.7970E-28   8.4941E-25
   1.6901   8.8354E-28   8.4611E-25
   1.6978   8.8737E-28   8.4283E-25
   1.7056   8.9118E-28   8.3958E-25
   1.7133   8.9498E-28   8.3635E-25
   1.7212   8.9877E-28   8.3314E-25
   1.7290   9.0255E-28   8.2995E-25
   1.7369   9.0631E-28   8.2678E-25
   1.7448   9.1006E-28   8.2364E-25
   1.7528   9.1380E-28   8.2051E-25
   1.7608   9.1752E-28   8.1741E-25
   1.7689   9.2122E-28   8.1433E-25
   1.7769   9.2496E-28   8.1131E-25
   1.7850   9.2872E-28   8.0833E-25
   1.7932   9.3246E-28   8.0538E-25
   1.8014   9.3619E-28   8.0245E-25
   1.8096   9.3990E-28   7.9953E-25
   1.8179   9.4360E-28   7.9664E-25
   1.8262   9.4729E-28   7.9377E-25
   1.8345   9.5097E-28   7.9092E-25
   1.8429   9.5463E-28   7.8808E-25
   1.8513   9.5828E-28   7.8527E-25
   1.8597   9.6191E-28   7.8248E-25
   1.8682   9.6552E-28   7.7970E-25
   1.8767   9.6912E-28   7.7694E-25
   1.8853   9.7271E-28   7.7420E-25
   1.8939   9.7628E-28   7.7148E-25
   1.9026   9.7983E-28   7.6877E-25
   1.9113   9.8335E-28   7.6608E-25
   1.9200   9.8684E-28   7.6339E-25
   1.9287   9.9032E-28   7.6071E-25
   1.9375   9.9377E-28   7.5805E-25
   1.9464   9.9720E-28   7.5541E-25
   1.9553   1.0006E-27   7.5277E-25
   1.9642   1.0040E-27   7.5016E-25
   1.9732   1.0074E-27   7.4755E-25
   1.9822   1.0107E-27   7.4496E-25
   1.9912   1.0140E-27   7.4238E-25
   2.0003   1.0173E-27   7.3982E-25
   2.0094   1.0206E-27   7.3727E-25
   2.0186   1.0238E-27   7.3473E-25
   2.0278   1.0271E-27   7.3220E-25
   2.0371   1.0303E-27   7.2968E-25
   2.0464   1.0334E-27   7.2718E-25
   2.0557   1.0366E-27   7.2469E-25
   2.0651   1.0397E-27   7.2221E-25
   2.0745   1.0428E-27   7.1974E-25
   2.0840   1.0459E-27   7.1727E-25
   2.0935   1.0489E-27   7.1482E-25
   2.1031   1.0519E-27   7.1237E-25
   2.1127   1.0549E-27   7.0994E-25
   2.1223   1.0578E-27   7.0751E-25
   2.1320   1.0608E-27   7.0512E-25
   2.1418   1.0637E-27   7.0274E-25
   2.1515   1.0666E-27   7.0038E-25
   2.1614   1.0695E-27   6.9803E-25
   2.1712   1.0724E-27   6.9570E-25
   2.1811   1.0752E-27   6.9338E-25
   2.1911   1.0781E-27   6.9108E-25
   2.2011   1.0809E-27   6.8879E-25
   2.2111   1.0837E-27   6.8653E-25
   2.2212   1.0865E-27   6.8428E-25
   2.2314   1.0892E-27   6.8204E-25
   2.2416   1.0920E-27   6.7981E-25
   2.2518   1.0947E-27   6.7759E-25
   2.2621   1.0973E-27   6.7539E-25
   2.2724   1.1000E-27   6.7319E-25
   2.2828   1.1026E-27   6.7100E-25
   2.2932   1.1052E-27   6.6882E-25
   2.3037   1.1078E-27   6.6665E-25
   2.3142   1.1103E-27   6.6448E-25
   2.3247   1.1128E-27   6.6233E-25
   2.3353   1.1152E-27   6.6018E-25
   2.3460   1.1177E-27   6.5804E-25
   2.3567   1.1201E-27   6.5590E-25
   2.3675   1.1225E-27   6.5378E-25
   2.3783   1.1248E-27   6.5166E-25
   2.3891   1.1271E-27   6.4955E-25
   2.4000   1.1294E-27   6.4745E-25
   2.4110   1.1316E-27   6.4536E-25
   2.4220   1.1338E-27   6.4327E-25
   2.4331   1.1360E-27   6.4117E-25
   2.4442   1.1381E-27   6.3907E-25
   2.4553   1.1402E-27   6.3700E-25
   2.4665   1.1423E-27   6.3494E-25
   2.4778   1.1443E-27   6.3289E-25
   2.4891   1.1464E-27   6.3089E-25
   2.5005   1.1485E-27   6.2892E-25
   2.5119   1.1506E-27   6.2695E-25
   2.5234   1.1527E-27   6.2501E-25
   2.5349   1.1547E-27   6.2307E-25
   2.5464   1.1567E-27   6.2115E-25
   2.5581   1.1587E-27   6.1925E-25
   2.5697   1.1607E-27   6.1735E-25
   2.5815   1.1627E-27   6.1547E-25
   2.5933   1.1647E-27   6.1361E-25
   2.6051   1.1666E-27   6.1175E-25
   2.6170   1.1685E-27   6.0991E-25
   2.6289   1.1704E-27   6.0808E-25
   2.6409   1.1723E-27   6.0626E-25
   2.6530   1.1741E-27   6.0446E-25
   2.6651   1.1759E-27   6.0266E-25
   2.6773   1.1778E-27   6.0088E-25
   2.6895   1.1795E-27   5.9911E-25
   2.7018   1.1813E-27   5.9735E-25
   2.7141   1.1831E-27   5.9560E-25
   2.7265   1.1848E-27   5.9386E-25
   2.7389   1.1865E-27   5.9213E-25
   2.7514   1.1882E-27   5.9041E-25
   2.7640   1.1898E-27   5.8868E-25
   2.7766   1.1914E-27   5.8697E-25
   2.7893   1.1930E-27   5.8526E-25
   2.8020   1.1945E-27   5.8357E-25
   2.8148   1.1961E-27   5.8188E-25
   2.8277   1.1976E-27   5.8021E-25
   2.8406   1.1991E-27   5.7855E-25
   2.8535   1.2006E-27   5.7689E-25
   2.8666   1.2020E-27   5.7525E-25
   2.8797   1.2035E-27   5.7361E-25
   2.8928   1.2049E-27   5.7198E-25
   2.9060   1.2063E-27   5.7037E-25
   2.9193   1.2076E-27   5.6876E-25
   2.9326   1.2090E-27   5.6716E-25
   2.9460   1.2103E-27   5.6557E-25
   2.9594   1.2116E-27   5.6398E-25
   2.9729   1.2129E-27   5.6241E-25
   2.9865   1.2142E-27   5.6084E-25
   3.0002   1.2154E-27   5.5928E-25
   3.0138   1.2166E-27   5.5773E-25
   3.0276   1.2178E-27   5.5619E-25
   3.0414   1.2189E-27   5.5465E-25
   3.0553   1.2201E-27   5.5312E-25
   3.0693   1.2212E-27   5.5160E-25
   3.0833   1.2223E-27   5.5008E-25
   3.0973   1.2234E-27   5.4857E-25
   3.1115   1.2247E-27   5.4721E-25
   3.1257   1.2262E-27   5.4590E-25
   3.1400   1.2276E-27   5.4461E-25
   3.1543   1.2290E-27   5.4332E-25
   3.1687   1.2305E-27   5.4206E-25
   3.1832   1.2319E-27   5.4080E-25
   3.1977   1.2333E-27   5.3956E-25
   3.2123   1.2347E-27   5.3833E-25
   3.2269   1.2361E-27   5.3712E-25
   3.2417   1.2375E-27   5.3591E-25
   3.2565   1.2389E-27   5.3472E-25
   3.2713   1.2401E-27   5.3344E-25
   3.2863   1.2410E-27   5.3207E-25
   3.3013   1.2419E-27   5.3069E-25
   3.3163   1.2427E-27   5.2931E-25
   3.3315   1.2434E-27   5.2792E-25
   3.3467   1.2441E-27   5.2652E-25
   3.3620   1.2448E-27   5.2512E-25
   3.3773   1.2454E-27   5.2371E-25
   3.3927   1.2460E-27   5.2230E-25
   3.4082   1.2464E-27   5.2087E-25
   3.4238   1.2469E-27   5.1943E-25
   3.4394   1.2473E-27   5.1799E-25
   3.4551   1.2476E-27   5.1655E-25
   3.4709   1.2479E-27   5.1511E-25
   3.4867   1.2482E-27   5.1368E-25
   3.5026   1.2485E-27   5.1225E-25
   3.5186   1.2488E-27   5.1082E-25
   3.5347   1.2490E-27   5.0940E-25
   3.5508   1.2492E-27   5.0798E-25
   3.5670   1.2493E-27   5.0656E-25
   3.5833   1.2494E-27   5.0514E-25
   3.5997   1.2495E-27   5.0372E-25
   3.6161   1.2496E-27   5.0231E-25
   3.6326   1.2496E-27   5.0090E-25
   3.6492   1.2497E-27   4.9949E-25
   3.6659   1.2497E-27   4.9809E-25
   3.6826   1.2496E-27   4.9669E-25
   3.6994   1.2496E-27   4.9530E-25
   3.7163   1.2495E-27   4.9392E-25
   3.7333   1.2495E-27   4.9254E-25
   3.7503   1.2494E-27   4.9117E-25
   3.7674   1.2493E-27   4.8980E-25
   3.7846   1.2491E-27   4.8844E-25
   3.8019   1.2490E-27   4.8708E-25
   3.8193   1.2488E-27   4.8573E-25
   3.8367   1.2486E-27   4.8438E-25
   3.8542   1.2484E-27   4.8304E-25
   3.8718   1.2482E-27   4.8170E-25
   3.8895   1.2481E-27   4.8043E-25
   3.9072   1.2480E-27   4.7916E-25
   3.9251   1.2479E-27   4.7790E-25
   3.9430   1.2478E-27   4.7663E-25
   3.9610   1.2476E-27   4.7536E-25
   3.9791   1.2474E-27   4.7410E-25
   3.9972   1.2472E-27   4.7283E-25
   4.0155   1.2469E-27   4.7157E-25
   4.0338   1.2466E-27   4.7030E-25
   4.0522   1.2463E-27   4.6903E-25
   4.0707   1.2460E-27   4.6777E-25
   4.0893   1.2456E-27   4.6650E-25
   4.1080   1.2452E-27   4.6524E-25
   4.1267   1.2448E-27   4.6397E-25
   4.1456   1.2441E-27   4.6261E-25
   4.1645   1.2432E-27   4.6121E-25
   4.1835   1.2424E-27   4.5983E-25
   4.2026   1.2416E-27   4.5845E-25
   4.2218   1.2407E-27   4.5708E-25
   4.2411   1.2399E-27   4.5572E-25
   4.2604   1.2391E-27   4.5437E-25
   4.2799   1.2382E-27   4.5302E-25
   4.2994   1.2374E-27   4.5169E-25
   4.3190   1.2365E-27   4.5036E-25
   4.3387   1.2357E-27   4.4904E-25
   4.3585   1.2348E-27   4.4773E-25
   4.3784   1.2340E-27   4.4642E-25
   4.3984   1.2331E-27   4.4513E-25
   4.4185   1.2323E-27   4.4384E-25
   4.4387   1.2315E-27   4.4259E-25
   4.4589   1.2309E-27   4.4140E-25
   4.4793   1.2303E-27   4.4023E-25
   4.4997   1.2297E-27   4.3907E-25
   4.5203   1.2291E-27   4.3794E-25
   4.5409   1.2286E-27   4.3682E-25
   4.5617   1.2281E-27   4.3571E-25
   4.5825   1.2277E-27   4.3463E-25
   4.6034   1.2273E-27   4.3356E-25
   4.6244   1.2269E-27   4.3250E-25
   4.6455   1.2265E-27   4.3147E-25
   4.6667   1.2261E-27   4.3044E-25
   4.6880   1.2258E-27   4.2943E-25
   4.7094   1.2255E-27   4.2844E-25
   4.7309   1.2252E-27   4.2746E-25
   4.7525   1.2250E-27   4.2649E-25
   4.7742   1.2248E-27   4.2555E-25
   4.7960   1.2248E-27   4.2467E-25
   4.8179   1.2248E-27   4.2381E-25
   4.8399   1.2249E-27   4.2297E-25
   4.8620   1.2250E-27   4.2215E-25
   4.8842   1.2251E-27   4.2135E-25
   4.9065   1.2253E-27   4.2056E-25
   4.9289   1.2255E-27   4.1979E-25
   4.9514   1.2258E-27   4.1904E-25
   4.9740   1.2261E-27   4.1831E-25
   4.9967   1.2264E-27   4.1759E-25
   5.0195   1.2270E-27   4.1694E-25
   5.0424   1.2276E-27   4.1633E-25
   5.0654   1.2284E-27   4.1575E-25
   5.0886   1.2292E-27   4.1522E-25
   5.1118   1.2302E-27   4.1472E-25
   5.1351   1.2312E-27   4.1426E-25
   5.1586   1.2324E-27   4.1383E-25
   5.1821   1.2336E-27   4.1343E-25
   5.2058   1.2350E-27   4.1308E-25
   5.2295   1.2365E-27   4.1276E-25
   5.2534   1.2381E-27   4.1248E-25
   5.2774   1.2398E-27   4.1224E-25
   5.3015   1.2416E-27   4.1203E-25
   5.3257   1.2435E-27   4.1186E-25
   5.3500   1.2456E-27   4.1172E-25
   5.3744   1.2477E-27   4.1162E-25
   5.3989   1.2499E-27   4.1155E-25
   5.4236   1.2523E-27   4.1151E-25
   5.4484   1.2547E-27   4.1151E-25
   5.4732   1.2572E-27   4.1153E-25
   5.4982   1.2599E-27   4.1158E-25
   5.5233   1.2627E-27   4.1169E-25
   5.5485   1.2657E-27   4.1187E-25
   5.5738   1.2689E-27   4.1209E-25
   5.5993   1.2722E-27   4.1234E-25
   5.6249   1.2755E-27   4.1262E-25
   5.6505   1.2791E-27   4.1295E-25
   5.6763   1.2828E-27   4.1332E-25
   5.7022   1.2866E-27   4.1373E-25
   5.7283   1.2906E-27   4.1419E-25
   5.7544   1.2947E-27   4.1468E-25
   5.7807   1.2989E-27   4.1521E-25
   5.8071   1.3033E-27   4.1577E-25
   5.8336   1.3078E-27   4.1637E-25
   5.8602   1.3124E-27   4.1700E-25
   5.8870   1.3171E-27   4.1767E-25
   5.9138   1.3221E-27   4.1839E-25
   5.9408   1.3272E-27   4.1916E-25
   5.9680   1.3324E-27   4.1995E-25
   5.9952   1.3377E-27   4.2076E-25
   6.0226   1.3431E-27   4.2160E-25
   6.0501   1.3486E-27   4.2245E-25
   6.0777   1.3542E-27   4.2333E-25
   6.1054   1.3598E-27   4.2422E-25
   6.1333   1.3656E-27   4.2513E-25
   6.1613   1.3714E-27   4.2606E-25
   6.1894   1.3773E-27   4.2701E-25
   6.2177   1.3827E-27   4.2777E-25
   6.2461   1.3876E-27   4.2838E-25
   6.2746   1.3924E-27   4.2896E-25
   6.3032   1.3971E-27   4.2951E-25
   6.3320   1.4018E-27   4.3002E-25
   6.3609   1.4063E-27   4.3048E-25
   6.3899   1.4093E-27   4.3070E-25
   6.4191   1.4134E-27   4.3103E-25
   6.4484   1.4174E-27   4.3131E-25
   6.4778   1.4213E-27   4.3156E-25
   6.5074   1.4251E-27   4.3177E-25
   6.5371   1.4288E-27   4.3193E-25
   6.5670   1.4338E-27   4.3221E-25
   6.5969   1.4374E-27   4.3232E-25
   6.6271   1.4409E-27   4.3241E-25
   6.6573   1.4436E-27   4.3231E-25
   6.6877   1.4471E-27   4.3237E-25
   6.7182   1.4503E-27   4.3232E-25
   6.7489   1.4533E-27   4.3224E-25
   6.7797   1.4566E-27   4.3222E-25
   6.8106   1.4601E-27   4.3225E-25
   6.8417   1.4639E-27   4.3235E-25
   6.8730   1.4674E-27   4.3231E-25
   6.9043   1.4715E-27   4.3251E-25
   6.9359   1.4755E-27   4.3265E-25
   6.9675   1.4805E-27   4.3307E-25
   6.9993   1.4867E-27   4.3384E-25
   7.0313   1.4942E-27   4.3496E-25
   7.0634   1.5026E-27   4.3621E-25
   7.0956   1.5111E-27   4.3759E-25
   7.1280   1.5202E-27   4.3916E-25
   7.1606   1.5340E-27   4.4202E-25
   7.1932   1.5522E-27   4.4617E-25
   7.2261   1.5749E-27   4.5135E-25
   7.2591   1.6037E-27   4.5819E-25
   7.2922   1.6356E-27   4.6609E-25
   7.3255   1.6661E-27   4.7356E-25
   7.3589   1.7067E-27   4.8358E-25
   7.3925   1.7577E-27   4.9671E-25
   7.4263   1.8191E-27   5.1268E-25
   7.4602   1.8907E-27   5.3115E-25
   7.4942   1.9728E-27   5.5271E-25
   7.5284   2.0670E-27   5.7752E-25
   7.5628   2.1794E-27   6.0690E-25
   7.5973   2.3099E-27   6.4146E-25
   7.6320   2.4584E-27   6.8082E-25
   7.6669   2.6251E-27   7.2449E-25
   7.7019   2.8099E-27   7.7331E-25
   7.7370   3.0130E-27   8.2684E-25
   7.7723   3.2390E-27   8.8573E-25
   7.8078   3.4899E-27   9.5161E-25
   7.8435   3.7642E-27   1.0234E-24
   7.8793   4.0618E-27   1.1011E-24
   7.9152   4.3827E-27   1.1837E-24
   7.9514   4.7269E-27   1.2728E-24
   7.9877   5.0942E-27   1.3675E-24
   8.0241   5.4960E-27   1.4714E-24
   8.0608   5.9204E-27   1.5800E-24
   8.0976   6.3670E-27   1.6937E-24
   8.1345   6.8357E-27   1.8136E-24
   8.1716   7.3263E-27   1.9374E-24
   8.2090   7.8388E-27   2.0674E-24
   8.2464   8.3728E-27   2.2008E-24
   8.2841   8.8849E-27   2.3275E-24
   8.3219   9.3545E-27   2.4440E-24
   8.3599   9.8198E-27   2.5568E-24
   8.3980   1.0264E-26   2.6652E-24
   8.4364   1.0685E-26   2.7650E-24
   8.4749   1.1097E-26   2.8616E-24
   8.5136   1.1498E-26   2.9548E-24
   8.5524   1.1908E-26   3.0516E-24
   8.5915   1.2329E-26   3.1482E-24
   8.6307   1.2770E-26   3.2495E-24
   8.6701   1.3255E-26   3.3617E-24
   8.7097   1.3763E-26   3.4781E-24
   8.7494   1.4309E-26   3.6029E-24
   8.7894   1.4895E-26   3.7368E-24
   8.8295   1.5541E-26   3.8821E-24
   8.8698   1.6201E-26   4.0315E-24
   8.9103   1.6890E-26   4.1869E-24
   8.9510   1.7599E-26   4.3458E-24
   8.9918   1.8327E-26   4.5079E-24
   9.0329   1.9060E-26   4.6699E-24
   9.0741   1.9781E-26   4.8272E-24
   9.1155   2.0484E-26   4.9788E-24
   9.1572   2.1146E-26   5.1190E-24
   9.1990   2.1755E-26   5.2450E-24
   9.2409   2.2305E-26   5.3557E-24
   9.2831   2.2784E-26   5.4480E-24
   9.3255   2.3183E-26   5.5202E-24
   9.3681   2.3502E-26   5.5726E-24
   9.4108   2.3739E-26   5.6047E-24
   9.4538   2.3893E-26   5.6169E-24
   9.4970   2.3973E-26   5.6114E-24
   9.5403   2.3984E-26   5.5895E-24
   9.5839   2.3940E-26   5.5547E-24
   9.6276   2.3842E-26   5.5072E-24
   9.6716   2.3698E-26   5.4494E-24
   9.7157   2.3530E-26   5.3863E-24
   9.7601   2.3356E-26   5.3221E-24
   9.8046   2.3186E-26   5.2592E-24
   9.8494   2.3021E-26   5.1974E-24
   9.8943   2.2860E-26   5.1368E-24
   9.9395   2.2706E-26   5.0783E-24
   9.9849   2.2561E-26   5.0217E-24
  10.0305   2.2436E-26   4.9698E-24
  10.0763   2.2316E-26   4.9193E-24
  10.1223   2.2194E-26   4.8685E-24
  10.1685   2.2072E-26   4.8178E-24
  10.2149   2.1942E-26   4.7657E-24
  10.2615   2.1784E-26   4.7076E-24
  10.3084   2.1598E-26   4.6439E-24
  10.3554   2.1369E-26   4.5712E-24
  10.4027   2.1090E-26   4.4884E-24
  10.4502   2.0781E-26   4.3997E-24
  10.4979   2.0445E-26   4.3060E-24
  10.5458   2.0071E-26   4.2049E-24
  10.5939   1.9692E-26   4.1036E-24
  10.6423   1.9314E-26   4.0033E-24
  10.6909   1.8939E-26   3.9045E-24
  10.7397   1.8602E-26   3.8141E-24
  10.7887   1.8281E-26   3.7278E-24
  10.8380   1.7976E-26   3.6453E-24
  10.8874   1.7690E-26   3.5672E-24
  10.9371   1.7425E-26   3.4941E-24
  10.9871   1.7168E-26   3.4230E-24
  11.0372   1.6918E-26   3.3539E-24
  11.0876   1.6666E-26   3.2851E-24
  11.1382   1.6406E-26   3.2151E-24
  11.1891   1.6152E-26   3.1467E-24
  11.2401   1.5902E-26   3.0798E-24
  11.2915   1.5660E-26   3.0150E-24
  11.3430   1.5430E-26   2.9530E-24
  11.3948   1.5208E-26   2.8931E-24
  11.4468   1.4994E-26   2.8349E-24
  11.4990   1.4790E-26   2.7794E-24
  11.5515   1.4597E-26   2.7262E-24
  11.6043   1.4404E-26   2.6735E-24
  11.6572   1.4210E-26   2.6211E-24
  11.7105   1.4011E-26   2.5681E-24
  11.7639   1.3795E-26   2.5125E-24
  11.8176   1.3577E-26   2.4571E-24
  11.8716   1.3358E-26   2.4018E-24
  11.9258   1.3137E-26   2.3468E-24
  11.9802   1.2920E-26   2.2931E-24
  12.0349   1.2706E-26   2.2403E-24
  12.0898   1.2493E-26   2.1882E-24
  12.1450   1.2282E-26   2.1368E-24
  12.2005   1.2092E-26   2.0897E-24
  12.2562   1.1916E-26   2.0454E-24
  12.3121   1.1749E-26   2.0031E-24
  12.3683   1.1583E-26   1.9613E-24
  12.4248   1.1409E-26   1.9186E-24
  12.4815   1.1231E-26   1.8756E-24
  12.5385   1.1056E-26   1.8335E-24
  12.5957   1.0884E-26   1.7922E-24
  12.6532   1.0713E-26   1.7516E-24
  12.7110   1.0539E-26   1.7109E-24
  12.7690   1.0370E-26   1.6715E-24
  12.8273   1.0207E-26   1.6333E-24
  12.8858   1.0048E-26   1.5962E-24
  12.9447   9.8992E-27   1.5611E-24
  13.0038   9.7625E-27   1.5283E-24
  13.0631   9.6310E-27   1.4966E-24
  13.1227   9.5046E-27   1.4660E-24
  13.1827   9.3827E-27   1.4364E-24
  13.2428   9.2563E-27   1.4064E-24
  13.3033   9.1338E-27   1.3773E-24
  13.3640   9.0162E-27   1.3492E-24
  13.4250   8.9031E-27   1.3221E-24
  13.4863   8.7932E-27   1.2957E-24
  13.5479   8.6863E-27   1.2700E-24
  13.6097   8.5907E-27   1.2463E-24
  13.6718   8.5062E-27   1.2244E-24
  13.7343   8.4328E-27   1.2042E-24
  13.7970   8.3750E-27   1.1865E-24
  13.8599   8.3417E-27   1.1724E-24
  13.9232   8.3261E-27   1.1608E-24
  13.9868   8.3286E-27   1.1518E-24
  14.0506   8.3497E-27   1.1454E-24
  14.1148   8.3939E-27   1.1421E-24
  14.1792   8.4619E-27   1.1419E-24
  14.2439   8.5473E-27   1.1439E-24
  14.3089   8.6508E-27   1.1482E-24
  14.3743   8.7732E-27   1.1548E-24
  14.4399   8.9129E-27   1.1634E-24
  14.5058   9.0651E-27   1.1733E-24
  14.5720   9.2315E-27   1.1848E-24
  14.6385   9.4124E-27   1.1977E-24
  14.7054   9.6080E-27   1.2122E-24
  14.7725   9.8152E-27   1.2277E-24
  14.8399   1.0018E-26   1.2423E-24
  14.9077   1.0229E-26   1.2574E-24
  14.9757   1.0447E-26   1.2731E-24
  15.0441   1.0668E-26   1.2886E-24
  15.1128   1.0894E-26   1.3044E-24
  15.1817   1.1132E-26   1.3211E-24
  15.2510   1.1378E-26   1.3383E-24
  15.3207   1.1632E-26   1.3560E-24
  15.3906   1.1893E-26   1.3740E-24
  15.4609   1.2162E-26   1.3925E-24
  15.5314   1.2439E-26   1.4113E-24
  15.6023   1.2723E-26   1.4305E-24
  15.6736   1.3014E-26   1.4499E-24
  15.7451   1.3312E-26   1.4696E-24
  15.8170   1.3618E-26   1.4894E-24
  15.8892   1.3930E-26   1.5095E-24
  15.9617   1.4248E-26   1.5296E-24
  16.0346   1.4572E-26   1.5498E-24
  16.1078   1.4902E-26   1.5702E-24
  16.1813   1.5239E-26   1.5905E-24
  16.2552   1.5581E-26   1.6109E-24
  16.3294   1.5930E-26   1.6315E-24
  16.4039   1.6288E-26   1.6522E-24
  16.4788   1.6649E-26   1.6727E-24
  16.5541   1.7012E-26   1.6928E-24
  16.6296   1.7377E-26   1.7125E-24
  16.7055   1.7744E-26   1.7318E-24
  16.7818   1.8110E-26   1.7503E-24
  16.8584   1.8470E-26   1.7677E-24
  16.9354   1.8830E-26   1.7845E-24
  17.0127   1.9189E-26   1.8008E-24
  17.0903   1.9548E-26   1.8164E-24
  17.1683   1.9906E-26   1.8313E-24
  17.2467   2.0266E-26   1.8459E-24
  17.3255   2.0630E-26   1.8604E-24
  17.4045   2.0989E-26   1.8739E-24
  17.4840   2.1342E-26   1.8863E-24
  17.5638   2.1690E-26   1.8977E-24
  17.6440   2.2030E-26   1.9080E-24
  17.7245   2.2363E-26   1.9171E-24
  17.8054   2.2678E-26   1.9244E-24
  17.8867   2.2982E-26   1.9303E-24
  17.9684   2.3277E-26   1.9350E-24
  18.0504   2.3560E-26   1.9384E-24
  18.1328   2.3832E-26   1.9406E-24
  18.2156   2.4093E-26   1.9416E-24
  18.2987   2.4347E-26   1.9416E-24
  18.3823   2.4587E-26   1.9404E-24
  18.4662   2.4813E-26   1.9377E-24
  18.5505   2.5024E-26   1.9337E-24
  18.6352   2.5220E-26   1.9284E-24
  18.7202   2.5402E-26   1.9218E-24
  18.8057   2.5569E-26   1.9139E-24
  18.8915   2.5717E-26   1.9046E-24
  18.9778   2.5851E-26   1.8941E-24
  19.0644   2.5969E-26   1.8824E-24
  19.1514   2.6073E-26   1.8697E-24
  19.2389   2.6162E-26   1.8560E-24
  19.3267   2.6237E-26   1.8413E-24
  19.4149   2.6298E-26   1.8256E-24
  19.5035   2.6343E-26   1.8089E-24
  19.5926   2.6376E-26   1.7915E-24
  19.6820   2.6397E-26   1.7733E-24
  19.7719   2.6406E-26   1.7545E-24
  19.8621   2.6403E-26   1.7352E-24
  19.9528   2.6390E-26   1.7152E-24
  20.0439   2.6371E-26   1.6951E-24
  20.1354   2.6352E-26   1.6751E-24
  20.2273   2.6328E-26   1.6551E-24
  20.3196   2.6301E-26   1.6350E-24
  20.4124   2.6320E-26   1.6180E-24
  20.5056   2.6349E-26   1.6017E-24
  20.5992   2.6386E-26   1.5859E-24
  20.6932   2.6427E-26   1.5706E-24
  20.7877   2.6462E-26   1.5550E-24
  20.8826   2.6495E-26   1.5394E-24
  20.9779   2.6527E-26   1.5238E-24
  21.0737   2.6547E-26   1.5076E-24
  21.1699   2.6562E-26   1.4914E-24
  21.2665   2.6581E-26   1.4754E-24
  21.3636   2.6602E-26   1.4597E-24
  21.4611   2.6645E-26   1.4454E-24
  21.5591   2.6695E-26   1.4315E-24
  21.6575   2.6749E-26   1.4178E-24
  21.7563   2.6805E-26   1.4044E-24
  21.8557   2.6857E-26   1.3909E-24
  21.9554   2.6904E-26   1.3772E-24
  22.0557   2.6946E-26   1.3633E-24
  22.1563   2.6980E-26   1.3492E-24
  22.2575   2.6994E-26   1.3342E-24
  22.3591   2.7008E-26   1.3193E-24
  22.4612   2.7021E-26   1.3044E-24
  22.5637   2.7036E-26   1.2898E-24
  22.6667   2.7064E-26   1.2760E-24
  22.7702   2.7100E-26   1.2627E-24
  22.8741   2.7144E-26   1.2498E-24
  22.9785   2.7198E-26   1.2374E-24
  23.0834   2.7270E-26   1.2260E-24
  23.1888   2.7344E-26   1.2147E-24
  23.2947   2.7419E-26   1.2036E-24
  23.4010   2.7494E-26   1.1925E-24
  23.5078   2.7545E-26   1.1805E-24
  23.6151   2.7597E-26   1.1685E-24
  23.7229   2.7649E-26   1.1567E-24
  23.8312   2.7702E-26   1.1449E-24
  23.9400   2.7776E-26   1.1342E-24
  24.0493   2.7853E-26   1.1236E-24
  24.1591   2.7930E-26   1.1131E-24
  24.2694   2.8008E-26   1.1027E-24
  24.3802   2.8078E-26   1.0921E-24
  24.4915   2.8145E-26   1.0814E-24
  24.6033   2.8213E-26   1.0708E-24
  24.7156   2.8281E-26   1.0603E-24
  24.8284   2.8350E-26   1.0499E-24
  24.9417   2.8420E-26   1.0396E-24
  25.0556   2.8489E-26   1.0293E-24
  25.1700   2.8557E-26   1.0191E-24
  25.2849   2.8626E-26   1.0090E-24
  25.4003   2.8696E-26   9.9900E-25
  25.5163   2.8767E-26   9.8911E-25
  25.6327   2.8839E-26   9.7934E-25
  25.7498   2.8912E-26   9.6967E-25
  25.8673   2.8987E-26   9.6011E-25
  25.9854   2.9063E-26   9.5066E-25
  26.1040   2.9140E-26   9.4131E-25
  26.2232   2.9218E-26   9.3206E-25
  26.3429   2.9297E-26   9.2292E-25
  26.4631   2.9377E-26   9.1387E-25
  26.5839   2.9459E-26   9.0493E-25
  26.7053   2.9541E-26   8.9608E-25
  26.8272   2.9625E-26   8.8733E-25
  26.9497   2.9711E-26   8.7868E-25
  27.0727   2.9797E-26   8.7012E-25
  27.1963   2.9884E-26   8.6166E-25
  27.3204   2.9973E-26   8.5329E-25
  27.4451   3.0063E-26   8.4501E-25
  27.5704   3.0154E-26   8.3683E-25
  27.6963   3.0248E-26   8.2877E-25
  27.8227   3.0343E-26   8.2080E-25
  27.9497   3.0440E-26   8.1291E-25
  28.0773   3.0537E-26   8.0511E-25
  28.2055   3.0636E-26   7.9738E-25
  28.3342   3.0736E-26   7.8974E-25
  28.4636   3.0837E-26   7.8219E-25
  28.5935   3.0939E-26   7.7471E-25
  28.7241   3.1043E-26   7.6731E-25
  28.8552   3.1148E-26   7.5999E-25
  28.9869   3.1254E-26   7.5274E-25
  29.1192   3.1361E-26   7.4558E-25
  29.2522   3.1470E-26   7.3849E-25
  29.3857   3.1580E-26   7.3147E-25
  29.5198   3.1692E-26   7.2453E-25
  29.6546   3.1804E-26   7.1766E-25
  29.7900   3.1918E-26   7.1086E-25
  29.9260   3.2034E-26   7.0413E-25
  30.0626   3.2147E-26   6.9741E-25
  30.1998   3.2259E-26   6.9068E-25
  30.3377   3.2372E-26   6.8403E-25
  30.4762   3.2486E-26   6.7746E-25
  30.6153   3.2603E-26   6.7096E-25
  30.7550   3.2721E-26   6.6454E-25
  30.8954   3.2840E-26   6.5819E-25
  31.0365   3.2962E-26   6.5192E-25
  31.1781   3.3085E-26   6.4571E-25
  31.3205   3.3211E-26   6.3958E-25
  31.4635   3.3337E-26   6.3352E-25
  31.6071   3.3465E-26   6.2752E-25
  31.7514   3.3596E-26   6.2160E-25
  31.8963   3.3727E-26   6.1574E-25
  32.0419   3.3861E-26   6.0994E-25
  32.1882   3.3997E-26   6.0422E-25
  32.3351   3.4135E-26   5.9855E-25
  32.4827   3.4275E-26   5.9295E-25
  32.6310   3.4416E-26   5.8741E-25
  32.7800   3.4559E-26   5.8193E-25
  32.9296   3.4704E-26   5.7651E-25
  33.0799   3.4851E-26   5.7115E-25
  33.2309   3.5000E-26   5.6585E-25
  33.3826   3.5151E-26   5.6061E-25
  33.5350   3.5306E-26   5.5545E-25
  33.6881   3.5470E-26   5.5047E-25
  33.8419   3.5637E-26   5.4554E-25
  33.9964   3.5806E-26   5.4067E-25
  34.1516   3.5976E-26   5.3584E-25
  34.3075   3.6149E-26   5.3106E-25
  34.4641   3.6325E-26   5.2633E-25
  34.6214   3.6502E-26   5.2164E-25
  34.7795   3.6681E-26   5.1701E-25
  34.9382   3.6862E-26   5.1242E-25
  35.0977   3.7046E-26   5.0788E-25
  35.2580   3.7232E-26   5.0338E-25
  35.4189   3.7421E-26   4.9893E-25
  35.5806   3.7613E-26   4.9452E-25
  35.7430   3.7806E-26   4.9016E-25
  35.9062   3.8002E-26   4.8584E-25
  36.0701   3.8200E-26   4.8157E-25
  36.2348   3.8401E-26   4.7733E-25
  36.4002   3.8605E-26   4.7314E-25
  36.5663   3.8811E-26   4.6900E-25
  36.7333   3.9020E-26   4.6489E-25
  36.9009   3.9231E-26   4.6082E-25
  37.0694   3.9445E-26   4.5680E-25
  37.2386   3.9663E-26   4.5281E-25
  37.4086   3.9883E-26   4.4887E-25
  37.5794   4.0106E-26   4.4495E-25
  37.7509   4.0317E-26   4.4091E-25
  37.9233   4.0529E-26   4.3689E-25
  38.0964   4.0742E-26   4.3291E-25
  38.2703   4.0958E-26   4.2895E-25
  38.4450   4.1176E-26   4.2503E-25
  38.6205   4.1396E-26   4.2113E-25
  38.7968   4.1617E-26   4.1727E-25
  38.9739   4.1841E-26   4.1343E-25
  39.1518   4.2069E-26   4.0963E-25
  39.3305   4.2298E-26   4.0585E-25
  39.5101   4.2529E-26   4.0211E-25
  39.6904   4.2763E-26   3.9839E-25
  39.8716   4.2999E-26   3.9470E-25
  40.0536   4.3238E-26   3.9105E-25
  40.2365   4.3480E-26   3.8742E-25
  40.4202   4.3724E-26   3.8382E-25
  40.6047   4.3971E-26   3.8025E-25
  40.7900   4.4221E-26   3.7671E-25
  40.9762   4.4474E-26   3.7320E-25
  41.1633   4.4731E-26   3.6972E-25
  41.3512   4.4990E-26   3.6626E-25
  41.5400   4.5249E-26   3.6281E-25
  41.7296   4.5511E-26   3.5939E-25
  41.9201   4.5777E-26   3.5600E-25
  42.1115   4.6046E-26   3.5263E-25
  42.3037   4.6318E-26   3.4930E-25
  42.4968   4.6595E-26   3.4599E-25
  42.6908   4.6876E-26   3.4272E-25
  42.8857   4.7159E-26   3.3947E-25
  43.0815   4.7448E-26   3.3625E-25
  43.2781   4.7740E-26   3.3306E-25
  43.4757   4.8037E-26   3.2990E-25
  43.6742   4.8337E-26   3.2676E-25
  43.8735   4.8642E-26   3.2365E-25
  44.0738   4.8950E-26   3.2057E-25
  44.2750   4.9264E-26   3.1751E-25
  44.4771   4.9581E-26   3.1448E-25
  44.6802   4.9903E-26   3.1148E-25
  44.8841   5.0230E-26   3.0851E-25
  45.0890   5.0562E-26   3.0556E-25
  45.2948   5.0902E-26   3.0265E-25
  45.5016   5.1249E-26   2.9978E-25
  45.7093   5.1600E-26   2.9693E-25
  45.9180   5.1956E-26   2.9411E-25
  46.1276   5.2319E-26   2.9131E-25
  46.3382   5.2688E-26   2.8854E-25
  46.5497   5.3063E-26   2.8580E-25
  46.7622   5.3444E-26   2.8308E-25
  46.9757   5.3830E-26   2.8039E-25
  47.1901   5.4222E-26   2.7772E-25
  47.4055   5.4621E-26   2.7508E-25
  47.6219   5.5027E-26   2.7246E-25
  47.8393   5.5440E-26   2.6986E-25
  48.0577   5.5859E-26   2.6729E-25
  48.2771   5.6285E-26   2.6475E-25
  48.4975   5.6717E-26   2.6222E-25
  48.7189   5.7157E-26   2.5972E-25
  48.9413   5.7603E-26   2.5725E-25
  49.1647   5.8057E-26   2.5479E-25
  49.3891   5.8519E-26   2.5236E-25
  49.6146   5.8990E-26   2.4995E-25
  49.8411   5.9466E-26   2.4757E-25
  50.0686   5.9950E-26   2.4520E-25
  50.2972   6.0441E-26   2.4285E-25
  50.5268   6.0941E-26   2.4053E-25
  50.7574   6.1448E-26   2.3822E-25
  50.9891   6.1962E-26   2.3593E-25
  51.2219   6.2485E-26   2.3367E-25
  51.4557   6.3017E-26   2.3142E-25
  51.6906   6.3558E-26   2.2920E-25
  51.9266   6.4103E-26   2.2699E-25
  52.1636   6.4657E-26   2.2479E-25
  52.4017   6.5220E-26   2.2262E-25
  52.6409   6.5792E-26   2.2046E-25
  52.8813   6.6373E-26   2.1833E-25
  53.1227   6.6964E-26   2.1622E-25
  53.3652   6.7563E-26   2.1412E-25
  53.6088   6.8173E-26   2.1205E-25
  53.8535   6.8793E-26   2.0999E-25
  54.0993   6.9421E-26   2.0795E-25
  54.3463   7.0057E-26   2.0593E-25
  54.5944   7.0704E-26   2.0393E-25
  54.8436   7.1362E-26   2.0195E-25
  55.0940   7.2030E-26   1.9999E-25
  55.3455   7.2709E-26   1.9805E-25
  55.5981   7.3398E-26   1.9613E-25
  55.8519   7.4099E-26   1.9423E-25
  56.1069   7.4810E-26   1.9235E-25
  56.3630   7.5531E-26   1.9048E-25
  56.6203   7.6269E-26   1.8865E-25
  56.8788   7.7017E-26   1.8683E-25
  57.1384   7.7776E-26   1.8503E-25
  57.3993   7.8547E-26   1.8324E-25
  57.6613   7.9330E-26   1.8148E-25
  57.9245   8.0122E-26   1.7973E-25
  58.1889   8.0926E-26   1.7799E-25
  58.4546   8.1743E-26   1.7628E-25
  58.7214   8.2570E-26   1.7457E-25
  58.9895   8.3409E-26   1.7289E-25
  59.2587   8.4254E-26   1.7121E-25
  59.5293   8.5113E-26   1.6955E-25
  59.8010   8.5981E-26   1.6790E-25
  60.0740   8.6859E-26   1.6627E-25
  60.3482   8.7747E-26   1.6465E-25
  60.6237   8.8647E-26   1.6304E-25
  60.9005   8.9557E-26   1.6145E-25
  61.1785   9.0479E-26   1.5988E-25
  61.4578   9.1411E-26   1.5831E-25
  61.7383   9.2355E-26   1.5677E-25
  62.0201   9.3309E-26   1.5523E-25
  62.3033   9.4280E-26   1.5372E-25
  62.5877   9.5261E-26   1.5222E-25
  62.8734   9.6253E-26   1.5073E-25
  63.1604   9.7257E-26   1.4926E-25
  63.4487   9.8272E-26   1.4781E-25
  63.7384   9.9303E-26   1.4637E-25
  64.0293   1.0035E-25   1.4495E-25
  64.3216   1.0141E-25   1.4355E-25
  64.6152   1.0248E-25   1.4216E-25
  64.9102   1.0356E-25   1.4079E-25
  65.2065   1.0465E-25   1.3943E-25
  65.5042   1.0575E-25   1.3807E-25
  65.8032   1.0686E-25   1.3673E-25
  66.1036   1.0798E-25   1.3540E-25
  66.4054   1.0911E-25   1.3408E-25
  66.7085   1.1025E-25   1.3277E-25
  67.0130   1.1141E-25   1.3148E-25
  67.3189   1.1258E-25   1.3021E-25
  67.6263   1.1376E-25   1.2895E-25
  67.9350   1.1496E-25   1.2771E-25
  68.2451   1.1616E-25   1.2648E-25
  68.5566   1.1738E-25   1.2526E-25
  68.8696   1.1861E-25   1.2405E-25
  69.1840   1.1984E-25   1.2285E-25
  69.4998   1.2107E-25   1.2165E-25
  69.8171   1.2231E-25   1.2046E-25
  70.1358   1.2355E-25   1.1928E-25
  70.4559   1.2479E-25   1.1810E-25
  70.7776   1.2605E-25   1.1694E-25
  71.1007   1.2734E-25   1.1582E-25
  71.4252   1.2864E-25   1.1470E-25
  71.7513   1.2995E-25   1.1360E-25
  72.0788   1.3127E-25   1.1251E-25
  72.4079   1.3259E-25   1.1143E-25
  72.7384   1.3393E-25   1.1035E-25
  73.0705   1.3526E-25   1.0929E-25
  73.4040   1.3661E-25   1.0824E-25
  73.7391   1.3796E-25   1.0719E-25
  74.0757   1.3931E-25   1.0616E-25
  74.4139   1.4067E-25   1.0513E-25
  74.7536   1.4204E-25   1.0412E-25
  75.0948   1.4341E-25   1.0311E-25
  75.4376   1.4478E-25   1.0211E-25
  75.7820   1.4616E-25   1.0112E-25
  76.1279   1.4754E-25   1.0014E-25
  76.4755   1.4893E-25   9.9169E-26
  76.8246   1.5032E-25   9.8209E-26
  77.1753   1.5171E-25   9.7257E-26
  77.5276   1.5312E-25   9.6316E-26
  77.8815   1.5453E-25   9.5389E-26
  78.2370   1.5594E-25   9.4472E-26
  78.5942   1.5736E-25   9.3563E-26
  78.9529   1.5879E-25   9.2664E-26
  79.3134   1.6022E-25   9.1774E-26
  79.6754   1.6164E-25   9.0893E-26
  80.0391   1.6307E-25   9.0020E-26
  80.4045   1.6449E-25   8.9152E-26
  80.7716   1.6591E-25   8.8292E-26
  81.1403   1.6733E-25   8.7441E-26
  81.5107   1.6875E-25   8.6599E-26
  81.8828   1.7017E-25   8.5765E-26
  82.2566   1.7159E-25   8.4939E-26
  82.6321   1.7300E-25   8.4121E-26
  83.0093   1.7442E-25   8.3313E-26
  83.3882   1.7584E-25   8.2514E-26
  83.7689   1.7726E-25   8.1722E-26
  84.1513   1.7868E-25   8.0939E-26
  84.5354   1.8009E-25   8.0163E-26
  84.9213   1.8149E-25   7.9395E-26
  85.3090   1.8290E-25   7.8635E-26
  85.6984   1.8429E-25   7.7882E-26
  86.0896   1.8568E-25   7.7135E-26
  86.4826   1.8707E-25   7.6396E-26
  86.8774   1.8845E-25   7.5665E-26
  87.2740   1.8983E-25   7.4940E-26
  87.6724   1.9120E-25   7.4223E-26
  88.0726   1.9256E-25   7.3513E-26
  88.4747   1.9391E-25   7.2810E-26
  88.8786   1.9526E-25   7.2115E-26
  89.2843   1.9660E-25   7.1427E-26
  89.6919   1.9794E-25   7.0745E-26
  90.1013   1.9927E-25   7.0071E-26
  90.5126   2.0059E-25   6.9403E-26
  90.9258   2.0190E-25   6.8741E-26
  91.3409   2.0319E-25   6.8086E-26
  91.7579   2.0448E-25   6.7437E-26
  92.1767   2.0575E-25   6.6794E-26
  92.5975   2.0701E-25   6.6157E-26
  93.0202   2.0826E-25   6.5527E-26
  93.4449   2.0949E-25   6.4902E-26
  93.8714   2.1072E-25   6.4284E-26
  94.2999   2.1192E-25   6.3672E-26
  94.7304   2.1312E-25   6.3065E-26
  95.1629   2.1430E-25   6.2465E-26
  95.5973   2.1547E-25   6.1871E-26
  96.0337   2.1663E-25   6.1283E-26
  96.4721   2.1777E-25   6.0700E-26
  96.9125   2.1890E-25   6.0124E-26
  97.3549   2.2001E-25   5.9553E-26
  97.7993   2.2111E-25   5.8987E-26
  98.2457   2.2219E-25   5.8428E-26
  98.6942   2.2325E-25   5.7874E-26
  99.1448   2.2429E-25   5.7325E-26
  99.5974   2.2532E-25   5.6782E-26
 100.0520   2.2634E-25   5.6244E-26
 100.5087   2.2733E-25   5.5712E-26
 100.9676   2.2831E-25   5.5185E-26
 101.4285   2.2927E-25   5.4663E-26
 101.8915   2.3021E-25   5.4146E-26
 102.3566   2.3113E-25   5.3634E-26
 102.8239   2.3203E-25   5.3127E-26
 103.2933   2.3292E-25   5.2625E-26
 103.7648   2.3377E-25   5.2126E-26
 104.2385   2.3461E-25   5.1631E-26
 104.7143   2.3542E-25   5.1141E-26
 105.1923   2.3621E-25   5.0657E-26
 105.6725   2.3698E-25   5.0177E-26
 106.1549   2.3773E-25   4.9702E-26
 106.6395   2.3846E-25   4.9231E-26
 107.1263   2.3917E-25   4.8766E-26
 107.6154   2.3985E-25   4.8305E-26
 108.1066   2.4052E-25   4.7848E-26
 108.6001   2.4116E-25   4.7396E-26
 109.0959   2.4178E-25   4.6949E-26
 109.5939   2.4238E-25   4.6505E-26
 110.0942   2.4295E-25   4.6067E-26
 110.5968   2.4351E-25   4.5632E-26
 111.1016   2.4404E-25   4.5202E-26
 111.6088   2.4454E-25   4.4776E-26
 112.1183   2.4503E-25   4.4355E-26
 112.6301   2.4549E-25   4.3937E-26
 113.1443   2.4593E-25   4.3525E-26
 113.6608   2.4635E-25   4.3116E-26
 114.1796   2.4674E-25   4.2712E-26
 114.7009   2.4711E-25   4.2312E-26
 115.2245   2.4746E-25   4.1915E-26
 115.7505   2.4779E-25   4.1523E-26
 116.2789   2.4809E-25   4.1134E-26
 116.8097   2.4837E-25   4.0750E-26
 117.3429   2.4862E-25   4.0369E-26
 117.8786   2.4885E-25   3.9991E-26
 118.4167   2.4907E-25   3.9618E-26
 118.9573   2.4925E-25   3.9248E-26
 119.5003   2.4941E-25   3.8881E-26
 120.0458   2.4954E-25   3.8518E-26
 120.5938   2.4965E-25   3.8158E-26
 121.1443   2.4973E-25   3.7802E-26
 121.6973   2.4979E-25   3.7449E-26
 122.2529   2.4981E-25   3.7099E-26
 122.8110   2.4982E-25   3.6752E-26
 123.3716   2.4980E-25   3.6409E-26
 123.9348   2.4975E-25   3.6068E-26
 124.5005   2.4967E-25   3.5729E-26
 125.0689   2.4956E-25   3.5393E-26
 125.6398   2.4943E-25   3.5061E-26
 126.2134   2.4927E-25   3.4732E-26
 126.7895   2.4909E-25   3.4406E-26
 127.3683   2.4889E-25   3.4083E-26
 127.9497   2.4866E-25   3.3763E-26
 128.5338   2.4841E-25   3.3447E-26
 129.1206   2.4814E-25   3.3133E-26
 129.7100   2.4784E-25   3.2823E-26
 130.3021   2.4752E-25   3.2515E-26
 130.8970   2.4718E-25   3.2211E-26
 131.4945   2.4681E-25   3.1909E-26
 132.0948   2.4643E-25   3.1611E-26
 132.6978   2.4602E-25   3.1315E-26
 133.3035   2.4558E-25   3.1023E-26
 133.9121   2.4513E-25   3.0733E-26
 134.5234   2.4465E-25   3.0446E-26
 135.1375   2.4416E-25   3.0161E-26
 135.7544   2.4365E-25   2.9881E-26
 136.3741   2.4313E-25   2.9603E-26
 136.9966   2.4257E-25   2.9327E-26
 137.6220   2.4200E-25   2.9054E-26
 138.2502   2.4140E-25   2.8784E-26
 138.8814   2.4079E-25   2.8517E-26
 139.5153   2.4015E-25   2.8251E-26
 140.1522   2.3949E-25   2.7989E-26
 140.7920   2.3881E-25   2.7729E-26
 141.4347   2.3811E-25   2.7471E-26
 142.0804   2.3739E-25   2.7216E-26
 142.7290   2.3666E-25   2.6963E-26
 143.3805   2.3590E-25   2.6713E-26
 144.0350   2.3513E-25   2.6465E-26
 144.6926   2.3433E-25   2.6219E-26
 145.3531   2.3352E-25   2.5976E-26
 146.0166   2.3269E-25   2.5735E-26
 146.6832   2.3185E-25   2.5496E-26
 147.3528   2.3098E-25   2.5260E-26
 148.0254   2.3010E-25   2.5026E-26
 148.7012   2.2920E-25   2.4794E-26
 149.3800   2.2828E-25   2.4564E-26
 150.0619   2.2735E-25   2.4336E-26
 150.7469   2.2640E-25   2.4110E-26
 151.4351   2.2543E-25   2.3887E-26
 152.1264   2.2445E-25   2.3665E-26
 152.8208   2.2345E-25   2.3446E-26
 153.5185   2.2244E-25   2.3228E-26
 154.2193   2.2142E-25   2.3013E-26
 154.9233   2.2039E-25   2.2800E-26
 155.6305   2.1934E-25   2.2588E-26
 156.3409   2.1827E-25   2.2379E-26
 157.0546   2.1719E-25   2.2171E-26
 157.7716   2.1610E-25   2.1966E-26
 158.4918   2.1499E-25   2.1763E-26
 159.2153   2.1387E-25   2.1561E-26
 159.9421   2.1274E-25   2.1361E-26
 160.6722   2.1160E-25   2.1163E-26
 161.4057   2.1045E-25   2.0968E-26
 162.1425   2.0928E-25   2.0773E-26
 162.8827   2.0811E-25   2.0581E-26
 163.6263   2.0692E-25   2.0391E-26
 164.3732   2.0572E-25   2.0202E-26
 165.1236   2.0452E-25   2.0015E-26
 165.8773   2.0330E-25   1.9830E-26
 166.6346   2.0207E-25   1.9646E-26
 167.3953   2.0084E-25   1.9464E-26
 168.1594   1.9960E-25   1.9284E-26
 168.9270   1.9835E-25   1.9106E-26
 169.6982   1.9709E-25   1.8929E-26
 170.4729   1.9582E-25   1.8754E-26
 171.2511   1.9455E-25   1.8581E-26
 172.0328   1.9327E-25   1.8409E-26
 172.8181   1.9198E-25   1.8239E-26
 173.6071   1.9069E-25   1.8070E-26
 174.3996   1.8939E-25   1.7903E-26
 175.1957   1.8808E-25   1.7738E-26
 175.9955   1.8679E-25   1.7574E-26
 176.7989   1.8547E-25   1.7412E-26
 177.6060   1.8416E-25   1.7252E-26
 178.4167   1.8283E-25   1.7092E-26
 179.2312   1.8151E-25   1.6935E-26
 180.0494   1.8018E-25   1.6778E-26
 180.8713   1.7884E-25   1.6624E-26
 181.6970   1.7750E-25   1.6470E-26
 182.5264   1.7616E-25   1.6319E-26
 183.3596   1.7481E-25   1.6168E-26
 184.1967   1.7347E-25   1.6019E-26
 185.0375   1.7211E-25   1.5871E-26
 185.8822   1.7076E-25   1.5725E-26
 186.7307   1.6941E-25   1.5580E-26
 187.5832   1.6805E-25   1.5437E-26
 188.4395   1.6669E-25   1.5294E-26
 189.2997   1.6533E-25   1.5153E-26
 190.1638   1.6397E-25   1.5014E-26
 191.0319   1.6261E-25   1.4875E-26
 191.9040   1.6126E-25   1.4738E-26
 192.7800   1.5990E-25   1.4603E-26
 193.6601   1.5854E-25   1.4468E-26
 194.5441   1.5718E-25   1.4335E-26
 195.4322   1.5582E-25   1.4203E-26
 196.3243   1.5446E-25   1.4072E-26
 197.2206   1.5310E-25   1.3943E-26
 198.1209   1.5175E-25   1.3814E-26
 199.0253   1.5041E-25   1.3687E-26
 199.9338   1.4907E-25   1.3561E-26
 200.8465   1.4772E-25   1.3436E-26
 201.7634   1.4637E-25   1.3313E-26
 202.6844   1.4502E-25   1.3190E-26
 203.6097   1.4367E-25   1.3068E-26
 204.5391   1.4233E-25   1.2948E-26
 205.4729   1.4099E-25   1.2829E-26
 206.4108   1.3965E-25   1.2710E-26
 207.3531   1.3832E-25   1.2593E-26
 208.2997   1.3699E-25   1.2477E-26
 209.2505   1.3566E-25   1.2362E-26
 210.2058   1.3434E-25   1.2247E-26
 211.1653   1.3302E-25   1.2134E-26
 212.1293   1.3170E-25   1.2022E-26
 213.0977   1.3039E-25   1.1911E-26
 214.0704   1.2908E-25   1.1801E-26
 215.0477   1.2778E-25   1.1692E-26
 216.0294   1.2648E-25   1.1584E-26
 217.0155   1.2519E-25   1.1477E-26
 218.0062   1.2390E-25   1.1371E-26
 219.0014   1.2262E-25   1.1265E-26
 220.0011   1.2134E-25   1.1161E-26
 221.0054   1.2007E-25   1.1058E-26
 222.0143   1.1881E-25   1.0956E-26
 223.0278   1.1755E-25   1.0854E-26
 224.0459   1.1629E-25   1.0754E-26
 225.0687   1.1505E-25   1.0654E-26
 226.0961   1.1382E-25   1.0556E-26
 227.1282   1.1259E-25   1.0458E-26
 228.1651   1.1136E-25   1.0361E-26
 229.2066   1.1013E-25   1.0265E-26
 230.2529   1.0891E-25   1.0169E-26
 231.3040   1.0769E-25   1.0074E-26
 232.3599   1.0648E-25   9.9800E-27
 233.4206   1.0528E-25   9.8865E-27
 234.4862   1.0408E-25   9.7937E-27
 235.5566   1.0289E-25   9.7016E-27
 236.6319   1.0170E-25   9.6103E-27
 237.7122   1.0052E-25   9.5195E-27
 238.7973   9.9339E-26   9.4295E-27
 239.8874   9.8168E-26   9.3402E-27
 240.9825   9.7005E-26   9.2515E-27
 242.0826   9.5848E-26   9.1635E-27
 243.1877   9.4698E-26   9.0762E-27
 244.2978   9.3554E-26   8.9895E-27
 245.4130   9.2420E-26   8.9035E-27
 246.5333   9.1290E-26   8.8182E-27
 247.6587   9.0167E-26   8.7335E-27
 248.7893   8.9055E-26   8.6494E-27
 249.9250   8.7949E-26   8.5661E-27
 251.0659   8.6796E-26   8.4783E-27
 252.2120   8.5646E-26   8.3907E-27
 253.3634   8.4505E-26   8.3036E-27
 254.5199   8.3370E-26   8.2171E-27
 255.6818   8.2253E-26   8.1312E-27
 256.8490   8.1132E-26   8.0458E-27
 258.0215   8.0024E-26   7.9609E-27
 259.1994   7.8918E-26   7.8767E-27
 260.3826   7.7820E-26   7.7929E-27
 261.5712   7.6730E-26   7.7098E-27
 262.7653   7.5648E-26   7.6271E-27
 263.9648   7.4574E-26   7.5451E-27
 265.1698   7.3508E-26   7.4636E-27
 266.3803   7.2450E-26   7.3826E-27
 267.5963   7.1402E-26   7.3022E-27
 268.8179   7.0365E-26   7.2223E-27
 270.0450   6.9332E-26   7.1429E-27
 271.2778   6.8308E-26   7.0641E-27
 272.5162   6.7295E-26   6.9859E-27
 273.7602   6.6288E-26   6.9082E-27
 275.0099   6.5290E-26   6.8311E-27
 276.2653   6.4341E-26   6.7586E-27
 277.5265   6.3406E-26   6.6869E-27
 278.7934   6.2479E-26   6.6161E-27
 280.0660   6.1563E-26   6.5461E-27
 281.3445   6.0658E-26   6.4770E-27
 282.6289   5.9765E-26   6.4087E-27
 283.9190   5.8882E-26   6.3412E-27
 285.2151   5.8013E-26   6.2745E-27
 286.5171   5.7153E-26   6.2086E-27
 287.8251   5.6315E-26   6.1434E-27
 289.1390   5.5477E-26   6.0790E-27
 290.4589   5.4650E-26   6.0154E-27
 291.7848   5.3832E-26   5.9526E-27
 293.1168   5.3030E-26   5.8905E-27
 294.4549   5.2233E-26   5.8291E-27
 295.7991   5.1447E-26   5.7684E-27
 297.1494   5.0671E-26   5.7084E-27
 298.5059   4.9905E-26   5.6492E-27
 299.8685   4.9149E-26   5.5906E-27
 301.2374   4.8405E-26   5.5329E-27
 302.6126   4.7674E-26   5.4759E-27
 303.9940   4.6949E-26   5.4196E-27
 305.3817   4.6239E-26   5.3640E-27
 306.7758   4.5533E-26   5.3089E-27
 308.1762   4.4837E-26   5.2546E-27
 309.5830   4.4155E-26   5.2008E-27
 310.9962   4.3478E-26   5.1477E-27
 312.4159   4.2809E-26   5.0952E-27
 313.8421   4.2150E-26   5.0433E-27
 315.2748   4.1500E-26   4.9920E-27
 316.7140   4.0859E-26   4.9413E-27
 318.1598   4.0226E-26   4.8912E-27
 319.6122   3.9603E-26   4.8417E-27
 321.0712   3.8987E-26   4.7927E-27
 322.5369   3.8380E-26   4.7443E-27
 324.0092   3.7784E-26   4.6965E-27
 325.4883   3.7204E-26   4.6492E-27
 326.9742   3.6622E-26   4.6024E-27
 328.4668   3.6048E-26   4.5562E-27
 329.9662   3.5483E-26   4.5105E-27
 331.4725   3.4930E-26   4.4654E-27
 332.9857   3.4380E-26   4.4207E-27
 334.5057   3.3841E-26   4.3766E-27
 336.0328   3.3307E-26   4.3330E-27
 337.5667   3.2780E-26   4.2898E-27
 339.1077   3.2261E-26   4.2472E-27
 340.6557   3.1749E-26   4.2051E-27
 342.2108   3.1244E-26   4.1634E-27
 343.7730   3.0747E-26   4.1222E-27
 345.3423   3.0262E-26   4.0815E-27
 346.9188   2.9781E-26   4.0412E-27
 348.5025   2.9307E-26   4.0014E-27
 350.0934   2.8837E-26   3.9620E-27
 351.6915   2.8374E-26   3.9230E-27
 353.2970   2.7919E-26   3.8845E-27
 354.9098   2.7469E-26   3.8464E-27
 356.5299   2.7027E-26   3.8087E-27
 358.1575   2.6591E-26   3.7714E-27
 359.7925   2.6162E-26   3.7346E-27
 361.4349   2.5739E-26   3.6981E-27
 363.0848   2.5321E-26   3.6621E-27
 364.7423   2.4911E-26   3.6265E-27
 366.4073   2.4514E-26   3.5913E-27
 368.0800   2.4117E-26   3.5565E-27
 369.7603   2.3724E-26   3.5220E-27
 371.4482   2.3340E-26   3.4880E-27
 373.1438   2.2959E-26   3.4543E-27
 374.8472   2.2587E-26   3.4210E-27
 376.5584   2.2218E-26   3.3880E-27
 378.2774   2.1854E-26   3.3555E-27
 380.0042   2.1496E-26   3.3233E-27
 381.7389   2.1143E-26   3.2914E-27
 383.4815   2.0795E-26   3.2599E-27
 385.2321   2.0456E-26   3.2288E-27
 386.9907   2.0119E-26   3.1980E-27
 388.7573   1.9787E-26   3.1675E-27
 390.5320   1.9460E-26   3.1374E-27
 392.3147   1.9138E-26   3.1076E-27
 394.1056   1.8823E-26   3.0781E-27
 395.9047   1.8513E-26   3.0489E-27
 397.7120   1.8205E-26   3.0201E-27
 399.5275   1.7903E-26   2.9916E-27
 401.3514   1.7606E-26   2.9634E-27
 403.1835   1.7313E-26   2.9356E-27
 405.0241   1.7025E-26   2.9080E-27
 406.8730   1.6741E-26   2.8808E-27
 408.7303   1.6462E-26   2.8539E-27
 410.5962   1.6190E-26   2.8272E-27
 412.4705   1.5924E-26   2.8008E-27
 414.3535   1.5658E-26   2.7748E-27
 416.2450   1.5396E-26   2.7490E-27
 418.1451   1.5139E-26   2.7235E-27
 420.0539   1.4885E-26   2.6982E-27
 421.9715   1.4635E-26   2.6733E-27
 423.8977   1.4391E-26   2.6486E-27
 425.8328   1.4149E-26   2.6241E-27
 427.7767   1.3911E-26   2.6000E-27
 429.7295   1.3680E-26   2.5761E-27
 431.6912   1.3449E-26   2.5525E-27
 433.6619   1.3222E-26   2.5291E-27
 435.6415   1.2999E-26   2.5059E-27
 437.6302   1.2779E-26   2.4831E-27
 439.6280   1.2563E-26   2.4604E-27
 441.6349   1.2350E-26   2.4380E-27
 443.6509   1.2141E-26   2.4159E-27
 445.6762   1.1936E-26   2.3939E-27
 447.7107   1.1734E-26   2.3723E-27
 449.7545   1.1535E-26   2.3508E-27
 451.8076   1.1339E-26   2.3295E-27
 453.8701   1.1146E-26   2.3085E-27
 455.9420   1.0958E-26   2.2877E-27
 458.0233   1.0771E-26   2.2671E-27
 460.1142   1.0587E-26   2.2467E-27
 462.2146   1.0409E-26   2.2266E-27
 464.3246   1.0232E-26   2.2066E-27
 466.4442   1.0057E-26   2.1869E-27
 468.5735   9.8848E-27   2.1674E-27
 470.7126   9.7156E-27   2.1481E-27
 472.8613   9.5491E-27   2.1290E-27
 475.0199   9.3859E-27   2.1100E-27
 477.1884   9.2276E-27   2.0913E-27
 479.3667   9.0693E-27   2.0728E-27
 481.5550   8.9135E-27   2.0545E-27
 483.7533   8.7603E-27   2.0364E-27
 485.9616   8.6097E-27   2.0184E-27
 488.1800   8.4617E-27   2.0007E-27
 490.4086   8.3160E-27   1.9831E-27
 492.6473   8.1727E-27   1.9657E-27
 494.8962   8.0318E-27   1.9485E-27
 497.1554   7.8933E-27   1.9315E-27
 499.4249   7.7570E-27   1.9146E-27
 501.7047   7.6232E-27   1.8980E-27
 503.9950   7.4931E-27   1.8815E-27
 506.2957   7.3637E-27   1.8652E-27
 508.6069   7.2364E-27   1.8491E-27
 510.9287   7.1115E-27   1.8331E-27
 513.2611   6.9885E-27   1.8173E-27
 515.6041   6.8675E-27   1.8017E-27
 517.9578   6.7501E-27   1.7862E-27
 520.3223   6.6332E-27   1.7709E-27
 522.6975   6.5182E-27   1.7557E-27
 525.0836   6.4051E-27   1.7407E-27
 527.4806   6.2939E-27   1.7258E-27
 529.8886   6.1856E-27   1.7111E-27
 532.3075   6.0782E-27   1.6966E-27
 534.7374   5.9726E-27   1.6822E-27
 537.1785   5.8689E-27   1.6679E-27
 539.6307   5.7674E-27   1.6538E-27
 542.0941   5.6670E-27   1.6399E-27
 544.5688   5.5683E-27   1.6260E-27
 547.0547   5.4714E-27   1.6123E-27
 549.5520   5.3760E-27   1.5988E-27
 552.0607   5.2821E-27   1.5853E-27
 554.5808   5.1900E-27   1.5720E-27
 557.1124   5.0998E-27   1.5588E-27
 559.6557   5.0107E-27   1.5458E-27
 562.2105   4.9230E-27   1.5328E-27
 564.7769   4.8369E-27   1.5200E-27
 567.3551   4.7522E-27   1.5074E-27
 569.9451   4.6692E-27   1.4948E-27
 572.5469   4.5873E-27   1.4824E-27
 575.1605   4.5069E-27   1.4701E-27
 577.7861   4.4278E-27   1.4579E-27
 580.4237   4.3509E-27   1.4459E-27
 583.0733   4.2745E-27   1.4339E-27
 585.7350   4.1995E-27   1.4221E-27
 588.4089   4.1261E-27   1.4104E-27
 591.0949   4.0536E-27   1.3988E-27
 593.7933   3.9823E-27   1.3873E-27
 596.5039   3.9122E-27   1.3759E-27
 599.2269   3.8433E-27   1.3647E-27
 601.9624   3.7757E-27   1.3535E-27
 604.7103   3.7094E-27   1.3425E-27
 607.4708   3.6442E-27   1.3315E-27
 610.2439   3.5799E-27   1.3207E-27
 613.0296   3.5168E-27   1.3100E-27
 615.8281   3.4551E-27   1.2994E-27
 618.6393   3.3941E-27   1.2888E-27
 621.4634   3.3342E-27   1.2784E-27
 624.3004   3.2753E-27   1.2681E-27
 627.1503   3.2175E-27   1.2579E-27
 630.0132   3.1607E-27   1.2478E-27
 632.8892   3.1048E-27   1.2378E-27
 635.7783   3.0499E-27   1.2278E-27
 638.6806   2.9960E-27   1.2180E-27
 641.5962   2.9431E-27   1.2083E-27
 644.5250   2.8910E-27   1.1986E-27
 647.4673   2.8399E-27   1.1891E-27
 650.4230   2.7899E-27   1.1797E-27
 653.3921   2.7407E-27   1.1703E-27
 656.3748   2.6921E-27   1.1610E-27
 659.3712   2.6446E-27   1.1519E-27
 662.3812   2.5980E-27   1.1429E-27
 665.4049   2.5521E-27   1.1340E-27
 668.4425   2.5071E-27   1.1251E-27
 671.4939   2.4629E-27   1.1164E-27
 674.5592   2.4194E-27   1.1077E-27
 677.6386   2.3766E-27   1.0991E-27
 680.7320   2.3347E-27   1.0905E-27
 683.8395   2.2932E-27   1.0820E-27
 686.9612   2.2525E-27   1.0736E-27
 690.0972   2.2125E-27   1.0652E-27
 693.2474   2.1732E-27   1.0569E-27
 696.4121   2.1345E-27   1.0487E-27
 699.5912   2.0966E-27   1.0406E-27
 702.7848   2.0594E-27   1.0326E-27
 705.9930   2.0229E-27   1.0246E-27
 709.2158   1.9870E-27   1.0168E-27
 712.4534   1.9517E-27   1.0090E-27
 715.7057   1.9171E-27   1.0012E-27
 718.9729   1.8830E-27   9.9358E-28
 722.2550   1.8495E-27   9.8599E-28
 725.5520   1.8168E-27   9.7846E-28
 728.8642   1.7845E-27   9.7101E-28
 732.1914   1.7528E-27   9.6362E-28
 735.5338   1.7216E-27   9.5629E-28
 738.8915   1.6910E-27   9.4903E-28
 742.2645   1.6609E-27   9.4183E-28
 745.6529   1.6313E-27   9.3469E-28
 749.0568   1.6022E-27   9.2762E-28
 752.4762   1.5737E-27   9.2061E-28
 755.9113   1.5456E-27   9.1366E-28
 759.3620   1.5181E-27   9.0676E-28
 762.8285   1.4910E-27   8.9993E-28
 766.3107   1.4644E-27   8.9316E-28
 769.8089   1.4383E-27   8.8645E-28
 773.3231   1.4126E-27   8.7980E-28
 776.8533   1.3874E-27   8.7320E-28
 780.3996   1.3626E-27   8.6666E-28
 783.9621   1.3382E-27   8.6018E-28
 787.5408   1.3143E-27   8.5376E-28
 791.1359   1.2908E-27   8.4739E-28
 794.7475   1.2677E-27   8.4107E-28
 798.3755   1.2451E-27   8.3481E-28
 802.0200   1.2228E-27   8.2862E-28
 805.6812   1.2010E-27   8.2248E-28
 809.3591   1.1795E-27   8.1639E-28
 813.0538   1.1584E-27   8.1036E-28
 816.7654   1.1377E-27   8.0437E-28
 820.4939   1.1173E-27   7.9843E-28
 824.2394   1.0973E-27   7.9254E-28
 828.0020   1.0776E-27   7.8670E-28
 831.7818   1.0583E-27   7.8091E-28
 835.5789   1.0394E-27   7.7517E-28
 839.3933   1.0207E-27   7.6947E-28
 843.2251   1.0024E-27   7.6382E-28
 847.0744   9.8444E-28   7.5822E-28
 850.9413   9.6677E-28   7.5267E-28
 854.8258   9.4941E-28   7.4716E-28
 858.7280   9.3237E-28   7.4169E-28
 862.6481   9.1563E-28   7.3627E-28
 866.5861   8.9918E-28   7.3090E-28
 870.5420   8.8302E-28   7.2557E-28
 874.5160   8.6715E-28   7.2028E-28
 878.5081   8.5156E-28   7.1504E-28
 882.5185   8.3625E-28   7.0984E-28
 886.5472   8.2121E-28   7.0469E-28
 890.5942   8.0643E-28   6.9957E-28
 894.6598   7.9193E-28   6.9450E-28
 898.7439   7.7768E-28   6.8947E-28
 902.8466   7.6364E-28   6.8445E-28
 906.9681   7.4983E-28   6.7945E-28
 911.1083   7.3627E-28   6.7448E-28
 915.2675   7.2295E-28   6.6956E-28
 919.4457   7.0986E-28   6.6467E-28
 923.6429   6.9700E-28   6.5981E-28
 927.8593   6.8436E-28   6.5499E-28
 932.0950   6.7194E-28   6.5021E-28
 936.3500   6.5975E-28   6.4546E-28
 940.6244   6.4777E-28   6.4074E-28
 944.9183   6.3600E-28   6.3606E-28
 949.2318   6.2443E-28   6.3141E-28
 953.5650   6.1308E-28   6.2680E-28
 957.9180   6.0192E-28   6.2222E-28
 962.2909   5.9096E-28   6.1768E-28
 966.6837   5.8019E-28   6.1316E-28
 971.0966   5.6962E-28   6.0868E-28
 975.5296   5.5923E-28   6.0424E-28
 979.9829   5.4903E-28   5.9982E-28
 984.4565   5.3901E-28   5.9544E-28
 988.9505   5.2917E-28   5.9109E-28
 993.4650   5.1950E-28   5.8678E-28
 998.0002   5.1001E-28   5.8249E-28
1002.5560   5.0068E-28   5.7824E-28
1007.1326   4.9153E-28   5.7402E-28
1011.7302   4.8254E-28   5.6984E-28
1016.3487   4.7371E-28   5.6568E-28
1020.9883   4.6503E-28   5.6155E-28
1025.6491   4.5651E-28   5.5745E-28
1030.3311   4.4815E-28   5.5338E-28
1035.0345   4.3993E-28   5.4934E-28
1039.7594   4.3185E-28   5.4533E-28
1044.5059   4.2393E-28   5.4135E-28
1049.2740   4.1614E-28   5.3739E-28
1054.0640   4.0849E-28   5.3347E-28
1058.8757   4.0098E-28   5.2957E-28
1063.7095   3.9361E-28   5.2570E-28
1068.5653   3.8637E-28   5.2185E-28
1073.4432   3.7926E-28   5.1804E-28
1078.3435   3.7227E-28   5.1425E-28
1083.2661   3.6541E-28   5.1049E-28
1088.2111   3.5868E-28   5.0676E-28
1093.1788   3.5206E-28   5.0305E-28
1098.1691   3.4557E-28   4.9937E-28
1103.1822   3.3919E-28   4.9572E-28
1108.2182   3.3293E-28   4.9209E-28
1113.2772   3.2678E-28   4.8849E-28
1118.3593   3.2075E-28   4.8492E-28
1123.4645   3.1482E-28   4.8137E-28
1128.5931   3.0900E-28   4.7785E-28
1133.7451   3.0328E-28   4.7435E-28
1138.9206   2.9767E-28   4.7088E-28
1144.1198   2.9216E-28   4.6743E-28
1149.3426   2.8676E-28   4.6401E-28
1154.5893   2.8145E-28   4.6061E-28
1159.8600   2.7623E-28   4.5724E-28
1165.1547   2.7111E-28   4.5389E-28
1170.4736   2.6609E-28   4.5057E-28
1175.8168   2.6115E-28   4.4727E-28
1181.1844   2.5631E-28   4.4399E-28
1186.5764   2.5155E-28   4.4074E-28
1191.9931   2.4689E-28   4.3751E-28
1197.4345   2.4230E-28   4.3431E-28
1202.9008   2.3781E-28   4.3113E-28
1208.3920   2.3339E-28   4.2798E-28
1213.9083   2.2906E-28   4.2485E-28
1219.4497   2.2480E-28   4.2174E-28
1225.0165   2.2063E-28   4.1866E-28
1230.6086   2.1653E-28   4.1560E-28
1236.2263   2.1250E-28   4.1256E-28
1241.8697   2.0855E-28   4.0954E-28
1247.5388   2.0467E-28   4.0654E-28
1253.2337   2.0086E-28   4.0356E-28
1258.9547   1.9713E-28   4.0061E-28
1264.7018   1.9346E-28   3.9768E-28
1270.4751   1.8986E-28   3.9477E-28
1276.2748   1.8632E-28   3.9188E-28
1282.1009   1.8285E-28   3.8901E-28
1287.9537   1.7944E-28   3.8616E-28
1293.8332   1.7610E-28   3.8333E-28
1299.7395   1.7282E-28   3.8052E-28
1305.6727   1.6959E-28   3.7774E-28
1311.6331   1.6643E-28   3.7497E-28
1317.6207   1.6333E-28   3.7222E-28
1323.6356   1.6028E-28   3.6949E-28
1329.6779   1.5729E-28   3.6679E-28
1335.7478   1.5436E-28   3.6410E-28
1341.8455   1.5147E-28   3.6143E-28
1347.9710   1.4865E-28   3.5879E-28
1354.1244   1.4587E-28   3.5616E-28
1360.3060   1.4315E-28   3.5355E-28
1366.5157   1.4048E-28   3.5096E-28
1372.7538   1.3785E-28   3.4839E-28
1379.0204   1.3528E-28   3.4583E-28
1385.3156   1.3275E-28   3.4330E-28
1391.6395   1.3027E-28   3.4078E-28
1397.9923   1.2783E-28   3.3829E-28
1404.3741   1.2544E-28   3.3581E-28
1410.7850   1.2310E-28   3.3335E-28
1417.2252   1.2080E-28   3.3091E-28
1423.6948   1.1854E-28   3.2848E-28
1430.1939   1.1632E-28   3.2607E-28
1436.7227   1.1415E-28   3.2369E-28
1443.2813   1.1201E-28   3.2131E-28
1449.8698   1.0992E-28   3.1896E-28
1456.4884   1.0786E-28   3.1662E-28
1463.1373   1.0585E-28   3.1431E-28
1469.8164   1.0387E-28   3.1200E-28
1476.5261   1.0192E-28   3.0972E-28
1483.2664   1.0002E-28   3.0745E-28
1490.0375   9.8147E-29   3.0520E-28
1496.8394   9.6311E-29   3.0296E-28
1503.6725   9.4510E-29   3.0075E-28
1510.5367   9.2743E-29   2.9855E-28
1517.4322   9.1010E-29   2.9637E-28
1524.3593   8.9308E-29   2.9420E-28
1531.3179   8.7638E-29   2.9205E-28
1538.3083   8.5999E-29   2.8992E-28
1545.3307   8.4391E-29   2.8780E-28
1552.3850   8.2812E-29   2.8570E-28
1559.4716   8.1263E-29   2.8361E-28
1566.5906   7.9743E-29   2.8153E-28
1573.7420   7.8251E-29   2.7947E-28
1580.9261   7.6788E-29   2.7743E-28
1588.1430   7.5351E-29   2.7540E-28
1595.3928   7.3941E-29   2.7338E-28
1602.6757   7.2557E-29   2.7138E-28
1609.9919   7.1200E-29   2.6940E-28
1617.3414   6.9867E-29   2.6743E-28
1624.7245   6.8560E-29   2.6547E-28
1632.1414   6.7277E-29   2.6352E-28
1639.5920   6.6018E-29   2.6160E-28
1647.0767   6.4782E-29   2.5968E-28
1654.5956   6.3570E-29   2.5778E-28
1662.1488   6.2380E-29   2.5589E-28
1669.7364   6.1213E-29   2.5402E-28
1677.3587   6.0067E-29   2.5216E-28
1685.0158   5.8943E-29   2.5031E-28
1692.7078   5.7840E-29   2.4848E-28
1700.4350   5.6758E-29   2.4666E-28
1708.1974   5.5695E-29   2.4485E-28
1715.9953   5.4653E-29   2.4306E-28
1723.8288   5.3631E-29   2.4128E-28
1731.6980   5.2627E-29   2.3951E-28
1739.6031   5.1642E-29   2.3776E-28
1747.5444   5.0676E-29   2.3601E-28
1755.5219   4.9728E-29   2.3429E-28
1763.5358   4.8798E-29   2.3257E-28
1771.5862   4.7885E-29   2.3087E-28
1779.6735   4.6989E-29   2.2918E-28
1787.7976   4.6111E-29   2.2750E-28
1795.9589   4.5248E-29   2.2583E-28
1804.1574   4.4402E-29   2.2418E-28
1812.3933   4.3572E-29   2.2254E-28
1820.6668   4.2757E-29   2.2091E-28
1828.9781   4.1958E-29   2.1929E-28
1837.3273   4.1173E-29   2.1768E-28
1845.7147   4.0404E-29   2.1609E-28
1854.1403   3.9649E-29   2.1451E-28
1862.6044   3.8908E-29   2.1293E-28
1871.1071   3.8181E-29   2.1138E-28
1879.6487   3.7468E-29   2.0983E-28
1888.2292   3.6768E-29   2.0829E-28
1896.8489   3.6081E-29   2.0677E-28
1905.5080   3.5407E-29   2.0525E-28
1914.2065   3.4746E-29   2.0375E-28
1922.9448   3.4097E-29   2.0226E-28
1931.7230   3.3461E-29   2.0078E-28
1940.5413   3.2836E-29   1.9931E-28
1949.3998   3.2223E-29   1.9785E-28
1958.2987   3.1622E-29   1.9641E-28
1967.2383   3.1032E-29   1.9497E-28
1976.2187   3.0453E-29   1.9354E-28
1985.2401   2.9885E-29   1.9213E-28
1994.3026   2.9328E-29   1.9072E-28
2003.4065   2.8784E-29   1.8934E-28
2012.5520   2.8254E-29   1.8801E-28
2021.7393   2.7734E-29   1.8668E-28
2030.9684   2.7224E-29   1.8535E-28
2040.2398   2.6722E-29   1.8404E-28
2049.5534   2.6230E-29   1.8273E-28
2058.9095   2.5747E-29   1.8143E-28
2068.3084   2.5273E-29   1.8014E-28
2077.7502   2.4807E-29   1.7886E-28
2087.2350   2.4349E-29   1.7759E-28
2096.7632   2.3901E-29   1.7632E-28
2106.3348   2.3460E-29   1.7506E-28
2115.9502   2.3027E-29   1.7381E-28
2125.6094   2.2602E-29   1.7257E-28
2135.3128   2.2185E-29   1.7133E-28
2145.0604   2.1776E-29   1.7010E-28
2154.8525   2.1374E-29   1.6888E-28
2164.6894   2.0979E-29   1.6767E-28
2174.5711   2.0592E-29   1.6647E-28
2184.4980   2.0211E-29   1.6527E-28
2194.4701   1.9838E-29   1.6408E-28
2204.4878   1.9472E-29   1.6290E-28
2214.5512   1.9112E-29   1.6172E-28
2224.6606   1.8759E-29   1.6056E-28
2234.8161   1.8412E-29   1.5940E-28
2245.0180   1.8072E-29   1.5825E-28
2255.2664   1.7738E-29   1.5710E-28
2265.5616   1.7410E-29   1.5596E-28
2275.9038   1.7088E-29   1.5483E-28
2286.2933   1.6772E-29   1.5371E-28
2296.7301   1.6462E-29   1.5260E-28
2307.2146   1.6157E-29   1.5149E-28
2317.7470   1.5858E-29   1.5039E-28
2328.3274   1.5565E-29   1.4930E-28
2338.9562   1.5277E-29   1.4821E-28
2349.6334   1.4995E-29   1.4713E-28
2360.3594   1.4717E-29   1.4606E-28
2371.1344   1.4445E-29   1.4499E-28
2381.9586   1.4178E-29   1.4394E-28
2392.8321   1.3915E-29   1.4289E-28
2403.7553   1.3658E-29   1.4184E-28
2414.7284   1.3405E-29   1.4080E-28
2425.7516   1.3157E-29   1.3977E-28
2436.8250   1.2913E-29   1.3875E-28
2447.9491   1.2675E-29   1.3774E-28
2459.1239   1.2440E-29   1.3673E-28
2470.3497   1.2210E-29   1.3572E-28
2481.6268   1.1984E-29   1.3473E-28
2492.9553   1.1762E-29   1.3374E-28
2504.3356   1.1544E-29   1.3276E-28
2515.7678   1.1331E-29   1.3178E-28
2527.2522   1.1121E-29   1.3081E-28
2538.7890   1.0915E-29   1.2985E-28
2550.3785   1.0713E-29   1.2889E-28
2562.0209   1.0515E-29   1.2794E-28
2573.7165   1.0320E-29   1.2700E-28
2585.4654   1.0129E-29   1.2607E-28
2597.2680   9.9417E-30   1.2514E-28
2609.1244   9.7578E-30   1.2421E-28
2621.0350   9.5772E-30   1.2329E-28
2632.9999   9.4000E-30   1.2238E-28
2645.0195   9.2260E-30   1.2148E-28
2657.0939   9.0553E-30   1.2058E-28
2669.2235   8.8878E-30   1.1969E-28
2681.4084   8.7234E-30   1.1880E-28
2693.6489   8.5620E-30   1.1792E-28
2705.9453   8.4036E-30   1.1705E-28
2718.2979   8.2482E-30   1.1618E-28
2730.7068   8.0956E-30   1.1532E-28
2743.1724   7.9459E-30   1.1446E-28
2755.6949   7.7990E-30   1.1362E-28
2768.2746   7.6548E-30   1.1277E-28
2780.9117   7.5132E-30   1.1193E-28
2793.6065   7.3743E-30   1.1110E-28
2806.3592   7.2380E-30   1.1028E-28
2819.1701   7.1042E-30   1.0946E-28
2832.0395   6.9729E-30   1.0864E-28
2844.9677   6.8440E-30   1.0783E-28
2857.9549   6.7176E-30   1.0703E-28
2871.0014   6.5934E-30   1.0623E-28
2884.1074   6.4716E-30   1.0544E-28
2897.2733   6.3521E-30   1.0466E-28
2910.4992   6.2348E-30   1.0387E-28
2923.7856   6.1196E-30   1.0310E-28
2937.1326   6.0066E-30   1.0233E-28
2950.5405   5.8957E-30   1.0157E-28
2964.0096   5.7868E-30   1.0081E-28
2977.5402   5.6800E-30   1.0006E-28
2991.1326   5.5752E-30   9.9308E-29
3004.7870   5.4722E-30   9.8563E-29
3018.5038   5.3708E-30   9.7820E-29
3032.2831   5.2714E-30   9.7082E-29
3046.1254   5.1738E-30   9.6349E-29
3060.0309   5.0780E-30   9.5621E-29
3073.9998   4.9840E-30   9.4899E-29
3088.0325   4.8918E-30   9.4182E-29
3102.1293   4.8012E-30   9.3469E-29
3116.2904   4.7124E-30   9.2762E-29
3130.5162   4.6252E-30   9.2060E-29
3144.8069   4.5396E-30   9.1363E-29
3159.1629   4.4556E-30   9.0671E-29
3173.5843   4.3732E-30   8.9984E-29
3188.0717   4.2923E-30   8.9302E-29
3202.6251   4.2129E-30   8.8625E-29
3217.2450   4.1350E-30   8.7952E-29
3231.9316   4.0586E-30   8.7285E-29
3246.6853   3.9835E-30   8.6622E-29
3261.5063   3.9099E-30   8.5964E-29
3276.3950   3.8376E-30   8.5311E-29
3291.3516   3.7667E-30   8.4663E-29
3306.3765   3.6971E-30   8.4019E-29
3321.4700   3.6288E-30   8.3380E-29
3336.6324   3.5618E-30   8.2745E-29
3351.8641   3.4960E-30   8.2116E-29
3367.1652   3.4314E-30   8.1490E-29
3382.5362   3.3680E-30   8.0870E-29
3397.9774   3.3058E-30   8.0254E-29
3413.4890   3.2448E-30   7.9642E-29
3429.0715   3.1849E-30   7.9035E-29
3444.7251   3.1261E-30   7.8432E-29
3460.4502   3.0685E-30   7.7834E-29
3476.2470   3.0118E-30   7.7240E-29
3492.1160   2.9563E-30   7.6651E-29
3508.0574   2.9018E-30   7.6066E-29
3524.0716   2.8483E-30   7.5485E-29
3540.1588   2.7957E-30   7.4908E-29
3556.3195   2.7442E-30   7.4336E-29
3572.5540   2.6936E-30   7.3768E-29
3588.8626   2.6440E-30   7.3204E-29
3605.2457   2.5953E-30   7.2644E-29
3621.7035   2.5475E-30   7.2088E-29
3638.2365   2.5005E-30   7.1537E-29
3654.8449   2.4545E-30   7.0990E-29
3671.5292   2.4093E-30   7.0446E-29
3688.2896   2.3649E-30   6.9907E-29
3705.1265   2.3214E-30   6.9372E-29
3722.0403   2.2787E-30   6.8840E-29
3739.0313   2.2368E-30   6.8313E-29
3756.0998   2.1956E-30   6.7790E-29
3773.2463   2.1552E-30   6.7270E-29
3790.4711   2.1156E-30   6.6754E-29
3807.7745   2.0767E-30   6.6243E-29
3825.1568   2.0385E-30   6.5735E-29
3842.6185   2.0011E-30   6.5231E-29
3860.1600   1.9643E-30   6.4730E-29
3877.7815   1.9282E-30   6.4234E-29
3895.4834   1.8928E-30   6.3741E-29
3913.2662   1.8581E-30   6.3251E-29
3931.1301   1.8240E-30   6.2766E-29
3949.0756   1.7905E-30   6.2284E-29
3967.1030   1.7576E-30   6.1806E-29
3985.2127   1.7254E-30   6.1331E-29
4003.4051   1.6937E-30   6.0860E-29
4021.6805   1.6627E-30   6.0393E-29
4040.0394   1.6322E-30   5.9929E-29
4058.4820   1.6023E-30   5.9468E-29
4077.0089   1.5729E-30   5.9011E-29
4095.6203   1.5441E-30   5.8558E-29
4114.3167   1.5158E-30   5.8107E-29
4133.0984   1.4880E-30   5.7661E-29
4151.9658   1.4608E-30   5.7217E-29
4170.9194   1.4341E-30   5.6777E-29
4189.9596   1.4078E-30   5.6341E-29
4209.0866   1.3821E-30   5.5907E-29
4228.3009   1.3568E-30   5.5477E-29
4247.6030   1.3320E-30   5.5051E-29
4266.9932   1.3076E-30   5.4627E-29
4286.4719   1.2837E-30   5.4207E-29
4306.0395   1.2602E-30   5.3790E-29
4325.6964   1.2372E-30   5.3376E-29
4345.4431   1.2146E-30   5.2965E-29
4365.2799   1.1924E-30   5.2557E-29
4385.2072   1.1707E-30   5.2153E-29
4405.2256   1.1493E-30   5.1751E-29
4425.3353   1.1283E-30   5.1353E-29
4445.5368   1.1077E-30   5.0958E-29
4465.8305   1.0875E-30   5.0565E-29
4486.2169   1.0677E-30   5.0176E-29
4506.6964   1.0482E-30   4.9790E-29
4527.2693   1.0291E-30   4.9406E-29
4547.9361   1.0104E-30   4.9026E-29
4568.6973   9.9198E-31   4.8649E-29
4589.5533   9.7392E-31   4.8274E-29
4610.5044   9.5619E-31   4.7902E-29
4631.5513   9.3878E-31   4.7533E-29
4652.6941   9.2170E-31   4.7167E-29
4673.9335   9.0493E-31   4.6804E-29
4695.2699   8.8847E-31   4.6444E-29
4716.7037   8.7232E-31   4.6086E-29
4738.2353   8.5646E-31   4.5731E-29
4759.8652   8.4090E-31   4.5379E-29
4781.5938   8.2562E-31   4.5029E-29
4803.4216   8.1063E-31   4.4683E-29
4825.3491   7.9591E-31   4.4338E-29
4847.3767   7.8146E-31   4.3997E-29
4869.5048   7.6728E-31   4.3658E-29
4891.7339   7.5336E-31   4.3322E-29
4914.0645   7.3970E-31   4.2988E-29
4936.4971   7.2628E-31   4.2657E-29
4959.0320   7.1312E-31   4.2329E-29
4981.6699   7.0019E-31   4.2003E-29
5004.4110   6.8751E-31   4.1680E-29
5027.2560   6.7506E-31   4.1359E-29
5050.2053   6.6283E-31   4.1040E-29
5073.2593   6.5084E-31   4.0724E-29
5096.4186   6.3906E-31   4.0411E-29
5119.6836   6.2750E-31   4.0100E-29
5143.0548   6.1615E-31   3.9791E-29
5166.5326   6.0501E-31   3.9485E-29
5190.1177   5.9407E-31   3.9181E-29
5213.8104   5.8334E-31   3.8879E-29
5237.6113   5.7280E-31   3.8580E-29
5261.5208   5.6245E-31   3.8283E-29
5285.5395   5.5230E-31   3.7989E-29
5309.6678   5.4233E-31   3.7697E-29
5333.9063   5.3254E-31   3.7407E-29
5358.2554   5.2294E-31   3.7119E-29
5382.7157   5.1351E-31   3.6833E-29
5407.2876   5.0425E-31   3.6550E-29
5431.9717   4.9516E-31   3.6269E-29
5456.7685   4.8624E-31   3.5990E-29
5481.6785   4.7748E-31   3.5713E-29
5506.7022   4.6889E-31   3.5439E-29
5531.8401   4.6045E-31   3.5166E-29
5557.0927   4.5216E-31   3.4896E-29
5582.4607   4.4403E-31   3.4628E-29
5607.9445   4.3604E-31   3.4362E-29
5633.5446   4.2820E-31   3.4098E-29
5659.2615   4.2050E-31   3.3836E-29
5685.0959   4.1295E-31   3.3576E-29
5711.0481   4.0553E-31   3.3318E-29
5737.1189   3.9825E-31   3.3062E-29
5763.3087   3.9110E-31   3.2808E-29
5789.6180   3.8408E-31   3.2556E-29
5816.0474   3.7719E-31   3.2306E-29
5842.5975   3.7043E-31   3.2059E-29
5869.2688   3.6379E-31   3.1813E-29
5896.0618   3.5727E-31   3.1568E-29
5922.9771   3.5086E-31   3.1326E-29
5950.0153   3.4458E-31   3.1086E-29
5977.1770   3.3841E-31   3.0848E-29
6004.4626   3.3235E-31   3.0611E-29
6031.8728   3.2641E-31   3.0376E-29
6059.4081   3.2057E-31   3.0143E-29
6087.0691   3.1483E-31   2.9912E-29
6114.8564   3.0920E-31   2.9683E-29
6142.7705   3.0368E-31   2.9456E-29
6170.8120   2.9825E-31   2.9230E-29
6198.9816   2.9293E-31   2.9006E-29
6227.2798   2.8770E-31   2.8784E-29
6255.7071   2.8256E-31   2.8564E-29
6284.2642   2.7752E-31   2.8345E-29
6312.9517   2.7257E-31   2.8128E-29
6341.7701   2.6771E-31   2.7913E-29
6370.7201   2.6294E-31   2.7699E-29
6399.8022   2.5825E-31   2.7487E-29
6429.0171   2.5365E-31   2.7277E-29
6458.3654   2.4913E-31   2.7069E-29
6487.8476   2.4470E-31   2.6862E-29
6517.4644   2.4034E-31   2.6656E-29
6547.2165   2.3607E-31   2.6453E-29
6577.1043   2.3187E-31   2.6251E-29
6607.1286   2.2775E-31   2.6050E-29
6637.2899   2.2370E-31   2.5851E-29
6667.5889   2.1973E-31   2.5654E-29
6698.0263   2.1582E-31   2.5458E-29
6728.6025   2.1199E-31   2.5264E-29
6759.3184   2.0823E-31   2.5071E-29
6790.1745   2.0453E-31   2.4880E-29
6821.1714   2.0091E-31   2.4690E-29
6852.3098   1.9734E-31   2.4502E-29
6883.5904   1.9385E-31   2.4315E-29
6915.0138   1.9041E-31   2.4130E-29
6946.5806   1.8704E-31   2.3946E-29
6978.2915   1.8373E-31   2.3764E-29
7010.1472   1.8047E-31   2.3583E-29
7042.1483   1.7728E-31   2.3403E-29
7074.2955   1.7415E-31   2.3225E-29
7106.5894   1.7107E-31   2.3048E-29
7139.0308   1.6804E-31   2.2873E-29
7171.6202   1.6507E-31   2.2699E-29
7204.3585   1.6216E-31   2.2527E-29
7237.2461   1.5929E-31   2.2355E-29
7270.2839   1.5648E-31   2.2186E-29
7303.4726   1.5372E-31   2.2017E-29
7336.8127   1.5101E-31   2.1850E-29
7370.3050   1.4834E-31   2.1684E-29
7403.9502   1.4573E-31   2.1519E-29
7437.7490   1.4316E-31   2.1356E-29
7471.7021   1.4064E-31   2.1194E-29
7505.8102   1.3816E-31   2.1033E-29
7540.0740   1.3573E-31   2.0874E-29
7574.4942   1.3334E-31   2.0716E-29
7609.0715   1.3100E-31   2.0559E-29
7643.8067   1.2869E-31   2.0403E-29
7678.7004   1.2643E-31   2.0249E-29
7713.7534   1.2421E-31   2.0095E-29
7748.9665   1.2203E-31   1.9943E-29
7784.3403   1.1988E-31   1.9792E-29
7819.8755   1.1778E-31   1.9643E-29
7855.5730   1.1571E-31   1.9494E-29
7891.4335   1.1368E-31   1.9347E-29
7927.4576   1.1169E-31   1.9201E-29
7963.6462   1.0973E-31   1.9056E-29
8000.0000   1.0781E-31   1.8912E-29
