#
# Olivine Optical/NIR reflectance spectrum
#
# Source: USGS Digital Spectral Library splib07a
#         crustal.usgs.gov/speclab/QueryAll07a.php
#
# Sample: Olivine GDS70a
#         crustal.usgs.gov/speclab/data/HTMLmetadata/Olivine_GDS70.a_Fo89_165um_BECKb_AREF.html
#
# wavelength is in microns
# reflectance and error on an absolute 0..1 scale
#
# non-measurement records omitted in creating this merged data file
#
wavelength      reflectance     error
2.5360000e-001  6.0874362e-002  1.4657050e-003
2.5860000e-001  6.1360549e-002  1.4395501e-003
2.6359999e-001  6.0089841e-002  1.4285027e-003
2.6859999e-001  6.0109612e-002  1.4373744e-003
2.7309999e-001  5.9500851e-002  1.4622301e-003
2.7710000e-001  6.0434911e-002  1.4859661e-003
2.8109998e-001  6.1493244e-002  1.5079608e-003
2.8509998e-001  5.8987230e-002  1.5528096e-003
2.8909999e-001  6.2717870e-002  1.6014269e-003
2.9310000e-001  6.5627828e-002  1.6476676e-003
2.9710001e-001  6.5489449e-002  1.6931861e-003
3.0109999e-001  6.2514357e-002  1.7412319e-003
3.0509999e-001  6.1415639e-002  1.7802101e-003
3.0910000e-001  6.7768298e-002  1.8127930e-003
3.1309998e-001  6.8208776e-002  1.8243116e-003
3.1709999e-001  6.8916008e-002  1.8342230e-003
3.2110000e-001  7.0552982e-002  1.8398771e-003
3.2510000e-001  7.3704213e-002  1.8597849e-003
3.2910001e-001  7.6291412e-002  1.8494771e-003
3.3309999e-001  7.9359218e-002  1.8595731e-003
3.3710000e-001  8.5933410e-002  1.8547705e-003
3.4109998e-001  9.2176095e-002  1.8536884e-003
3.4509999e-001  9.6414462e-002  1.8313051e-003
3.4909999e-001  1.0601971e-001  1.8574432e-003
3.5310000e-001  1.1467177e-001  1.0703520e-003
3.5710001e-001  1.2273251e-001  6.9847971e-004
3.6060002e-001  1.3087040e-001  6.4082874e-004
3.6360002e-001  1.3648853e-001  7.5465883e-004
3.6660004e-001  1.4160496e-001  1.1302204e-003
3.6960003e-001  1.4639004e-001  7.3350646e-004
3.7260002e-001  1.5184796e-001  7.3706906e-004
3.7560001e-001  1.5630175e-001  9.5811911e-004
3.7860000e-001  1.6158788e-001  8.7988912e-004
3.8109997e-001  1.6615836e-001  9.9183258e-004
3.8309997e-001  1.6668624e-001  1.1444032e-003
3.8509998e-001  1.6967240e-001  9.5845829e-004
3.8709998e-001  1.7212397e-001  1.0702637e-003
3.8909999e-001  1.7565137e-001  1.0361942e-003
3.9109999e-001  1.7767452e-001  9.0552634e-004
3.9309999e-001  1.8123449e-001  7.1274547e-004
3.9510000e-001  1.8321086e-001  4.8985548e-004
3.9710000e-001  1.8630263e-001  6.7225791e-004
3.9910001e-001  1.8826887e-001  6.3521211e-004
4.0109998e-001  1.8647324e-001  7.7954592e-004
4.0309998e-001  1.8343158e-001  8.1337267e-004
4.0509999e-001  1.9263354e-001  7.2307629e-004
4.0709999e-001  1.8434691e-001  6.8807323e-004
4.0910000e-001  1.8548360e-001  7.5857760e-004
4.1109997e-001  2.0850265e-001  1.4914294e-003
4.1280001e-001  2.1186899e-001  9.5337600e-004
4.1580001e-001  2.1406034e-001  4.9970817e-004
4.1880000e-001  2.1733674e-001  1.6519995e-003
4.2180002e-001  2.1852411e-001  6.0052995e-004
4.2480004e-001  2.1876645e-001  6.8793102e-004
4.2780003e-001  2.2158515e-001  4.6046762e-004
4.3080002e-001  2.2328635e-001  5.9892703e-004
4.3380001e-001  2.2298411e-001  6.8591320e-004
4.3680003e-001  2.2408372e-001  6.5488886e-004
4.3980002e-001  2.2462773e-001  7.9700380e-004
4.4280002e-001  2.2372758e-001  6.4466579e-004
4.4580001e-001  2.2216725e-001  9.0100907e-004
4.4880000e-001  2.2412951e-001  9.6237677e-004
4.5130000e-001  2.2561023e-001  1.7680497e-003
4.5330000e-001  2.2446610e-001  1.0109761e-003
4.5530000e-001  2.2681886e-001  7.8705442e-004
4.5730001e-001  2.2917557e-001  9.5120526e-004
4.5930001e-001  2.3029070e-001  1.0359036e-003
4.6129999e-001  2.3128372e-001  1.1916073e-003
4.6329999e-001  2.3588067e-001  1.0293776e-003
4.6529999e-001  2.3797615e-001  7.3442014e-004
4.6730000e-001  2.3884964e-001  8.7408931e-004
4.6930000e-001  2.4139476e-001  1.7267431e-003
4.7129998e-001  2.4203011e-001  1.2557857e-003
4.7329998e-001  2.4599144e-001  1.0004729e-003
4.7529998e-001  2.4970101e-001  1.1541808e-003
4.7729999e-001  2.5232461e-001  1.2232589e-003
4.7929999e-001  2.5765157e-001  7.6275598e-004
4.8130000e-001  2.6177788e-001  8.0977927e-004
4.8330000e-001  2.6570484e-001  8.5815293e-004
4.8530000e-001  2.6547888e-001  1.1957781e-003
4.8730001e-001  2.6830292e-001  8.4449683e-004
4.8930001e-001  2.7121043e-001  1.7450609e-003
4.9129999e-001  2.7404752e-001  1.1787927e-003
4.9329999e-001  2.7755570e-001  9.3380112e-004
4.9529999e-001  2.8016242e-001  8.3781639e-004
4.9730000e-001  2.8553382e-001  9.5569680e-004
4.9930000e-001  2.9334399e-001  9.3502837e-004
5.0129998e-001  3.0075833e-001  9.1780338e-004
5.0330001e-001  3.0648693e-001  9.9208660e-004
5.0529999e-001  3.1244805e-001  9.8402018e-004
5.0730002e-001  3.2116500e-001  7.9251966e-004
5.0929999e-001  3.2558015e-001  8.5779332e-004
5.1129997e-001  3.3103889e-001  1.0836818e-003
5.1330000e-001  3.3475077e-001  1.2076513e-003
5.1529998e-001  3.3776656e-001  1.1655235e-003
5.1730001e-001  3.4269929e-001  9.6984691e-004
5.1929998e-001  3.4841293e-001  7.9260819e-004
5.2129996e-001  3.4989396e-001  1.2918109e-003
5.2329999e-001  3.5472888e-001  9.5515518e-004
5.2529997e-001  3.6008558e-001  8.7542349e-004
5.2730000e-001  3.6377850e-001  8.1732380e-004
5.2929997e-001  3.6608714e-001  1.1532428e-003
5.3129995e-001  3.7242791e-001  4.5617236e-004
5.3329998e-001  3.7687448e-001  8.8286342e-004
5.3529996e-001  3.7997869e-001  8.3219662e-004
5.3729999e-001  3.8661897e-001  1.2936108e-003
5.3929996e-001  3.8723475e-001  1.3053798e-003
5.4130000e-001  3.9302224e-001  6.0875254e-004
5.4330003e-001  3.9703146e-001  8.1621797e-004
5.4530001e-001  3.9904886e-001  9.1347238e-004
5.4730004e-001  4.0375373e-001  9.4600342e-004
5.4930001e-001  4.0584782e-001  7.9785316e-004
5.5129999e-001  4.0892369e-001  9.6743979e-004
5.5330002e-001  4.1037688e-001  9.3594007e-004
5.5530000e-001  4.1260698e-001  8.5328327e-004
5.5730003e-001  4.1426003e-001  1.1562547e-003
5.5930001e-001  4.1429108e-001  8.9031603e-004
5.6129998e-001  4.1728491e-001  8.6567266e-004
5.6330001e-001  4.1695943e-001  5.7564629e-004
5.6529999e-001  4.1599697e-001  8.5171394e-004
5.6730002e-001  4.1629136e-001  1.0929374e-003
5.6930000e-001  4.1505051e-001  7.5769721e-004
5.7129997e-001  4.1469070e-001  7.8681327e-004
5.7330000e-001  4.1514760e-001  1.0327346e-003
5.7529998e-001  4.1576499e-001  1.0775083e-003
5.7730001e-001  4.1319531e-001  1.1789778e-003
5.7929999e-001  4.1294152e-001  1.3556046e-003
5.8129996e-001  4.1011357e-001  9.6936582e-004
5.8329999e-001  4.0986040e-001  1.0640565e-003
5.8529997e-001  4.1037083e-001  1.0421689e-003
5.8730000e-001  4.0771222e-001  9.0789329e-004
5.8929998e-001  4.0421134e-001  1.2642267e-003
5.9130001e-001  4.0459991e-001  1.2852947e-003
5.9330004e-001  4.0388200e-001  1.1266147e-003
5.9530002e-001  4.0158617e-001  9.8773371e-004
5.9730005e-001  4.0012690e-001  1.0728462e-003
5.9930003e-001  3.9760453e-001  9.4822492e-004
6.0110003e-001  3.9634162e-001  1.7456277e-003
6.0270000e-001  3.9448351e-001  1.0620533e-003
6.0430002e-001  3.9128396e-001  1.0294530e-003
6.0589999e-001  3.9069718e-001  9.8054379e-004
6.0750008e-001  3.8926998e-001  1.0578317e-003
6.0910004e-001  3.8792744e-001  8.6240412e-004
6.1070001e-001  3.8632357e-001  9.3177415e-004
6.1229998e-001  3.8423091e-001  6.4351677e-004
6.1390001e-001  3.8312951e-001  6.7104999e-004
6.1550003e-001  3.7952697e-001  8.0960017e-004
6.1710006e-001  3.7489644e-001  7.6059462e-004
6.1870003e-001  3.7429053e-001  7.5487589e-004
6.2029999e-001  3.7131944e-001  1.2922549e-003
6.2189996e-001  3.6855087e-001  9.8012690e-004
6.2350005e-001  3.6703059e-001  9.4986899e-004
6.2510002e-001  3.6618069e-001  1.1378952e-003
6.2669998e-001  3.6128047e-001  1.3769265e-003
6.2830001e-001  3.6138529e-001  8.9450850e-004
6.2989998e-001  3.5976747e-001  7.8616571e-004
6.3169998e-001  3.5755959e-001  9.2293078e-004
6.3370001e-001  3.5425958e-001  8.6656213e-004
6.3569999e-001  3.5339606e-001  1.2393950e-003
6.3770002e-001  3.5337555e-001  6.9946441e-004
6.3970000e-001  3.5287315e-001  1.1081323e-003
6.4170003e-001  3.5368899e-001  8.8849699e-004
6.4370006e-001  3.5238466e-001  1.4515844e-003
6.4570004e-001  3.5089883e-001  1.1146717e-003
6.4770007e-001  3.5052884e-001  1.5610403e-003
6.4970005e-001  3.4986579e-001  8.8328659e-004
6.5170002e-001  3.5134855e-001  8.5800723e-004
6.5370005e-001  3.5084710e-001  1.1484172e-003
6.5570003e-001  3.5106382e-001  1.0846984e-003
6.5770006e-001  3.5029396e-001  1.5291834e-003
6.5970004e-001  3.4995928e-001  1.4210916e-003
6.6170001e-001  3.5154840e-001  1.3513220e-003
6.6370004e-001  3.5104653e-001  1.4392642e-003
6.6570002e-001  3.5241956e-001  1.6013265e-003
6.6770005e-001  3.5088032e-001  1.0844441e-003
6.7019999e-001  3.5183233e-001  1.1094880e-003
6.7320001e-001  3.5278392e-001  1.0346749e-003
6.7619997e-001  3.5553947e-001  9.4832567e-004
6.7919999e-001  3.5659939e-001  1.2332823e-003
6.8219995e-001  3.5649806e-001  1.0501053e-003
6.8519998e-001  3.5251760e-001  1.3652118e-003
6.8820000e-001  3.4932578e-001  1.2210571e-003
6.9120002e-001  3.4747899e-001  8.5349591e-004
6.9420004e-001  3.4359974e-001  9.4553642e-004
6.9720006e-001  3.4486896e-001  1.1716954e-003
7.0019996e-001  3.4324858e-001  1.3303794e-003
7.0199996e-001  3.4449881e-001  9.3211955e-004
7.0400000e-001  3.4275430e-001  1.1364175e-003
7.0599997e-001  3.4269068e-001  1.1963882e-003
7.0800000e-001  3.4100524e-001  1.3776318e-003
7.0999998e-001  3.3936599e-001  1.1078530e-003
7.1199995e-001  3.3805868e-001  8.7792159e-004
7.1399999e-001  3.3744627e-001  1.3347983e-003
7.1599996e-001  3.3863786e-001  1.0831143e-003
7.1799999e-001  3.3713192e-001  1.0377694e-003
7.1999997e-001  3.3659208e-001  1.4518918e-003
7.2199994e-001  3.3345428e-001  1.3612435e-003
7.2399998e-001  3.3368105e-001  1.4151494e-003
7.2599995e-001  3.3323064e-001  1.1819566e-003
7.2799999e-001  3.3013305e-001  1.6720480e-003
7.2999996e-001  3.2937798e-001  1.3986559e-003
7.3199993e-001  3.2823831e-001  1.5027552e-003
7.3399997e-001  3.2645023e-001  1.3439266e-003
7.3599994e-001  3.2474369e-001  1.3683368e-003
7.3799998e-001  3.2200888e-001  1.3326167e-003
7.4000001e-001  3.2059887e-001  1.7618680e-003
7.4199998e-001  3.2169238e-001  1.7553919e-003
7.4400002e-001  3.1662422e-001  1.7876441e-003
7.4599999e-001  3.1459987e-001  1.7891162e-003
7.4800003e-001  3.1098154e-001  2.7925475e-003
7.5050002e-001  3.0757505e-001  2.5880001e-003
7.5350004e-001  3.0382165e-001  7.3282298e-004
7.5650001e-001  3.0125818e-001  7.5379945e-004
7.5950003e-001  2.9649863e-001  9.2833565e-004
7.6249999e-001  2.9395822e-001  1.7485439e-003
7.6550001e-001  2.8907967e-001  5.8967056e-004
7.6850003e-001  2.8481719e-001  8.0326915e-004
7.7149999e-001  2.8229502e-001  8.9267304e-004
7.7450001e-001  2.7649885e-001  9.0774067e-004
7.7750003e-001  2.7329269e-001  7.7997288e-004
7.8099996e-001  2.6730603e-001  1.0300630e-003
7.8499997e-001  2.6122546e-001  9.2250953e-004
7.8899997e-001  2.5912812e-001  7.4859284e-004
7.9299998e-001  2.5228900e-001  1.6234845e-003
7.9699999e-001  2.4926399e-001  7.9897902e-004
8.0150002e-001  2.4378462e-001  7.7670009e-004
8.0650002e-001  2.3855515e-001  1.7336670e-003
8.1150001e-001  2.3304628e-001  7.1286492e-004
8.1650001e-001  2.3007938e-001  1.0411264e-003
8.2199997e-001  2.2406118e-001  6.7526061e-004
8.2800001e-001  2.1986990e-001  9.1351417e-004
8.3499998e-001  2.1541689e-001  7.3943392e-004
8.4300005e-001  2.0946677e-001  1.4540001e-003
8.5100001e-001  2.1012811e-001  1.8514387e-003
8.5900003e-001  2.0518050e-001  1.4817130e-003
8.7099999e-001  1.9743270e-001  1.4636900e-003
8.8300002e-001  1.9034617e-001  1.0413104e-003
8.9399999e-001  1.8343069e-001  1.1804816e-003
9.0399998e-001  1.7819992e-001  9.8172878e-004
9.1399997e-001  1.7172401e-001  7.9400162e-004
9.2399997e-001  1.6289426e-001  9.1474690e-004
9.3299997e-001  1.5455192e-001  1.1264961e-003
9.4099998e-001  1.4934956e-001  9.0116588e-004
9.4900000e-001  1.4136486e-001  1.1099667e-003
9.5700002e-001  1.3446362e-001  7.9777557e-004
9.6399999e-001  1.3020748e-001  7.2539825e-004
9.6999997e-001  1.2445401e-001  8.2112383e-004
9.7599995e-001  1.1976970e-001  1.0238431e-003
9.8199993e-001  1.1580820e-001  8.0490881e-004
9.8799998e-001  1.1219923e-001  7.4237364e-004
9.9400002e-001  1.0850209e-001  8.0950186e-004
1.0000000e+000  1.0415056e-001  9.7783341e-004
1.0060000e+000  1.0211848e-001  7.5709872e-004
1.0120000e+000  9.8314025e-002  5.5975863e-004
1.0180000e+000  9.7360894e-002  6.1546615e-004
1.0235000e+000  9.5460929e-002  1.0127296e-003
1.0285000e+000  9.4054721e-002  9.2581508e-004
1.0335000e+000  9.2116535e-002  1.1221779e-003
1.0385000e+000  9.1851868e-002  1.0035443e-003
1.0434999e+000  9.1642611e-002  7.5860485e-004
1.0484999e+000  9.0931855e-002  6.9741230e-004
1.0534999e+000  8.9894593e-002  7.0307800e-004
1.0584999e+000  8.8686161e-002  1.0031362e-003
1.0634999e+000  8.9607932e-002  9.1947988e-004
1.0684999e+000  8.9688905e-002  6.0539279e-004
1.0735000e+000  9.0099685e-002  6.8655680e-004
1.0785000e+000  9.1604695e-002  7.9489924e-004
1.0835000e+000  9.2565410e-002  7.2048174e-004
1.0885000e+000  9.3114384e-002  1.0025518e-003
1.0935000e+000  9.5092259e-002  7.6054956e-004
1.0985000e+000  9.6365407e-002  7.1183569e-004
1.1035000e+000  9.6142314e-002  8.6738594e-004
1.1085000e+000  9.9675052e-002  7.2655309e-004
1.1135000e+000  1.0031146e-001  8.0893235e-004
1.1185000e+000  1.0235213e-001  7.0727716e-004
1.1235000e+000  1.0334676e-001  9.8947738e-004
1.1285000e+000  1.0648610e-001  7.6880079e-004
1.1335000e+000  1.0664769e-001  7.9469959e-004
1.1385000e+000  1.0950933e-001  1.0585899e-003
1.1435000e+000  1.1030073e-001  8.7362685e-004
1.1485000e+000  1.1241072e-001  8.2505163e-004
1.1535000e+000  1.1402096e-001  7.4856926e-004
1.1585000e+000  1.1604049e-001  8.4279460e-004
1.1635000e+000  1.1676804e-001  7.1279920e-004
1.1684999e+000  1.1756969e-001  1.1510992e-003
1.1735001e+000  1.1972792e-001  1.7542647e-003
1.1785001e+000  1.2110831e-001  8.6634461e-004
1.1835001e+000  1.2177742e-001  8.3283166e-004
1.1885000e+000  1.2300348e-001  1.0284144e-003
1.1935000e+000  1.2394367e-001  7.6321961e-004
1.1985000e+000  1.2446649e-001  8.7941979e-004
1.2035000e+000  1.2572800e-001  1.0322346e-003
1.2085000e+000  1.2756120e-001  7.7267166e-004
1.2135000e+000  1.2759300e-001  9.3395007e-004
1.2185000e+000  1.2819590e-001  6.3543400e-004
1.2235000e+000  1.2958856e-001  6.6861819e-004
1.2285000e+000  1.3133962e-001  8.3299947e-004
1.2335000e+000  1.3258223e-001  8.4118819e-004
1.2385000e+000  1.3370027e-001  6.5954699e-004
1.2435000e+000  1.3357872e-001  6.4893620e-004
1.2485000e+000  1.3572773e-001  5.4959295e-004
1.2535000e+000  1.3642035e-001  9.2057092e-004
1.2585000e+000  1.3853826e-001  7.7082345e-004
1.2635000e+000  1.3981420e-001  1.0369549e-003
1.2685000e+000  1.4175741e-001  7.4753060e-004
1.2735001e+000  1.4289489e-001  7.5263937e-004
1.2785001e+000  1.4609252e-001  7.4534706e-004
1.2835001e+000  1.4677660e-001  7.8444579e-004
1.2885001e+000  1.4916137e-001  6.4579467e-004
1.2935001e+000  1.5154572e-001  6.4137310e-004
1.2985001e+000  1.5462925e-001  7.6875230e-004
1.3034999e+000  1.5596898e-001  6.1941351e-004
1.3084999e+000  1.5926680e-001  7.3056191e-004
1.3134999e+000  1.6049592e-001  7.1651739e-004
1.3184999e+000  1.6335802e-001  7.4210664e-004
1.3234999e+000  1.6608600e-001  7.4155000e-004
1.3284999e+000  1.6925910e-001  7.5810170e-004
1.3334999e+000  1.7327721e-001  5.7174370e-004
1.3384999e+000  1.7623769e-001  6.1540882e-004
1.3434999e+000  1.7937437e-001  8.7266247e-004
1.3484999e+000  1.8233660e-001  7.7289453e-004
1.3534999e+000  1.8732697e-001  7.7006355e-004
1.3584999e+000  1.9111362e-001  7.5724314e-004
1.3634999e+000  1.9617878e-001  1.4912792e-003
1.3684999e+000  1.9889265e-001  9.3696965e-004
1.3735000e+000  2.0368312e-001  9.1924187e-004
1.3785000e+000  2.0685653e-001  1.0456349e-003
1.3835000e+000  2.1118702e-001  1.0372759e-003
1.3885000e+000  2.1678446e-001  1.0086953e-003
1.3935000e+000  2.2164288e-001  9.0804521e-004
1.3985000e+000  2.2581081e-001  9.9650887e-004
1.4035000e+000  2.3239823e-001  9.3968102e-004
1.4085000e+000  2.3769504e-001  7.8608899e-004
1.4135000e+000  2.4287105e-001  7.3467148e-004
1.4184999e+000  2.4979545e-001  9.9613541e-004
1.4234999e+000  2.5648534e-001  7.8789907e-004
1.4284999e+000  2.6191273e-001  6.4551481e-004
1.4334999e+000  2.6687655e-001  9.0571668e-004
1.4384999e+000  2.7358791e-001  8.4592996e-004
1.4434999e+000  2.8078949e-001  9.5946528e-004
1.4484999e+000  2.8728852e-001  1.0320190e-003
1.4534999e+000  2.9320735e-001  8.8408065e-004
1.4584999e+000  2.9884881e-001  8.9857104e-004
1.4634999e+000  3.0612800e-001  1.1823493e-003
1.4684999e+000  3.1392434e-001  9.4532920e-004
1.4735000e+000  3.2025960e-001  8.4801600e-004
1.4785000e+000  3.2778999e-001  1.0259233e-003
1.4835000e+000  3.3296236e-001  1.0518659e-003
1.4885000e+000  3.4248522e-001  7.2578009e-004
1.4935000e+000  3.5159916e-001  8.8129455e-004
1.4985000e+000  3.5725006e-001  1.2269862e-003
1.5035000e+000  3.6339405e-001  8.5671403e-004
1.5085000e+000  3.7029409e-001  1.1601290e-003
1.5135000e+000  3.7938699e-001  1.1259026e-003
1.5185000e+000  3.8649431e-001  7.9266465e-004
1.5235000e+000  3.9495400e-001  9.2814473e-004
1.5285000e+000  4.0234625e-001  1.0087189e-003
1.5339999e+000  4.1242528e-001  1.6687039e-003
1.5400000e+000  4.1958219e-001  8.1047427e-004
1.5460000e+000  4.2835611e-001  8.8454981e-004
1.5519999e+000  4.3785447e-001  9.6311129e-004
1.5580000e+000  4.4586527e-001  9.5899811e-004
1.5639999e+000  4.5503715e-001  8.7358040e-004
1.5705000e+000  4.6464285e-001  6.9802348e-004
1.5775000e+000  4.7382361e-001  8.6800143e-004
1.5845000e+000  4.8451003e-001  9.0971217e-004
1.5915000e+000  4.9538815e-001  7.7183923e-004
1.5985000e+000  5.0245565e-001  1.0162516e-003
1.6055000e+000  5.1016510e-001  7.1398204e-004
1.6125000e+000  5.1783514e-001  8.1622793e-004
1.6194999e+000  5.2659142e-001  7.8074500e-004
1.6265000e+000  5.3400749e-001  1.7769111e-003
1.6335000e+000  5.4166055e-001  1.1028736e-003
1.6404999e+000  5.4892683e-001  1.0311771e-003
1.6474999e+000  5.5550611e-001  9.8450831e-004
1.6544999e+000  5.6390458e-001  1.0948811e-003
1.6615000e+000  5.6667668e-001  9.5862965e-004
1.6684999e+000  5.7318228e-001  8.8503689e-004
1.6760001e+000  5.7800347e-001  1.0122493e-003
1.6840000e+000  5.8354408e-001  1.2396128e-003
1.6920000e+000  5.9159803e-001  1.9175056e-003
1.7000000e+000  5.9409136e-001  1.3322324e-003
1.7080001e+000  5.9815919e-001  1.1392825e-003
1.7160001e+000  6.0214078e-001  1.1303177e-003
1.7240000e+000  6.0708636e-001  8.8575023e-004
1.7320000e+000  6.0874057e-001  1.4408584e-003
1.7400000e+000  6.1310226e-001  1.8161065e-003
1.7480000e+000  6.1547351e-001  1.6095706e-003
1.7560000e+000  6.1776203e-001  1.3456764e-003
1.7639999e+000  6.1900985e-001  1.2833138e-003
1.7720001e+000  6.1890262e-001  1.4785014e-003
1.7800001e+000  6.2085682e-001  1.1857568e-003
1.7880001e+000  6.2530559e-001  1.2512601e-003
1.7960001e+000  6.2510544e-001  1.4818046e-003
1.8049999e+000  6.2585914e-001  1.0000459e-003
1.8149999e+000  6.2605256e-001  9.6701115e-004
1.8249999e+000  6.2971830e-001  1.0142826e-003
1.8349999e+000  6.2784219e-001  8.5257023e-004
1.8449999e+000  6.2911099e-001  1.2169699e-003
1.8549999e+000  6.2676549e-001  1.3208466e-003
1.8649999e+000  6.3143939e-001  1.2249126e-003
1.8750000e+000  6.3162065e-001  9.8355359e-004
1.8850000e+000  6.2871331e-001  1.1930773e-003
1.8950000e+000  6.2992495e-001  1.2862280e-003
1.9050000e+000  6.2884551e-001  1.2289530e-003
1.9150000e+000  6.2908953e-001  1.5737271e-003
1.9250000e+000  6.3040704e-001  1.2396344e-003
1.9349999e+000  6.3025624e-001  1.3621586e-003
1.9449999e+000  6.3081074e-001  1.2811839e-003
1.9549999e+000  6.2891346e-001  1.2936573e-003
1.9649999e+000  6.3334376e-001  1.5085965e-003
1.9750000e+000  6.3174140e-001  1.4151514e-003
1.9850000e+000  6.3589203e-001  1.3665073e-003
1.9950000e+000  6.3224965e-001  1.1868164e-003
2.0050001e+000  6.3442820e-001  1.5753234e-003
2.0150001e+000  6.3474554e-001  1.3018518e-003
2.0250001e+000  6.3991141e-001  1.3043785e-003
2.0350001e+000  6.3516313e-001  1.8982374e-003
2.0450001e+000  6.3741362e-001  1.5780121e-003
2.0550001e+000  6.3953304e-001  1.9603872e-003
2.0650001e+000  6.3733375e-001  1.9336796e-003
2.0750000e+000  6.4141244e-001  1.9628936e-003
2.0850000e+000  6.4183521e-001  1.8483748e-003
2.0950000e+000  6.4133114e-001  1.6528518e-003
2.1050000e+000  6.4359075e-001  1.7790030e-003
2.1150000e+000  6.4396018e-001  1.9441569e-003
2.1250000e+000  6.4702272e-001  1.9172530e-003
2.1350000e+000  6.4547837e-001  1.9852612e-003
2.1450000e+000  6.4504737e-001  1.8722127e-003
2.1550000e+000  6.4161772e-001  1.6695757e-003
2.1650000e+000  6.4461386e-001  1.5968040e-003
2.1750000e+000  6.4039075e-001  1.3322859e-003
2.1849999e+000  6.4472091e-001  1.8431138e-003
2.1949999e+000  6.3973153e-001  1.9842400e-003
2.2050002e+000  6.3942093e-001  1.9788821e-003
2.2150002e+000  6.4357978e-001  2.0106609e-003
2.2250001e+000  6.4216310e-001  1.9969917e-003
2.2350001e+000  6.4056897e-001  1.9974555e-003
2.2450001e+000  6.4129400e-001  2.0084106e-003
2.2550001e+000  6.4179248e-001  2.0141341e-003
2.2650001e+000  6.4485162e-001  2.0160668e-003
2.2750001e+000  6.4113533e-001  2.0120700e-003
2.2850001e+000  6.4090067e-001  2.0187697e-003
2.2950001e+000  6.4426148e-001  2.4690770e-003
2.3050001e+000  6.4206910e-001  2.3127990e-003
2.3150001e+000  6.4534545e-001  2.0158060e-003
2.3250000e+000  6.4860600e-001  1.9954150e-003
2.3350000e+000  6.4973021e-001  1.9796358e-003
2.3450000e+000  6.4935666e-001  1.5575364e-003
2.3550000e+000  6.5471816e-001  1.9635272e-003
2.3650000e+000  6.5391201e-001  1.8985629e-003
2.3750000e+000  6.5060264e-001  1.9810775e-003
2.3859999e+000  6.5052384e-001  1.3623269e-003
2.4000001e+000  6.5032822e-001  1.1942632e-003
2.4180000e+000  6.5359151e-001  1.0241955e-003
2.4400001e+000  6.5532923e-001  1.4333859e-003
2.4660001e+000  6.5381086e-001  1.1047949e-003
2.4960001e+000  6.5638334e-001  1.1975595e-003
2.5279999e+000  6.5717435e-001  1.0921649e-003
2.5599999e+000  6.5587962e-001  1.5411028e-003
2.5920000e+000  6.5243936e-001  1.9020588e-003
2.6239998e+000  6.5273929e-001  1.8884256e-003
2.6559999e+000  6.5225846e-001  1.8514962e-003
2.6879997e+000  6.4041680e-001  2.6973647e-003
