READ SERR 1 2
@0790380501/analysis/pnspec.pco
!
0.33801949 7.85548985E-3 2.13115271E-2 8.30145727E-4 2.03351323E-2 1.73131395E-2 3.02199181E-3 6.2876893E-6 4.34041815E-3 1.10893347E-3 7.58829402E-21 1.29157619E-4 8.2328479E-6 6.96564439E-6 3.0944463E-7 1.94302729E-7 4.38077189E-3 2.34785373E-3   4.20339219E-3 7.80623523E-4
0.353714496 7.8395009E-3 1.88481156E-2 7.45775411E-4 1.94201767E-2 1.66842211E-2 2.73595727E-3 6.10551979E-6 4.09085909E-3 1.25122804E-3 7.3700589E-21 1.29674401E-4 9.02584907E-6 6.91558171E-6 3.00654477E-7 1.886647E-7 4.03996883E-3 2.34101061E-3  4.01572371E-3 7.93218787E-4
0.369376481 7.82249868E-3 1.86886471E-2 7.05360144E-4 1.81571227E-2 1.56707298E-2 2.48639332E-3 5.93202503E-6 3.45192966E-3 1.47017348E-3 7.2046567E-21 1.27822976E-4 1.01701635E-5 7.02800935E-6 2.92733517E-7 1.83294105E-7 3.67331691E-3 2.32693274E-3  3.79885035E-3 7.98097346E-4
0.385004491 7.80549645E-3 1.63674802E-2 6.43955835E-4 1.67311877E-2 1.44625995E-2 2.26858817E-3 5.76933735E-6 2.5677674E-3 1.77942612E-3 7.14229423E-21 1.24811369E-4 1.15439852E-5 7.38386734E-6 2.86320756E-7 1.78258745E-7 3.28836683E-3 2.30567227E-3  3.57542234E-3 7.95971893E-4
0.40319097 1.03809983E-2 1.4935717E-2 5.23926632E-4 1.52208265E-2 1.31725119E-2 2.04831432E-3 5.59124146E-6 1.53774628E-3 2.2207154E-3 7.26870342E-21 1.20960904E-4 1.31453835E-5 8.20157948E-6 2.82333389E-7 1.727457E-7 2.86003528E-3 2.27275467E-3  3.34425573E-3 7.88650825E-4
0.423921496 1.03495121E-2 1.36277629E-2 4.89413796E-4 1.39146941E-2 1.20831486E-2 1.83154515E-3 5.40070914E-6 6.81549776E-4 2.64721084E-3 7.7758443E-21 1.17251235E-4 1.45740823E-5 9.62053309E-6 2.86081274E-7 1.66846775E-7 2.43890332E-3 2.22692708E-3  3.16033931E-3 7.80919218E-4
0.444589496 1.03184879E-2 1.25826271E-2 4.62141674E-4 1.29217925E-2 1.12734726E-2 1.6483193E-3 5.22954042E-6 2.40317037E-4 2.70343502E-3 8.9356121E-21 1.15649847E-4 1.53521414E-5 1.13246797E-5 3.05741167E-7 1.61553032E-7 2.11955491E-3 2.1729758E-3  3.11057735E-3 7.78589107E-4
0.465195477 1.02875084E-2 1.1955644E-2 4.44527861E-4 1.20821567E-2 1.05859656E-2 1.49619172E-3 5.08923767E-6 7.01897661E-5 2.25412636E-3 1.13809389E-20 1.17865493E-4 1.55828402E-5 1.29214304E-5 3.48253366E-7 1.57210422E-7 1.95580698E-3 2.10908731E-3  3.26310331E-3 7.81687151E-4
0.485738993 1.02559924E-2 1.18917692E-2 4.36952076E-4 1.16153937E-2 1.02434922E-2 1.37190137E-3 4.98668487E-6 1.82290005E-5 1.50017801E-3 1.63392938E-20 1.26025581E-4 1.55227463E-5 1.41008386E-5 4.1426128E-7 1.54046845E-7 2.03003059E-3 2.031788E-3  3.71498964E-3 7.87073106E-4
0.506219983 1.0224998E-2 1.15137072E-2 4.26510844E-4 1.19080748E-2 1.0639214E-2 1.26886007E-3 4.91391756E-6 4.4183721E-6 7.91396655E-4 2.51754035E-20 1.4351659E-4 1.53657038E-5 1.47738128E-5 4.93678272E-7 1.51833262E-7 2.38807709E-3 1.93902291E-3  4.54399455E-3 7.93089101E-4
0.524093986 7.64900446E-3 1.27077466E-2 5.07330929E-4 1.27822766E-2 1.15934089E-2 1.18886726E-3 4.8562415E-6 1.18104504E-6 3.71318776E-4 3.58022704E-20 1.71804131E-4 1.519955E-5 1.4998297E-5 5.59850662E-7 1.50151308E-7 2.86533381E-3 1.84818311E-3  5.49870636E-3 8.01117742E-4
0.539374471 7.6315105E-3 1.32331839E-2 5.13002509E-4 1.36362221E-2 1.2512926E-2 1.12329586E-3 4.79492201E-6 3.72946886E-7 1.72092317E-4 4.50115629E-20 2.15069333E-4 1.50318438E-5 1.49634789E-5 6.03594856E-7 1.48465631E-7 3.24640656E-3 1.76840893E-3  6.26124907E-3 8.13784427E-4
0.554620504 7.61449337E-3 1.40455756E-2 5.17818262E-4 1.40800821E-2 1.30221471E-2 1.05793495E-3 4.71276644E-6 5.25952366E-8 7.23735138E-5 5.10649935E-20 2.89415824E-4 1.48460913E-5 1.47706905E-5 6.30636237E-7 1.46379961E-7 3.41830472E-3 1.69308169E-3  6.677208E-3 8.36604566E-4
0.569832504 7.59750605E-3 1.44665008E-2 5.15693042E-4 1.37966042E-2 1.28038824E-2 9.92721994E-4 4.60953879E-6 0 2.83918835E-5 5.13256878E-20 4.12281079E-4 1.46764369E-5 1.44670157E-5 6.4108508E-7 1.44114495E-7 3.26484069E-3 1.62673055E-3 6.55959174E-3  8.77508544E-4
0.585011482 7.5815022E-3 1.2748261E-2 4.83382231E-4 1.28483903E-2 1.19193187E-2 9.29071452E-4 4.49166737E-6 0 1.06392263E-5 4.53321504E-20 5.97888546E-4 1.45834283E-5 1.41048913E-5 6.38670372E-7 1.42302241E-7 2.80481949E-3 1.57059834E-3 5.95368026E-3  9.47731896E-4
0.600157976 7.56499171E-3 1.17325755E-2 4.55564965E-4 1.16177229E-2 1.07488809E-2 8.68842064E-4 4.36971141E-6 0 3.86189276E-6 3.51128573E-20 8.41964153E-4 1.46109205E-5 1.37377729E-5 6.2831856E-7 1.41956221E-7 2.18064198E-3 1.52320089E-3 5.10914763E-3  1.05657568E-3
0.615272522 7.54952431E-3 1.08704818E-2 4.3440421E-4 1.05170393E-2 9.70367528E-3 8.13363236E-4 4.25282042E-6 0 1.3550773E-6 2.39059139E-20 1.10728934E-3 1.48560512E-5 1.34136144E-5 6.14283238E-7 1.44368798E-7 1.56889576E-3 1.48174725E-3 4.30751406E-3  1.20359322E-3
0.632863045 1.00409687E-2 9.32151731E-3 3.47590132E-4 9.6246358E-3 8.86922795E-3 7.55407906E-4 4.13266253E-6 0 3.9265916E-7 1.31771366E-20 1.34596275E-3 1.54992758E-5 1.31469305E-5 5.96936047E-7 1.52731431E-7 1.029148E-3 1.43744983E-3 3.61469411E-3  1.40805228E-3
0.652918994 1.00150108E-2 8.68056528E-3 3.29852075E-4 8.87895282E-3 8.18177499E-3 6.97177835E-4 4.02543355E-6 0 5.69754768E-8 5.54019967E-21 1.39930262E-3 1.68596525E-5 1.30444841E-5 5.78448009E-7 1.71275502E-7 6.57318742E-4 1.38878997E-3 3.03951721E-3  1.66210986E-3
0.672922492 9.98851657E-3 8.20198748E-3 3.16447025E-4 8.08451045E-3 7.43807759E-3 6.46432512E-4 3.96817177E-6 0 0 1.98963595E-21 1.17508019E-3 1.93610176E-5 1.32154782E-5 5.62782191E-7 1.99897173E-7 4.58409457E-4 1.34058716E-3 2.4833316E-3 1.94336206E-3
0.695361972 1.24509633E-2 7.48556014E-3 2.68134172E-4 7.10075302E-3 6.50397362E-3 5.96779166E-4 4.01149236E-6 0 0 5.71948037E-22 7.46617618E-4 2.52322607E-5 1.38033738E-5 5.50155391E-7 2.39860498E-7 3.19879851E-4 1.28641841E-3 1.81405153E-3 2.29316927E-3
0.720227003 1.24140084E-2 6.55474607E-3 2.4863446E-4 6.1679869E-3 5.61909052E-3 5.48896322E-4 4.29093916E-6 0 0 1.27024175E-22 3.34210374E-4 4.10913453E-5 1.51213044E-5 5.44992815E-7 2.82982654E-7 2.07843725E-4 1.22710643E-3 1.19342655E-3 2.59517203E-3
0.745019495 1.23785138E-2 5.71279181E-3 2.32295672E-4 5.47820423E-3 4.9706623E-3 5.07542165E-4 4.94738606E-6 0 0 2.57359812E-23 1.13453418E-4 8.11581776E-5 1.76624908E-5 5.53565144E-7 3.14121479E-7 1.31679364E-4 1.17044093E-3 8.19326029E-4 2.63112667E-3
0.769744039 1.23459995E-2 5.02155907E-3 2.17656619E-4 4.98870062E-3 4.51714965E-3 4.71550826E-4 6.0191087E-6 0 0 4.52260386E-24 3.15236575E-5 1.65255915E-4 2.31227223E-5 5.79264963E-7 3.29814924E-7 8.60529617E-5 1.11769489E-3 6.28924812E-4 2.45764689E-3
0.794404984 1.23149753E-2 4.9816519E-3 2.14318105E-4 4.69670538E-3 4.25678864E-3 4.39916883E-4 7.33598426E-6 0 0 2.53238649E-25 7.79616312E-6 2.90637458E-4 3.66461973E-5 6.26092685E-7 3.33774665E-7 6.0650309E-5 1.06871536E-3 5.19420311E-4 2.26462702E-3
0.819006979 1.22870207E-2 4.56699356E-3 2.04042226E-4 4.46438603E-3 4.05249884E-3 4.11886955E-4 8.56983661E-6 0 0 0 1.77876598E-6 3.98536067E-4 7.1799157E-5 7.07364734E-7 3.31600177E-7 4.71718631E-5 1.02246227E-3 4.37694398E-4 2.06344784E-3
0.843554497 1.22604966E-2 4.25931625E-3 1.97149027E-4 4.11709026E-3 3.73016624E-3 3.86923872E-4 9.44968724E-6 0 0 0 3.60121561E-7 4.0825273E-4 1.53360088E-4 8.61105661E-7 3.27217066E-7 4.15237737E-5 9.77991032E-4 3.78265075E-4 1.75977545E-3
0.868052006 1.22370124E-2 3.58309341E-3 1.83159922E-4 3.69409588E-3 3.32954666E-3 3.64549313E-4 9.91189881E-6 0 0 0 5.68134908E-8 3.0851856E-4 2.99031439E-4 1.20308573E-6 3.22467315E-7 4.14652277E-5 9.3522371E-4 3.51209834E-4 1.38260366E-3
0.892503977 1.22149885E-2 3.32416152E-3 1.76803995E-4 3.32610449E-3 2.98174354E-3 3.44360975E-4 1.00627594E-5 0 0 0 0 1.73260094E-4 4.72287851E-4 2.06469031E-6 3.18148921E-7 4.30383516E-5 8.94835684E-4 3.44815053E-4 1.04106078E-3
0.916914999 1.21960044E-2 2.8945785E-3 1.64060242E-4 2.99064722E-3 2.66460632E-3 3.26040812E-4 1.00464758E-5 0 0 0 0 7.4324169E-5 5.70921751E-4 4.28195699E-6 3.14892134E-7 4.09490822E-5 8.57394945E-4 3.22138396E-4 7.84234668E-4
0.941289544 1.21785104E-2 2.68078176E-3 1.58801238E-4 2.6019013E-3 2.29258486E-3 3.09316325E-4 9.96172184E-6 0 0 0 0 2.567718E-5 5.17016568E-4 9.3500048E-6 3.13635468E-7 3.31154188E-5 8.22809525E-4 2.61897832E-4 6.12443022E-4
0.965631485 1.21634901E-2 2.09321338E-3 1.44841964E-4 2.20652367E-3 1.91258476E-3 2.93938909E-4 9.85582938E-6 0 0 0 0 7.69342842E-6 3.50321439E-4 1.83435332E-5 3.15756154E-7 2.27215096E-5 7.90549268E-4 1.83723299E-4 5.29060722E-4
0.989947498 1.2152493E-2 1.78251893E-3 1.37349372E-4 1.91104878E-3 1.63135142E-3 2.79697328E-4 9.74871182E-6 0 0 0 0 2.11337783E-6 1.80351504E-4 2.92404839E-5 3.22806898E-7 1.41978799E-5 7.60006486E-4 1.19929064E-4 5.15441119E-4
1.01424003 1.21400356E-2 1.88293087E-3 1.38729898E-4 1.71904196E-3 1.45262596E-3 2.66415969E-4 9.65294203E-6 0 0 0 0 5.32898468E-7 7.31569671E-5 3.60452359E-5 3.36016626E-7 9.14109569E-6 7.30788452E-4 8.2302693E-5 5.10669721E-4
1.03851008 1.21299624E-2 1.56762858E-3 1.28527739E-4 1.55884947E-3 1.30488502E-3 2.53964448E-4 9.58657347E-6 0 0 0 0 1.18881182E-7 2.4854422E-5 3.37003294E-5 3.56322715E-7 6.60595333E-6 7.0273428E-4 6.34267999E-5 4.63501492E-4
1.062765 1.21250153E-2 1.35538622E-3 1.22872123E-4 1.39853975E-3 1.15627074E-3 2.4226903E-4 9.58091914E-6 0 0 0 0 2.26609238E-8 7.57070029E-6 2.38613793E-5 3.84523304E-7 5.23263998E-6 6.75828429E-4 5.30184734E-5 3.80771002E-4
1.08701003 1.21200085E-2 1.41213613E-3 1.21550256E-4 1.25627208E-3 1.0249425E-3 2.3132957E-4 9.67904271E-6 0 0 0 0 0 2.13528551E-6 1.29692489E-5 4.21793516E-7 4.25123335E-6 6.5014523E-4 4.53056091E-5 3.00035055E-4
1.11125004 1.21200085E-2 1.27904047E-3 1.18251468E-4 1.14541361E-3 9.24257329E-4 2.21156239E-4 9.92331479E-6 0 0 0 0 0 5.48450259E-7 5.5892765E-6 4.8318924E-7 3.40671454E-6 6.25755172E-4 3.82812359E-5 2.4026999E-4
1.137905 1.45349503E-2 9.556656E-4 9.87495514E-5 1.05202897E-3 8.41181783E-4 2.10847167E-4 1.03969769E-5 0 0 0 0 0 1.10034193E-7 1.84545172E-6 6.22107507E-7 2.60653178E-6 6.00454223E-4 3.11044714E-5 1.94041975E-4
1.16456008 1.21200681E-2 1.1076713E-3 1.11018526E-4 9.76065465E-4 7.74711429E-4 2.01354051E-4 1.10974606E-5 0 0 0 0 0 1.32415892E-8 5.14256158E-7 9.59416298E-7 1.95935513E-6 5.76609862E-4 2.48190099E-5 1.58738825E-4
1.18879509 1.21150017E-2 9.39429505E-4 1.07974694E-4 9.17790749E-4 7.2440767E-4 1.93383035E-4 1.20010045E-5 0 0 0 0 0 0 1.51826683E-7 1.76404023E-6 1.51484005E-6 5.56173036E-4 2.01767562E-5 1.32626199E-4
1.21303511 1.21249557E-2 9.3533023E-4 1.06687017E-4 8.67911323E-4 6.81957463E-4 1.85953904E-4 1.3085516E-5 0 0 0 0 0 0 4.09649878E-8 3.8101507E-6 1.19027777E-6 5.36811713E-4 1.66436312E-5 1.10375207E-4
1.23971009 1.45500302E-2 1.03090028E-3 9.88437241E-5 8.2685909E-4 6.48492889E-4 1.78366186E-4 1.50759133E-5 0 0 0 0 0 0 8.70665939E-9 9.47515218E-6 9.51335892E-7 5.16684086E-4 1.40877155E-5 9.22099644E-5
1.26882005 1.45599842E-2 7.5376645E-4 9.21300671E-5 8.07649165E-4 6.36910845E-4 1.70738291E-4 1.97114132E-5 0 0 0 0 0 0 1.08202636E-9 2.24347077E-5 8.04284184E-7 4.95956279E-4 1.28074225E-5 8.51956502E-5
1.29795003 1.45699978E-2 8.19836336E-4 9.00716987E-5 8.19739653E-4 6.55993761E-4 1.63745921E-4 3.23557942E-5 0 0 0 0 0 0 0 4.11878827E-5 7.43150849E-7 4.76408371E-4 1.2757424E-5 9.2541115E-5
1.32954001 1.70199871E-2 8.37300089E-4 8.07419856E-5 8.60713073E-4 7.03932135E-4 1.56780894E-4 7.6757955E-5 0 0 0 0 0 0 0 5.49008328E-5 6.92629101E-7 4.56523034E-4 1.27231742E-5 1.02334532E-4
1.35872507 1.216501E-2 9.62638529E-4 9.91686175E-5 9.46051558E-4 7.95274798E-4 1.50776745E-4 1.9681752E-4 0 0 0 0 0 0 0 5.04011878E-5 5.90014508E-7 4.3930157E-4 1.1388307E-5 9.67762026E-5
1.38306499 1.2174964E-2 1.20102777E-3 1.0475958E-4 1.14262896E-3 9.9657604E-4 1.46052931E-4 4.46375634E-4 0 0 0 0 0 0 0 3.55521333E-5 4.59699322E-7 4.25803155E-4 9.20157436E-6 7.91838538E-5
1.40742493 1.21850371E-2 1.38682779E-3 1.08913664E-4 1.56152807E-3 1.4199611E-3 1.41566896E-4 9.20827501E-4 0 0 0 0 0 0 0 1.99408969E-5 3.29590137E-7 4.12993744E-4 6.85434225E-6 5.90150776E-5
1.43180501 1.21949911E-2 2.05604709E-3 1.24294122E-4 2.20627594E-3 2.06894684E-3 1.37329E-4 1.60983007E-3 0 0 0 0 0 0 0 9.18495607E-6 2.3013439E-7 4.00802644E-4 5.0032163E-6 4.38958814E-5
1.45621002 1.22100115E-2 2.66747759E-3 1.36002127E-4 2.85363896E-3 2.72026192E-3 1.33376961E-4 2.2882272E-3 0 0 0 0 0 0 0 3.6498659E-6 1.66376097E-7 3.89160006E-4 3.80457891E-6 3.52538991E-5
1.48063993 1.22199655E-2 3.51234316E-3 1.51689135E-4 3.13138915E-3 3.00161703E-3 1.29772088E-4 2.58845044E-3 0 0 0 0 0 0 0 1.32352375E-6 1.2838062E-7 3.78035271E-4 3.09203074E-6 3.05874055E-5
1.50509501 1.22349858E-2 2.87608081E-3 1.3981988E-4 2.83921929E-3 2.71264208E-3 1.26577099E-4 2.31444952E-3 0 0 0 0 0 0 0 4.50531701E-7 1.04927857E-7 3.67361121E-4 2.65584208E-6 2.76202481E-5
1.52957487 1.22449994E-2 2.06655334E-3 1.23647726E-4 2.15059821E-3 2.02681567E-3 1.23782593E-4 1.64148619E-3 0 0 0 0 0 0 0 1.42569931E-7 8.85915981E-8 3.57076264E-4 2.35467655E-6 2.56673466E-5
1.554075 1.2255013E-2 1.53338606E-3 1.11254405E-4 1.4318357E-3 1.31059822E-3 1.21237514E-4 9.3675009E-4 0 0 0 0 0 0 0 4.06468388E-8 7.51859375E-8 3.47112626E-4 2.10404369E-6 2.4515688E-5
1.57859993 1.22700334E-2 9.0441166E-4 9.49387322E-5 9.24458029E-4 8.05779418E-4 1.18678588E-4 4.42874909E-4 0 0 0 0 0 0 0 1.01727746E-8 6.29040215E-8 3.3746229E-4 1.85846318E-6 2.35106927E-5
1.61298501 2.21149921E-2 5.80048305E-4 6.26535111E-5 5.95647376E-4 4.8093326E-4 1.14714137E-4 1.3369821E-4 0 0 0 0 0 0 0 9.47297241E-10 4.73457149E-8 3.24600027E-4 1.50290089E-6 2.10838371E-5
1.65971494 2.46149898E-2 5.02891431E-4 5.73756988E-5 4.55110654E-4 3.4615316E-4 1.08957516E-4 1.96495221E-5 0 0 0 0 0 0 0 0 3.0472723E-8 3.08357237E-4 1.06458413E-6 1.70513449E-5
1.70898998 2.46599913E-2 4.80303366E-4 5.69231051E-5 4.13081667E-4 3.09937022E-4 1.03144623E-4 1.88199499E-6 0 0 0 0 0 0 0 0 1.88795557E-8 2.92623794E-4 7.46498017E-7 1.46658795E-5
1.75588 2.22300291E-2 5.43703383E-4 6.01414358E-5 3.93451977E-4 2.94948899E-4 9.85030783E-5 1.04551162E-7 0 0 0 0 0 0 0 0 1.26516735E-8 2.78903724E-4 5.92597928E-7 1.53353576E-5
1.80285001 2.47399807E-2 3.79220815E-4 5.38898967E-5 3.833019E-4 2.86772061E-4 9.65298459E-5 0 0 0 0 0 0 0 0 0 9.31478805E-9 2.66334217E-4 5.55430404E-7 1.98731068E-5
1.85236502 2.47750282E-2 4.28504456E-4 5.80765009E-5 3.75602249E-4 2.77595478E-4 9.80067853E-5 0 0 0 0 0 0 0 0 0 6.87849866E-9 2.53553735E-4 5.12087752E-7 2.35227762E-5
1.90195 2.48099566E-2 2.92606332E-4 5.55927763E-5 3.58187273E-4 2.59301043E-4 9.88862375E-5 0 0 0 0 0 0 0 0 0 4.4951074E-9 2.41094211E-4 3.54362811E-7 1.78479677E-5
1.95159996 2.48399973E-2 4.5867468E-4 6.08010778E-5 3.36258847E-4 2.39650413E-4 9.66084481E-5 0 0 0 0 0 0 0 0 0 2.70440381E-9 2.2985402E-4 1.9794966E-7 9.59573663E-6
2.00129986 2.48600245E-2 4.12488589E-4 5.98748702E-5 3.1902187E-4 2.25733194E-4 9.32886687E-5 0 0 0 0 0 0 0 0 0 1.70474757E-9 2.19764348E-4 1.20845996E-7 5.84630379E-6
2.05104995 2.4889946E-2 3.9182161E-4 5.93216901E-5 3.05483118E-4 2.15198423E-4 9.02846878E-5 0 0 0 0 0 0 0 0 0 1.13958099E-9 2.10433034E-4 8.6462272E-8 4.677795E-6
2.10084486 2.49050856E-2 2.97827559E-4 5.8011683E-5 2.9435489E-4 2.06170444E-4 8.81844535E-5 0 0 0 0 0 0 0 0 0 7.9273399E-10 2.01751376E-4 6.82562913E-8 4.35000675E-6
2.15067005 2.49199867E-2 3.69987305E-4 6.18279591E-5 2.86079943E-4 1.98000198E-4 8.80797597E-5 0 0 0 0 0 0 0 0 0 5.61074132E-10 1.93696367E-4 5.48436461E-8 4.24843211E-6
2.20053005 2.49400139E-2 3.07434821E-4 6.50303336E-5 2.81856104E-4 1.90034014E-4 9.1822083E-5 0 0 0 0 0 0 0 0 0 3.92167937E-10 1.86114208E-4 4.17427444E-8 3.87767523E-6
2.25042009 2.49500275E-2 2.99947074E-4 7.06120481E-5 2.81926419E-4 1.81863565E-4 1.00062854E-4 0 0 0 0 0 0 0 0 0 2.6879024E-10 1.78553091E-4 3.05104102E-8 3.27969155E-6
2.30282497 2.74549723E-2 3.05022637E-4 7.5570817E-5 2.82349094E-4 1.73271023E-4 1.09078072E-4 0 0 0 0 0 0 0 0 0 1.74056519E-10 1.70428451E-4 2.10115925E-8 2.82138262E-6
2.36024499 2.99649239E-2 1.71972802E-4 7.25845748E-5 2.76992097E-4 1.6497352E-4 1.12018563E-4 0 0 0 0 0 0 0 0 0 1.0436204E-10 1.62056793E-4 1.34959963E-8 2.90312482E-6
2.41767979 2.74699926E-2 2.73186335E-4 7.78454705E-5 2.66019517E-4 1.58208597E-4 1.07810913E-4 0 0 0 0 0 0 0 0 0 6.35172193E-11 1.54750829E-4 9.00143871E-9 3.44870568E-6
2.47263002 2.74801254E-2 3.71937553E-4 7.73498468E-5 2.5354512E-4 1.51765897E-4 1.01779209E-4 0 0 0 0 0 0 0 0 0 4.09816868E-11 1.48586827E-4 6.34858655E-9 3.17268677E-6
2.5300951 2.9984951E-2 2.18661487E-4 6.95706476E-5 2.41051093E-4 1.44611346E-4 9.64397477E-5 0 0 0 0 0 0 0 0 0 2.64148894E-11 1.42605E-4 4.43113501E-9 2.00189538E-6
2.59257007 3.2490015E-2 1.69252409E-4 6.45952969E-5 2.29406753E-4 1.37655137E-4 9.17516154E-5 0 0 0 0 0 0 0 0 0 1.64330962E-11 1.36478469E-4 3.01577119E-9 1.17363879E-6
2.65505004 2.99899578E-2 2.79902568E-4 6.9067486E-5 2.19631867E-4 1.31631285E-4 8.80005828E-5 0 0 0 0 0 0 0 0 0 1.02123648E-11 1.30749948E-4 2.06820738E-9 8.79257357E-7
2.72003508 3.49949598E-2 7.1042421E-5 6.02358377E-5 2.11438004E-4 1.25903636E-4 8.55343606E-5 0 0 0 0 0 0 0 0 0 6.27261914E-12 1.25150604E-4 1.40818213E-9 7.51621258E-7
2.790025 3.4995079E-2 1.86016769E-4 6.11182404E-5 2.03251708E-4 1.2006209E-4 8.31896177E-5 0 0 0 0 0 0 0 0 0 3.66619495E-12 1.19384786E-4 9.24363919E-10 6.76378534E-7
2.86251497 3.74950171E-2 1.16677598E-4 5.80919695E-5 1.9373752E-4 1.14419869E-4 7.93176514E-5 0 0 0 0 0 0 0 0 0 2.09347318E-12 1.13832655E-4 5.95872574E-10 5.86613282E-7
2.93751001 3.74999046E-2 7.55035071E-5 5.75664671E-5 1.838842E-4 1.0905102E-4 7.48331731E-5 0 0 0 0 0 0 0 0 0 1.18016642E-12 1.08575281E-4 3.79370257E-10 4.75361389E-7
3.01250505 3.74950171E-2 1.18364042E-4 5.81181157E-5 1.71982567E-4 1.04106759E-4 6.78758079E-5 0 0 0 0 0 0 0 0 0 6.69403118E-13 1.03703416E-4 2.42782378E-10 4.03100614E-7
3.0875001 3.75000238E-2 1.30066721E-4 5.66559829E-5 1.53011017E-4 9.9512843E-5 5.34981664E-5 0 0 0 0 0 0 0 0 0 3.80263637E-13 9.91470006E-5 1.55220337E-10 3.65689999E-7
3.15499997 2.99999714E-2 1.94303444E-4 6.54262913E-5 1.38745279E-4 9.55816067E-5 4.31636799E-5 0 0 0 0 0 0 0 0 0 2.27392242E-13 9.52750488E-5 1.03403217E-10 3.06450175E-7
3.22000003 3.50000858E-2 9.51896E-5 5.83005385E-5 1.27301086E-4 9.19634331E-5 3.53376527E-5 0 0 0 0 0 0 0 0 0 1.39279362E-13 9.17367943E-5 7.02172973E-11 2.26568005E-7
3.29250002 3.74999046E-2 1.30656015E-4 5.51601261E-5 1.16441115E-4 8.8187473E-5 2.82536384E-5 0 0 0 0 0 0 0 0 0 8.035292E-14 8.80193329E-5 4.55603368E-11 1.68100442E-7
3.36500001 3.50000858E-2 1.55311442E-4 5.77784122E-5 1.07319152E-4 8.46795374E-5 2.26396096E-5 0 0 0 0 0 0 0 0 0 4.6327803E-14 8.45438262E-5 2.95915167E-11 1.35682996E-7
3.43000007 2.99999714E-2 1.33473586E-4 6.31873772E-5 1.00376637E-4 8.17151158E-5 1.86615234E-5 0 0 0 0 0 0 0 0 0 2.82757775E-14 8.16003521E-5 2.01085554E-11 1.14737226E-7
3.49499989 3.49999666E-2 8.71993107E-5 5.73242251E-5 9.4339397E-5 7.88996986E-5 1.54397003E-5 0 0 0 0 0 0 0 0 0 1.73386882E-14 7.88019825E-5 1.37059773E-11 9.77030226E-8
3.56750011 3.75000238E-2 8.42275767E-5 5.4288721E-5 8.84334004E-5 7.5933327E-5 1.25000724E-5 0 0 0 0 0 0 0 0 0 1.00279663E-14 7.5850905E-5 8.93320747E-12 8.24082704E-8
3.64249992 3.75000238E-2 2.24126543E-5 5.29971694E-5 8.31261932E-5 7.30488173E-5 1.00773768E-5 0 0 0 0 0 0 0 0 0 5.69402949E-15 7.29798267E-5 5.74606595E-12 6.89858055E-8
3.71500015 3.49999666E-2 1.2403811E-4 5.59667678E-5 7.86435558E-5 7.04171107E-5 8.22645234E-6 0 0 0 0 0 0 0 0 0 3.29383055E-15 7.03599508E-5 3.75392165E-12 5.71501282E-8
3.78999996 3.99999619E-2 4.1704493E-6 4.90631865E-5 7.4566211E-5 6.78466167E-5 6.71958833E-6 0 0 0 0 0 0 0 0 0 1.88100776E-15 6.77988137E-5 2.42760586E-12 4.78057878E-8
3.86749983 3.75000238E-2 8.88399591E-5 5.29974859E-5 7.08108419E-5 6.53292227E-5 5.4816137E-6 0 0 0 0 0 0 0 0 0 1.0478886E-15 6.52894014E-5 1.54268319E-12 3.98253874E-8
3.94000006 3.49999666E-2 1.97838963E-4 5.66588205E-5 6.76401905E-5 6.30971554E-5 4.54303199E-6 0 0 0 0 0 0 0 0 0 6.0572279E-16 6.30648065E-5 1.00997964E-12 3.23506057E-8
4.01499987 3.99999619E-2 7.16960494E-5 4.94270171E-5 6.46672852E-5 6.09133713E-5 3.75391642E-6 0 0 0 0 0 0 0 0 0 3.4570808E-16 6.08875343E-5 6.54995535E-13 2.58360657E-8
4.09500027 4.00002003E-2 7.1296301E-5 5.02511029E-5 6.1785955E-5 5.87086543E-5 3.07729965E-6 0 0 0 0 0 0 0 0 0 1.89565696E-16 5.86879105E-5 4.12657403E-13 2.07446842E-8
4.17500019 3.99999619E-2 6.65089974E-5 5.09322927E-5 5.91544594E-5 5.66213821E-5 2.53307485E-6 0 0 0 0 0 0 0 0 0 1.03894421E-16 5.6604531E-5 2.60282085E-13 1.68532637E-8
4.25750017 4.25000191E-2 -3.36844532E-5 4.5947676E-5 5.6669156E-5 5.45885305E-5 2.08062488E-6 0 0 0 0 0 0 0 0 0 5.59828956E-17 5.45748735E-5 1.62368274E-13 1.36573561E-8
4.3375001 3.74999046E-2 9.04612825E-5 5.16743567E-5 5.44470204E-5 5.27207485E-5 1.7262729E-6 0 0 0 0 0 0 0 0 0 3.05317062E-17 5.27096017E-5 1.02644144E-13 1.114452E-8
4.41499996 3.99999619E-2 3.31587798E-5 4.98640584E-5 5.24511233E-5 5.10038117E-5 1.447312E-6 0 0 0 0 0 0 0 0 0 1.70502058E-17 5.09946403E-5 6.61558888E-14 9.17322751E-9
4.49250031 3.75001431E-2 4.99783964E-5 5.25793439E-5 5.05865355E-5 4.93687403E-5 1.2177934E-6 0 0 0 0 0 0 0 0 0 9.50179392E-18 4.93611806E-5 4.26232807E-14 7.55988872E-9
4.56750011 3.74999046E-2 1.73019696E-4 5.46495576E-5 4.88939804E-5 4.78604052E-5 1.03357434E-6 0 0 0 0 0 0 0 0 0 5.41128611E-18 4.78541551E-5 2.79216347E-14 6.25072483E-9
4.6500001 4.50000763E-2 1.69098148E-5 4.55188892E-5 4.71485801E-5 4.62824028E-5 8.66176777E-7 0 0 0 0 0 0 0 0 0 2.93239891E-18 4.62773387E-5 1.76304995E-14 5.06476283E-9
4.73999977 4.49998379E-2 -2.23311908E-5 4.47664424E-5 4.53649263E-5 4.46483864E-5 7.16537613E-7 0 0 0 0 0 0 0 0 0 1.49419631E-18 4.46443519E-5 1.06673424E-14 4.0349124E-9
4.82250023 3.75001431E-2 1.72775253E-4 5.21413349E-5 4.38303687E-5 4.32264787E-5 6.0388777E-7 0 0 0 0 0 0 0 0 0 8.01142311E-19 4.32232082E-5 6.72723477E-15 3.27311178E-9
4.89750004 3.74999046E-2 1.1224152E-4 5.24037168E-5 4.25133949E-5 4.19945536E-5 5.18840125E-7 0 0 0 0 0 0 0 0 0 4.57216484E-19 4.19918506E-5 4.44776577E-15 2.70427836E-9
4.9749999 3.99999619E-2 1.17754746E-4 5.0433362E-5 4.12235859E-5 4.077837E-5 4.45213601E-7 0 0 0 0 0 0 0 0 0 2.56769115E-19 4.07761472E-5 2.91100491E-15 2.22224905E-9
5.05249977 3.75001431E-2 1.13269685E-4 5.32289559E-5 3.99981982E-5 3.96145333E-5 3.83663803E-7 0 0 0 0 0 0 0 0 0 1.43796496E-19 3.9612707E-5 1.90645983E-15 1.82775894E-9
5.13500023 4.49998379E-2 1.19038932E-5 4.55959489E-5 3.87586369E-5 3.84295163E-5 3.29118478E-7 0 0 0 0 0 0 0 0 0 7.81369347E-20 3.8428032E-5 1.22234393E-15 1.48670865E-9
5.22249985 4.25000191E-2 6.41502993E-5 4.84931625E-5 3.75072923E-5 3.72268441E-5 2.80447324E-7 0 0 0 0 0 0 0 0 0 4.05468007E-20 3.72256509E-5 7.60993035E-16 1.19307053E-9
5.30749989 4.25000191E-2 1.20831835E-4 5.09055317E-5 3.63517865E-5 3.61114762E-5 2.40308395E-7 0 0 0 0 0 0 0 0 0 2.14550941E-20 3.61105122E-5 4.81556865E-16 9.63674918E-10
5.38500023 3.50000858E-2 1.73454086E-4 6.073845E-5 3.53489413E-5 3.51400085E-5 2.08933372E-7 0 0 0 0 0 0 0 0 0 1.19530507E-20 3.51392155E-5 3.17200763E-16 7.93270727E-10
5.45499992 3.49998474E-2 2.25212375E-6 5.83008477E-5 3.44832151E-5 3.42985113E-5 1.84703211E-7 0 0 0 0 0 0 0 0 0 7.09175705E-21 3.42978456E-5 2.18574046E-16 6.66154909E-10
5.53249979 4.25000191E-2 -1.05266645E-5 4.97894107E-5 3.35649602E-5 3.34031756E-5 1.61785607E-7 0 0 0 0 0 0 0 0 0 4.00313411E-21 3.34026263E-5 1.45452074E-16 5.49385593E-10
5.61499977 4.00002003E-2 9.72015841E-5 5.24587376E-5 3.26290392E-5 3.24879475E-5 1.41092627E-7 0 0 0 0 0 0 0 0 0 2.16290302E-21 3.24875E-5 9.42472782E-17 4.47158088E-10
5.69999981 4.49998379E-2 1.38080368E-5 4.82683463E-5 3.17063095E-5 3.15831567E-5 1.2315212E-7 0 0 0 0 0 0 0 0 0 1.15330808E-21 3.15827965E-5 6.06210429E-17 3.61914859E-10
5.78999996 4.50000763E-2 3.73425901E-5 4.87804173E-5 3.07717346E-5 3.06647962E-5 1.06937492E-7 0 0 0 0 0 0 0 0 0 5.89496191E-22 3.06645088E-5 3.79981098E-17 2.89176322E-10
5.875 3.99999619E-2 1.15312156E-4 5.58026295E-5 2.99287985E-5 2.98349732E-5 9.38252001E-8 0 0 0 0 0 0 0 0 0 3.11734959E-22 2.98347386E-5 2.44713807E-17 2.33980918E-10
5.95499992 3.99999619E-2 -1.64280809E-5 5.53839309E-5 2.91680753E-5 2.90848366E-5 8.32389091E-8 0 0 0 0 0 0 0 0 0 1.71903532E-22 2.90846456E-5 1.6241559E-17 1.91812163E-10
6.0374999 4.25000191E-2 6.94187038E-5 5.46752162E-5 2.84135276E-5 2.8339784E-5 7.3742136E-8 0 0 0 0 0 0 0 0 0 9.31537633E-23 2.83396294E-5 1.06664841E-17 1.56260019E-10
6.12249994 4.25000191E-2 7.27185397E-5 5.40938418E-5 2.76681985E-5 2.76029805E-5 6.52180532E-8 0 0 0 0 0 0 0 0 0 4.9452734E-23 2.76028532E-5 6.92536164E-18 1.26544927E-10
6.20749998 4.25000191E-2 2.42327933E-5 5.33297643E-5 2.69541943E-5 2.68962795E-5 5.7915738E-8 0 0 0 0 0 0 0 0 0 2.62973677E-23 2.68961758E-5 4.51073996E-18 1.02713983E-10
6.29500008 4.50000763E-2 -2.5104411E-8 5.2717849E-5 2.62469857E-5 2.61955265E-5 5.14586702E-8 0 0 0 0 0 0 0 0 0 1.375228E-23 2.61954428E-5 2.90879303E-18 8.35068958E-11
6.37750006 3.74999046E-2 1.08535416E-4 6.49646099E-5 2.56048188E-5 2.55587311E-5 4.60881822E-8 0 0 0 0 0 0 0 0 0 7.39648054E-24 2.55586619E-5 1.91888986E-18 6.9440384E-11
6.45499992 3.99999619E-2 4.02228252E-5 6.18579288E-5 2.50258054E-5 2.49841451E-5 4.16597494E-8 0 0 0 0 0 0 0 0 0 4.16448507E-24 2.49840868E-5 1.30562519E-18 5.81726611E-11
6.53999996 4.50000763E-2 2.55279447E-5 5.61857523E-5 2.4414343E-5 2.437687E-5 3.74727342E-8 0 0 0 0 0 0 0 0 0 2.22669874E-24 2.43768227E-5 8.58433254E-19 4.66998974E-11
6.63500023 4.99999523E-2 -1.59271065E-6 5.39228349E-5 2.37556087E-5 2.37221739E-5 3.34352812E-8 0 0 0 0 0 0 0 0 0 1.104743E-24 2.37221375E-5 5.3740544E-19 3.61125296E-11
6.72749996 4.25000191E-2 1.22868369E-4 6.37187768E-5 2.3139708E-5 2.31097038E-5 3.0005026E-8 0 0 0 0 0 0 0 0 0 5.51689381E-25 2.31096747E-5 3.39377342E-19 2.84247677E-11
6.81999969 4.99999523E-2 -1.86979287E-5 5.7270543E-5 2.25479234E-5 2.25208896E-5 2.70348028E-8 0 0 0 0 0 0 0 0 0 2.78582556E-25 2.2520866E-5 2.15500971E-19 2.25991465E-11
6.91499996 4.50000763E-2 -9.36586657E-5 6.38327037E-5 2.19615031E-5 2.19371941E-5 2.4309152E-8 0 0 0 0 0 0 0 0 0 1.35835192E-25 2.19371759E-5 1.34189776E-19 1.78570544E-11
6.97749996 1.74999237E-2 1.06494314E-4 1.08078675E-4 2.15877717E-5 2.15651089E-5 2.26632437E-8 0 0 0 0 0 0 0 0 0 8.34079583E-26 2.15650944E-5 9.77854534E-20 1.52798746E-11
