#
# CIE cooling function for solar metallicity (Z=1)
#   ne=0.004 cm^-3
#   logT = 4.0 to 8.0
#   sun_photospheric_1998_grevesse abundances
# Calculated using CHIANTI and ChiantiPy
#
# For solar, we also include the line cooling contributions
# by element
#
logT   Total    Cont   FFCont  FBCont  2PCont    H       He      C       N       O       Ne      Mg      Si      S       Fe  
4.000 -23.072 -23.824 -26.394 -26.596 -23.826 -23.364 -29.643 -25.715 -25.623 -24.201 -31.899 -24.280 -24.488 -24.335 -23.666
4.010 -22.988 -23.712 -26.344 -26.428 -23.714 -23.249 -29.416 -25.559 -25.563 -24.173 -31.641 -24.202 -24.439 -24.237 -23.633
4.020 -22.904 -23.602 -26.294 -26.263 -23.603 -23.136 -29.194 -25.407 -25.504 -24.144 -31.388 -24.127 -24.394 -24.151 -23.601
4.030 -22.820 -23.494 -26.242 -26.101 -23.496 -23.026 -28.977 -25.259 -25.445 -24.115 -31.141 -24.055 -24.353 -24.075 -23.571
4.040 -22.736 -23.389 -26.188 -25.943 -23.391 -22.918 -28.765 -25.115 -25.385 -24.085 -30.899 -23.987 -24.316 -24.010 -23.543
4.050 -22.652 -23.286 -26.129 -25.789 -23.288 -22.814 -28.558 -24.976 -25.326 -24.054 -30.663 -23.922 -24.282 -23.954 -23.516
4.060 -22.569 -23.187 -26.066 -25.638 -23.189 -22.712 -28.356 -24.842 -25.266 -24.023 -30.432 -23.860 -24.250 -23.906 -23.491
4.070 -22.486 -23.091 -25.997 -25.491 -23.093 -22.614 -28.158 -24.715 -25.205 -23.989 -30.205 -23.801 -24.220 -23.864 -23.467
4.080 -22.405 -22.999 -25.922 -25.348 -23.001 -22.518 -27.965 -24.594 -25.141 -23.953 -29.984 -23.746 -24.191 -23.829 -23.444
4.090 -22.326 -22.910 -25.841 -25.210 -22.912 -22.427 -27.776 -24.480 -25.076 -23.914 -29.768 -23.692 -24.164 -23.798 -23.421
4.100 -22.248 -22.824 -25.755 -25.076 -22.827 -22.339 -27.591 -24.373 -25.008 -23.871 -29.556 -23.642 -24.136 -23.772 -23.399
4.110 -22.173 -22.743 -25.665 -24.947 -22.747 -22.256 -27.411 -24.275 -24.937 -23.824 -29.348 -23.594 -24.108 -23.748 -23.377
4.120 -22.101 -22.667 -25.572 -24.824 -22.671 -22.177 -27.235 -24.185 -24.863 -23.772 -29.146 -23.549 -24.080 -23.728 -23.356
4.130 -22.034 -22.596 -25.478 -24.706 -22.600 -22.103 -27.062 -24.101 -24.786 -23.716 -28.947 -23.506 -24.052 -23.709 -23.335
4.140 -21.971 -22.532 -25.385 -24.596 -22.536 -22.036 -26.894 -24.025 -24.706 -23.655 -28.753 -23.467 -24.023 -23.692 -23.314
4.150 -21.913 -22.474 -25.295 -24.493 -22.478 -21.975 -26.729 -23.954 -24.625 -23.592 -28.563 -23.430 -23.994 -23.676 -23.294
4.160 -21.863 -22.423 -25.209 -24.398 -22.428 -21.922 -26.568 -23.889 -24.543 -23.528 -28.377 -23.397 -23.965 -23.662 -23.274
4.170 -21.818 -22.380 -25.129 -24.312 -22.386 -21.877 -26.410 -23.829 -24.461 -23.463 -28.195 -23.367 -23.935 -23.648 -23.254
4.180 -21.781 -22.345 -25.054 -24.234 -22.352 -21.839 -26.256 -23.773 -24.381 -23.400 -28.017 -23.342 -23.904 -23.636 -23.236
4.190 -21.751 -22.318 -24.986 -24.164 -22.326 -21.810 -26.106 -23.721 -24.303 -23.339 -27.843 -23.321 -23.874 -23.624 -23.218
4.200 -21.728 -22.300 -24.925 -24.104 -22.308 -21.788 -25.959 -23.672 -24.230 -23.281 -27.673 -23.306 -23.843 -23.612 -23.201
4.210 -21.713 -22.289 -24.872 -24.052 -22.298 -21.775 -25.815 -23.625 -24.161 -23.228 -27.507 -23.297 -23.812 -23.601 -23.185
4.220 -21.704 -22.285 -24.826 -24.008 -22.295 -21.769 -25.675 -23.580 -24.098 -23.180 -27.344 -23.295 -23.780 -23.591 -23.171
4.230 -21.701 -22.288 -24.786 -23.971 -22.299 -21.769 -25.538 -23.537 -24.041 -23.136 -27.185 -23.299 -23.749 -23.581 -23.159
4.240 -21.703 -22.297 -24.752 -23.940 -22.309 -21.775 -25.404 -23.496 -23.989 -23.096 -27.030 -23.311 -23.718 -23.571 -23.150
4.250 -21.710 -22.310 -24.723 -23.914 -22.323 -21.786 -25.273 -23.456 -23.942 -23.060 -26.879 -23.329 -23.686 -23.562 -23.143
4.260 -21.719 -22.327 -24.698 -23.893 -22.341 -21.801 -25.145 -23.417 -23.901 -23.027 -26.732 -23.355 -23.655 -23.552 -23.139
4.270 -21.732 -22.348 -24.676 -23.876 -22.363 -21.819 -25.019 -23.379 -23.864 -22.998 -26.589 -23.388 -23.624 -23.543 -23.139
4.280 -21.746 -22.371 -24.658 -23.862 -22.387 -21.840 -24.897 -23.341 -23.832 -22.971 -26.451 -23.427 -23.594 -23.534 -23.142
4.290 -21.762 -22.396 -24.641 -23.851 -22.414 -21.863 -24.778 -23.305 -23.803 -22.946 -26.318 -23.471 -23.563 -23.526 -23.150
4.300 -21.779 -22.423 -24.627 -23.842 -22.442 -21.887 -24.662 -23.269 -23.777 -22.922 -26.190 -23.519 -23.533 -23.517 -23.162
4.310 -21.796 -22.450 -24.614 -23.835 -22.472 -21.913 -24.549 -23.234 -23.753 -22.901 -26.068 -23.571 -23.503 -23.509 -23.180
4.320 -21.814 -22.478 -24.602 -23.828 -22.502 -21.940 -24.438 -23.199 -23.732 -22.880 -25.952 -23.626 -23.473 -23.501 -23.202
4.330 -21.831 -22.507 -24.591 -23.823 -22.532 -21.967 -24.331 -23.164 -23.711 -22.861 -25.845 -23.684 -23.444 -23.493 -23.228
4.340 -21.848 -22.536 -24.580 -23.819 -22.563 -21.995 -24.228 -23.131 -23.692 -22.843 -25.745 -23.743 -23.415 -23.485 -23.258
4.350 -21.864 -22.565 -24.570 -23.815 -22.595 -22.023 -24.128 -23.097 -23.674 -22.825 -25.654 -23.803 -23.387 -23.478 -23.293
4.360 -21.880 -22.594 -24.560 -23.812 -22.626 -22.051 -24.031 -23.064 -23.657 -22.808 -25.573 -23.864 -23.358 -23.470 -23.330
4.370 -21.894 -22.622 -24.550 -23.809 -22.657 -22.079 -23.939 -23.031 -23.640 -22.791 -25.502 -23.925 -23.330 -23.463 -23.371
4.380 -21.907 -22.650 -24.539 -23.807 -22.688 -22.107 -23.851 -22.999 -23.623 -22.775 -25.440 -23.986 -23.303 -23.457 -23.414
4.390 -21.918 -22.677 -24.528 -23.805 -22.718 -22.135 -23.769 -22.967 -23.607 -22.760 -25.386 -24.047 -23.275 -23.450 -23.459
4.400 -21.928 -22.704 -24.517 -23.802 -22.748 -22.163 -23.692 -22.936 -23.591 -22.745 -25.341 -24.107 -23.249 -23.444 -23.506
4.410 -21.937 -22.730 -24.505 -23.800 -22.777 -22.191 -23.622 -22.904 -23.575 -22.730 -25.304 -24.167 -23.222 -23.439 -23.553
4.420 -21.944 -22.755 -24.493 -23.798 -22.805 -22.218 -23.558 -22.873 -23.559 -22.715 -25.274 -24.226 -23.196 -23.433 -23.601
4.430 -21.949 -22.780 -24.480 -23.796 -22.833 -22.246 -23.502 -22.842 -23.543 -22.701 -25.250 -24.285 -23.170 -23.429 -23.649
4.440 -21.954 -22.803 -24.466 -23.794 -22.861 -22.273 -23.454 -22.812 -23.528 -22.686 -25.231 -24.343 -23.144 -23.424 -23.697
4.450 -21.956 -22.827 -24.453 -23.792 -22.888 -22.300 -23.413 -22.781 -23.511 -22.672 -25.216 -24.400 -23.119 -23.420 -23.744
4.460 -21.958 -22.849 -24.439 -23.790 -22.915 -22.326 -23.382 -22.751 -23.495 -22.658 -25.203 -24.456 -23.094 -23.416 -23.790
4.470 -21.958 -22.871 -24.426 -23.788 -22.941 -22.353 -23.358 -22.721 -23.479 -22.644 -25.192 -24.512 -23.069 -23.413 -23.834
4.480 -21.958 -22.893 -24.413 -23.786 -22.968 -22.379 -23.341 -22.691 -23.463 -22.630 -25.183 -24.566 -23.045 -23.409 -23.875
4.490 -21.956 -22.915 -24.401 -23.784 -22.995 -22.405 -23.331 -22.661 -23.446 -22.616 -25.174 -24.620 -23.021 -23.406 -23.913
4.500 -21.953 -22.936 -24.389 -23.783 -23.021 -22.430 -23.326 -22.632 -23.429 -22.602 -25.165 -24.673 -22.998 -23.402 -23.945
4.510 -21.949 -22.957 -24.378 -23.782 -23.048 -22.456 -23.327 -22.602 -23.412 -22.588 -25.155 -24.725 -22.974 -23.397 -23.970
4.520 -21.944 -22.978 -24.367 -23.781 -23.075 -22.481 -23.332 -22.573 -23.395 -22.574 -25.143 -24.776 -22.952 -23.393 -23.987
4.530 -21.938 -22.999 -24.358 -23.780 -23.101 -22.506 -23.340 -22.543 -23.378 -22.560 -25.128 -24.826 -22.929 -23.387 -23.995
4.540 -21.931 -23.020 -24.349 -23.779 -23.128 -22.530 -23.351 -22.514 -23.360 -22.545 -25.110 -24.875 -22.907 -23.381 -23.992
4.550 -21.922 -23.040 -24.340 -23.779 -23.155 -22.555 -23.364 -22.485 -23.343 -22.531 -25.088 -24.924 -22.885 -23.374 -23.978
4.560 -21.913 -23.059 -24.332 -23.779 -23.181 -22.579 -23.377 -22.456 -23.324 -22.516 -25.061 -24.971 -22.864 -23.366 -23.956
4.570 -21.902 -23.078 -24.324 -23.778 -23.207 -22.603 -23.390 -22.427 -23.306 -22.502 -25.029 -25.018 -22.842 -23.358 -23.926
4.580 -21.891 -23.097 -24.317 -23.778 -23.232 -22.626 -23.402 -22.398 -23.287 -22.487 -24.990 -25.064 -22.822 -23.348 -23.891
4.590 -21.878 -23.114 -24.310 -23.778 -23.257 -22.650 -23.412 -22.369 -23.268 -22.472 -24.945 -25.110 -22.801 -23.337 -23.853
4.600 -21.865 -23.131 -24.303 -23.779 -23.281 -22.673 -23.419 -22.341 -23.249 -22.456 -24.895 -25.154 -22.781 -23.326 -23.814
4.610 -21.851 -23.147 -24.296 -23.779 -23.304 -22.696 -23.423 -22.313 -23.229 -22.441 -24.839 -25.198 -22.761 -23.313 -23.776
4.620 -21.836 -23.161 -24.289 -23.779 -23.326 -22.718 -23.421 -22.285 -23.208 -22.425 -24.778 -25.241 -22.742 -23.300 -23.740
4.630 -21.820 -23.174 -24.283 -23.779 -23.346 -22.741 -23.413 -22.257 -23.187 -22.409 -24.714 -25.284 -22.723 -23.286 -23.707
4.640 -21.804 -23.186 -24.276 -23.780 -23.363 -22.763 -23.399 -22.230 -23.166 -22.392 -24.647 -25.325 -22.704 -23.271 -23.677
4.650 -21.787 -23.195 -24.270 -23.780 -23.378 -22.785 -23.377 -22.203 -23.144 -22.376 -24.578 -25.366 -22.685 -23.255 -23.650
4.660 -21.769 -23.202 -24.263 -23.780 -23.390 -22.807 -23.347 -22.177 -23.122 -22.359 -24.508 -25.407 -22.667 -23.239 -23.626
4.670 -21.751 -23.207 -24.257 -23.781 -23.398 -22.829 -23.310 -22.151 -23.100 -22.341 -24.438 -25.446 -22.649 -23.223 -23.605
4.680 -21.733 -23.209 -24.251 -23.781 -23.402 -22.851 -23.266 -22.126 -23.077 -22.324 -24.369 -25.485 -22.631 -23.205 -23.586
4.690 -21.714 -23.208 -24.245 -23.782 -23.401 -22.872 -23.215 -22.101 -23.054 -22.306 -24.300 -25.523 -22.614 -23.188 -23.569
4.700 -21.694 -23.204 -24.238 -23.782 -23.395 -22.893 -23.159 -22.076 -23.031 -22.288 -24.234 -25.560 -22.597 -23.170 -23.555
4.710 -21.675 -23.195 -24.232 -23.782 -23.383 -22.914 -23.099 -22.053 -23.008 -22.269 -24.169 -25.597 -22.580 -23.151 -23.542
4.720 -21.655 -23.183 -24.226 -23.782 -23.365 -22.935 -23.035 -22.030 -22.985 -22.251 -24.106 -25.633 -22.564 -23.133 -23.531
4.730 -21.635 -23.167 -24.220 -23.782 -23.342 -22.955 -22.969 -22.007 -22.962 -22.232 -24.045 -25.669 -22.548 -23.114 -23.522
4.740 -21.614 -23.148 -24.214 -23.782 -23.314 -22.976 -22.902 -21.985 -22.939 -22.213 -23.987 -25.703 -22.533 -23.094 -23.514
4.750 -21.593 -23.124 -24.208 -23.782 -23.280 -22.996 -22.834 -21.964 -22.916 -22.194 -23.931 -25.737 -22.518 -23.075 -23.507
4.760 -21.573 -23.097 -24.202 -23.781 -23.243 -23.016 -22.766 -21.943 -22.893 -22.174 -23.877 -25.770 -22.504 -23.055 -23.501
4.770 -21.552 -23.067 -24.196 -23.779 -23.203 -23.036 -22.699 -21.923 -22.870 -22.155 -23.826 -25.802 -22.490 -23.035 -23.496
4.780 -21.531 -23.035 -24.190 -23.777 -23.160 -23.056 -22.634 -21.903 -22.848 -22.136 -23.777 -25.833 -22.478 -23.015 -23.492
4.790 -21.510 -23.001 -24.184 -23.775 -23.116 -23.076 -22.570 -21.884 -22.826 -22.117 -23.729 -25.864 -22.468 -22.995 -23.489
4.800 -21.489 -22.966 -24.178 -23.771 -23.072 -23.095 -22.510 -21.865 -22.804 -22.098 -23.684 -25.893 -22.458 -22.975 -23.487
4.810 -21.469 -22.930 -24.172 -23.767 -23.029 -23.115 -22.452 -21.847 -22.782 -22.079 -23.641 -25.920 -22.451 -22.955 -23.486
4.820 -21.449 -22.895 -24.166 -23.761 -22.987 -23.134 -22.398 -21.829 -22.761 -22.060 -23.599 -25.947 -22.447 -22.934 -23.485
4.830 -21.430 -22.861 -24.160 -23.755 -22.947 -23.153 -22.347 -21.812 -22.740 -22.041 -23.559 -25.971 -22.446 -22.914 -23.485
4.840 -21.411 -22.830 -24.154 -23.747 -22.910 -23.172 -22.301 -21.796 -22.720 -22.022 -23.520 -25.993 -22.450 -22.894 -23.485
4.850 -21.394 -22.801 -24.148 -23.739 -22.877 -23.190 -22.260 -21.780 -22.699 -22.004 -23.483 -26.012 -22.458 -22.874 -23.485
4.860 -21.377 -22.775 -24.142 -23.730 -22.848 -23.209 -22.225 -21.764 -22.679 -21.985 -23.446 -26.028 -22.472 -22.854 -23.486
4.870 -21.362 -22.753 -24.137 -23.720 -22.824 -23.228 -22.194 -21.749 -22.660 -21.967 -23.411 -26.039 -22.492 -22.834 -23.486
4.880 -21.348 -22.735 -24.131 -23.710 -22.804 -23.246 -22.169 -21.735 -22.640 -21.949 -23.376 -26.044 -22.518 -22.815 -23.487
4.890 -21.335 -22.722 -24.125 -23.700 -22.789 -23.264 -22.150 -21.721 -22.621 -21.932 -23.342 -26.043 -22.549 -22.795 -23.488
4.900 -21.324 -22.712 -24.120 -23.689 -22.780 -23.282 -22.136 -21.708 -22.602 -21.914 -23.309 -26.033 -22.587 -22.777 -23.488
4.910 -21.313 -22.707 -24.114 -23.680 -22.775 -23.300 -22.127 -21.696 -22.584 -21.896 -23.277 -26.013 -22.632 -22.758 -23.488
4.920 -21.304 -22.706 -24.108 -23.671 -22.776 -23.318 -22.123 -21.685 -22.565 -21.879 -23.244 -25.983 -22.681 -22.740 -23.488
4.930 -21.295 -22.709 -24.103 -23.662 -22.780 -23.336 -22.124 -21.675 -22.547 -21.862 -23.213 -25.942 -22.735 -22.723 -23.488
4.940 -21.288 -22.715 -24.097 -23.655 -22.788 -23.353 -22.128 -21.667 -22.530 -21.845 -23.182 -25.890 -22.793 -22.706 -23.488
4.950 -21.281 -22.723 -24.091 -23.648 -22.800 -23.371 -22.137 -21.660 -22.512 -21.828 -23.151 -25.828 -22.853 -22.690 -23.488
4.960 -21.276 -22.735 -24.085 -23.642 -22.815 -23.388 -22.148 -21.655 -22.495 -21.811 -23.120 -25.758 -22.916 -22.675 -23.488
4.970 -21.271 -22.748 -24.080 -23.637 -22.832 -23.405 -22.162 -21.654 -22.478 -21.794 -23.090 -25.680 -22.979 -22.660 -23.487
4.980 -21.268 -22.764 -24.074 -23.633 -22.852 -23.423 -22.179 -21.655 -22.462 -21.777 -23.060 -25.598 -23.043 -22.646 -23.487
4.990 -21.266 -22.780 -24.068 -23.630 -22.873 -23.440 -22.197 -21.660 -22.445 -21.761 -23.031 -25.511 -23.107 -22.632 -23.486
5.000 -21.266 -22.798 -24.062 -23.627 -22.897 -23.456 -22.217 -21.670 -22.430 -21.744 -23.002 -25.424 -23.171 -22.620 -23.485
5.010 -21.267 -22.817 -24.056 -23.624 -22.921 -23.473 -22.239 -21.685 -22.414 -21.728 -22.973 -25.335 -23.234 -22.608 -23.484
5.020 -21.270 -22.836 -24.051 -23.623 -22.946 -23.490 -22.261 -21.706 -22.399 -21.712 -22.945 -25.247 -23.297 -22.596 -23.483
5.030 -21.274 -22.855 -24.045 -23.621 -22.972 -23.507 -22.284 -21.732 -22.384 -21.696 -22.918 -25.160 -23.358 -22.586 -23.481
5.040 -21.279 -22.875 -24.039 -23.620 -22.999 -23.523 -22.308 -21.764 -22.370 -21.680 -22.891 -25.075 -23.418 -22.576 -23.479
5.050 -21.285 -22.895 -24.033 -23.620 -23.026 -23.540 -22.332 -21.801 -22.356 -21.664 -22.865 -24.992 -23.477 -22.566 -23.477
5.060 -21.291 -22.914 -24.027 -23.619 -23.054 -23.556 -22.357 -21.845 -22.343 -21.648 -22.840 -24.912 -23.534 -22.557 -23.474
5.070 -21.297 -22.934 -24.021 -23.619 -23.081 -23.572 -22.382 -21.893 -22.330 -21.633 -22.815 -24.834 -23.590 -22.549 -23.472
5.080 -21.302 -22.953 -24.016 -23.619 -23.109 -23.588 -22.407 -21.946 -22.317 -21.617 -22.792 -24.760 -23.645 -22.541 -23.469
5.090 -21.306 -22.972 -24.010 -23.620 -23.137 -23.604 -22.432 -22.002 -22.305 -21.602 -22.769 -24.689 -23.698 -22.533 -23.466
5.100 -21.309 -22.990 -24.004 -23.620 -23.165 -23.620 -22.457 -22.061 -22.293 -21.587 -22.748 -24.620 -23.750 -22.526 -23.462
5.110 -21.311 -23.009 -23.998 -23.621 -23.193 -23.636 -22.482 -22.122 -22.282 -21.572 -22.727 -24.554 -23.800 -22.520 -23.459
5.120 -21.311 -23.026 -23.993 -23.621 -23.221 -23.651 -22.507 -22.185 -22.272 -21.557 -22.707 -24.492 -23.849 -22.513 -23.456
5.130 -21.310 -23.043 -23.987 -23.622 -23.249 -23.667 -22.532 -22.248 -22.262 -21.542 -22.688 -24.431 -23.896 -22.507 -23.452
5.140 -21.307 -23.060 -23.981 -23.623 -23.277 -23.683 -22.557 -22.311 -22.253 -21.528 -22.670 -24.373 -23.942 -22.502 -23.449
5.150 -21.304 -23.076 -23.975 -23.624 -23.305 -23.698 -22.582 -22.375 -22.245 -21.513 -22.652 -24.318 -23.986 -22.497 -23.446
5.160 -21.299 -23.092 -23.970 -23.626 -23.332 -23.713 -22.607 -22.438 -22.238 -21.499 -22.635 -24.264 -24.028 -22.492 -23.443
5.170 -21.294 -23.107 -23.964 -23.627 -23.359 -23.729 -22.631 -22.500 -22.232 -21.485 -22.619 -24.212 -24.069 -22.488 -23.440
5.180 -21.288 -23.121 -23.958 -23.628 -23.386 -23.744 -22.655 -22.562 -22.228 -21.471 -22.604 -24.162 -24.107 -22.485 -23.437
5.190 -21.282 -23.135 -23.953 -23.630 -23.413 -23.759 -22.679 -22.623 -22.226 -21.458 -22.589 -24.113 -24.144 -22.482 -23.435
5.200 -21.276 -23.149 -23.947 -23.631 -23.440 -23.774 -22.703 -22.682 -22.226 -21.444 -22.574 -24.066 -24.178 -22.481 -23.433
5.210 -21.270 -23.162 -23.941 -23.633 -23.466 -23.789 -22.727 -22.741 -22.229 -21.431 -22.560 -24.020 -24.210 -22.482 -23.432
5.220 -21.263 -23.174 -23.936 -23.634 -23.493 -23.804 -22.751 -22.798 -22.235 -21.418 -22.546 -23.974 -24.240 -22.484 -23.431
5.230 -21.258 -23.186 -23.930 -23.636 -23.519 -23.818 -22.774 -22.855 -22.245 -21.406 -22.532 -23.930 -24.268 -22.489 -23.431
5.240 -21.252 -23.198 -23.925 -23.637 -23.545 -23.833 -22.797 -22.910 -22.259 -21.394 -22.518 -23.886 -24.292 -22.497 -23.431
5.250 -21.247 -23.208 -23.919 -23.639 -23.571 -23.848 -22.820 -22.964 -22.278 -21.382 -22.505 -23.843 -24.313 -22.509 -23.432
5.260 -21.242 -23.219 -23.914 -23.641 -23.596 -23.862 -22.843 -23.017 -22.303 -21.371 -22.491 -23.801 -24.332 -22.525 -23.433
5.270 -21.238 -23.229 -23.909 -23.643 -23.621 -23.877 -22.865 -23.069 -22.333 -21.360 -22.478 -23.760 -24.347 -22.546 -23.434
5.280 -21.235 -23.238 -23.903 -23.644 -23.647 -23.891 -22.888 -23.120 -22.369 -21.349 -22.464 -23.720 -24.358 -22.571 -23.436
5.290 -21.231 -23.248 -23.898 -23.646 -23.671 -23.905 -22.910 -23.170 -22.409 -21.340 -22.451 -23.680 -24.365 -22.600 -23.438
5.300 -21.228 -23.256 -23.893 -23.648 -23.696 -23.920 -22.932 -23.219 -22.453 -21.330 -22.437 -23.642 -24.369 -22.635 -23.440
5.310 -21.226 -23.265 -23.887 -23.650 -23.721 -23.934 -22.954 -23.267 -22.503 -21.322 -22.423 -23.604 -24.368 -22.675 -23.442
5.320 -21.223 -23.272 -23.882 -23.652 -23.745 -23.948 -22.975 -23.314 -22.555 -21.314 -22.410 -23.568 -24.363 -22.720 -23.444
5.330 -21.221 -23.280 -23.877 -23.654 -23.769 -23.962 -22.997 -23.360 -22.611 -21.307 -22.396 -23.532 -24.355 -22.769 -23.444
5.340 -21.219 -23.287 -23.872 -23.656 -23.793 -23.976 -23.018 -23.406 -22.669 -21.301 -22.383 -23.497 -24.342 -22.820 -23.443
5.350 -21.218 -23.294 -23.866 -23.658 -23.817 -23.990 -23.039 -23.450 -22.728 -21.296 -22.370 -23.464 -24.325 -22.875 -23.439
5.360 -21.217 -23.300 -23.861 -23.660 -23.840 -24.004 -23.060 -23.494 -22.788 -21.293 -22.356 -23.432 -24.304 -22.931 -23.433
5.370 -21.218 -23.306 -23.856 -23.662 -23.864 -24.017 -23.081 -23.536 -22.848 -21.291 -22.343 -23.400 -24.280 -22.988 -23.423
5.380 -21.219 -23.312 -23.851 -23.664 -23.887 -24.031 -23.101 -23.578 -22.909 -21.291 -22.330 -23.370 -24.252 -23.046 -23.409
5.390 -21.223 -23.318 -23.846 -23.666 -23.910 -24.045 -23.122 -23.619 -22.969 -21.294 -22.317 -23.341 -24.222 -23.104 -23.390
5.400 -21.228 -23.323 -23.841 -23.668 -23.933 -24.058 -23.142 -23.659 -23.029 -21.299 -22.305 -23.313 -24.189 -23.162 -23.367
5.410 -21.236 -23.328 -23.836 -23.670 -23.956 -24.072 -23.162 -23.699 -23.087 -21.308 -22.292 -23.286 -24.153 -23.219 -23.339
5.420 -21.246 -23.332 -23.831 -23.672 -23.978 -24.086 -23.182 -23.738 -23.145 -21.321 -22.280 -23.259 -24.116 -23.274 -23.307
5.430 -21.260 -23.337 -23.826 -23.674 -24.001 -24.099 -23.202 -23.776 -23.202 -21.337 -22.268 -23.234 -24.077 -23.328 -23.270
5.440 -21.277 -23.341 -23.822 -23.676 -24.023 -24.112 -23.222 -23.814 -23.258 -21.358 -22.257 -23.209 -24.036 -23.380 -23.231
5.450 -21.298 -23.345 -23.817 -23.678 -24.045 -24.126 -23.241 -23.850 -23.312 -21.384 -22.245 -23.186 -23.995 -23.430 -23.189
5.460 -21.322 -23.348 -23.812 -23.680 -24.067 -24.139 -23.261 -23.887 -23.366 -21.415 -22.234 -23.163 -23.953 -23.477 -23.146
5.470 -21.350 -23.351 -23.807 -23.682 -24.089 -24.152 -23.280 -23.922 -23.418 -21.452 -22.224 -23.141 -23.911 -23.523 -23.103
5.480 -21.380 -23.355 -23.802 -23.684 -24.111 -24.166 -23.299 -23.956 -23.470 -21.493 -22.213 -23.119 -23.868 -23.566 -23.059
5.490 -21.412 -23.358 -23.798 -23.687 -24.132 -24.179 -23.318 -23.990 -23.520 -21.538 -22.203 -23.098 -23.826 -23.606 -23.016
5.500 -21.445 -23.360 -23.793 -23.689 -24.153 -24.192 -23.337 -24.023 -23.569 -21.586 -22.193 -23.079 -23.784 -23.644 -22.975
5.510 -21.479 -23.363 -23.788 -23.691 -24.174 -24.205 -23.356 -24.056 -23.617 -21.639 -22.183 -23.059 -23.742 -23.680 -22.934
5.520 -21.513 -23.366 -23.784 -23.693 -24.195 -24.218 -23.374 -24.087 -23.664 -21.694 -22.174 -23.041 -23.701 -23.712 -22.896
5.530 -21.546 -23.368 -23.779 -23.696 -24.216 -24.231 -23.393 -24.117 -23.710 -21.751 -22.165 -23.023 -23.661 -23.742 -22.859
5.540 -21.578 -23.370 -23.774 -23.698 -24.237 -24.244 -23.411 -24.147 -23.755 -21.810 -22.156 -23.006 -23.621 -23.769 -22.824
5.550 -21.607 -23.372 -23.770 -23.701 -24.257 -24.257 -23.430 -24.175 -23.799 -21.869 -22.148 -22.989 -23.583 -23.794 -22.790
5.560 -21.633 -23.374 -23.765 -23.704 -24.277 -24.270 -23.448 -24.202 -23.842 -21.929 -22.140 -22.973 -23.546 -23.815 -22.758
5.570 -21.657 -23.376 -23.760 -23.706 -24.297 -24.283 -23.466 -24.227 -23.884 -21.988 -22.132 -22.958 -23.510 -23.834 -22.728
5.580 -21.678 -23.378 -23.756 -23.709 -24.317 -24.296 -23.484 -24.251 -23.925 -22.048 -22.125 -22.943 -23.475 -23.849 -22.700
5.590 -21.696 -23.379 -23.751 -23.712 -24.336 -24.308 -23.501 -24.272 -23.966 -22.106 -22.118 -22.929 -23.441 -23.862 -22.673
5.600 -21.711 -23.381 -23.747 -23.715 -24.355 -24.321 -23.519 -24.292 -24.005 -22.165 -22.112 -22.916 -23.408 -23.872 -22.647
5.610 -21.724 -23.382 -23.742 -23.718 -24.373 -24.334 -23.537 -24.309 -24.044 -22.222 -22.106 -22.903 -23.377 -23.879 -22.623
5.620 -21.735 -23.384 -23.738 -23.721 -24.392 -24.347 -23.554 -24.323 -24.082 -22.278 -22.101 -22.890 -23.347 -23.884 -22.600
5.630 -21.744 -23.385 -23.733 -23.725 -24.409 -24.359 -23.572 -24.333 -24.120 -22.333 -22.097 -22.878 -23.319 -23.886 -22.578
5.640 -21.751 -23.386 -23.729 -23.728 -24.426 -24.372 -23.589 -24.341 -24.156 -22.386 -22.094 -22.866 -23.292 -23.886 -22.557
5.650 -21.757 -23.387 -23.724 -23.731 -24.443 -24.385 -23.606 -24.345 -24.192 -22.439 -22.091 -22.855 -23.266 -23.883 -22.537
5.660 -21.762 -23.387 -23.720 -23.734 -24.458 -24.397 -23.623 -24.345 -24.227 -22.491 -22.090 -22.844 -23.241 -23.877 -22.518
5.670 -21.766 -23.388 -23.715 -23.738 -24.473 -24.410 -23.640 -24.341 -24.261 -22.541 -22.089 -22.833 -23.217 -23.870 -22.499
5.680 -21.770 -23.389 -23.711 -23.741 -24.487 -24.422 -23.657 -24.333 -24.294 -22.590 -22.091 -22.823 -23.194 -23.860 -22.481
5.690 -21.773 -23.389 -23.707 -23.744 -24.500 -24.435 -23.674 -24.321 -24.326 -22.638 -22.094 -22.813 -23.172 -23.848 -22.464
5.700 -21.777 -23.389 -23.702 -23.747 -24.511 -24.447 -23.691 -24.305 -24.357 -22.685 -22.100 -22.803 -23.152 -23.835 -22.448
5.710 -21.781 -23.389 -23.698 -23.751 -24.521 -24.460 -23.707 -24.285 -24.388 -22.730 -22.108 -22.794 -23.132 -23.819 -22.432
5.720 -21.785 -23.389 -23.693 -23.754 -24.530 -24.472 -23.724 -24.262 -24.417 -22.775 -22.118 -22.785 -23.113 -23.803 -22.416
5.730 -21.791 -23.389 -23.689 -23.758 -24.537 -24.485 -23.740 -24.237 -24.446 -22.819 -22.132 -22.776 -23.094 -23.784 -22.401
5.740 -21.797 -23.389 -23.685 -23.761 -24.542 -24.497 -23.757 -24.209 -24.473 -22.861 -22.149 -22.767 -23.076 -23.765 -22.387
5.750 -21.804 -23.388 -23.680 -23.764 -24.546 -24.510 -23.773 -24.178 -24.499 -22.903 -22.171 -22.759 -23.059 -23.744 -22.373
5.760 -21.812 -23.387 -23.676 -23.768 -24.548 -24.522 -23.789 -24.147 -24.523 -22.944 -22.196 -22.751 -23.043 -23.723 -22.359
5.770 -21.820 -23.387 -23.672 -23.771 -24.548 -24.534 -23.806 -24.114 -24.546 -22.984 -22.226 -22.743 -23.027 -23.700 -22.346
5.780 -21.830 -23.386 -23.667 -23.775 -24.547 -24.547 -23.822 -24.081 -24.567 -23.023 -22.259 -22.735 -23.011 -23.677 -22.333
5.790 -21.839 -23.385 -23.663 -23.778 -24.544 -24.559 -23.838 -24.048 -24.586 -23.061 -22.296 -22.728 -22.996 -23.654 -22.320
5.800 -21.848 -23.383 -23.659 -23.782 -24.539 -24.571 -23.853 -24.014 -24.603 -23.098 -22.337 -22.721 -22.981 -23.630 -22.308
5.810 -21.857 -23.382 -23.654 -23.785 -24.533 -24.584 -23.869 -23.981 -24.618 -23.134 -22.381 -22.714 -22.967 -23.606 -22.296
5.820 -21.866 -23.381 -23.650 -23.789 -24.525 -24.596 -23.885 -23.949 -24.630 -23.169 -22.427 -22.707 -22.954 -23.581 -22.284
5.830 -21.873 -23.379 -23.646 -23.792 -24.517 -24.608 -23.901 -23.918 -24.640 -23.203 -22.476 -22.700 -22.941 -23.557 -22.273
5.840 -21.879 -23.377 -23.642 -23.796 -24.507 -24.620 -23.916 -23.888 -24.647 -23.236 -22.527 -22.694 -22.928 -23.533 -22.262
5.850 -21.885 -23.376 -23.637 -23.800 -24.496 -24.633 -23.932 -23.859 -24.651 -23.269 -22.579 -22.688 -22.916 -23.509 -22.252
5.860 -21.889 -23.374 -23.633 -23.803 -24.485 -24.645 -23.947 -23.831 -24.652 -23.300 -22.632 -22.683 -22.904 -23.486 -22.242
5.870 -21.892 -23.372 -23.629 -23.807 -24.474 -24.657 -23.963 -23.805 -24.651 -23.330 -22.685 -22.678 -22.893 -23.463 -22.232
5.880 -21.894 -23.370 -23.625 -23.811 -24.461 -24.669 -23.978 -23.780 -24.646 -23.358 -22.738 -22.673 -22.883 -23.441 -22.222
5.890 -21.895 -23.368 -23.620 -23.814 -24.449 -24.682 -23.993 -23.756 -24.638 -23.386 -22.791 -22.669 -22.873 -23.419 -22.213
5.900 -21.896 -23.366 -23.616 -23.818 -24.436 -24.694 -24.008 -23.734 -24.628 -23.412 -22.843 -22.666 -22.864 -23.398 -22.205
5.910 -21.896 -23.364 -23.612 -23.822 -24.423 -24.706 -24.024 -23.713 -24.615 -23.436 -22.895 -22.664 -22.855 -23.378 -22.196
5.920 -21.895 -23.361 -23.608 -23.826 -24.410 -24.718 -24.039 -23.693 -24.600 -23.459 -22.946 -22.663 -22.846 -23.358 -22.189
5.930 -21.894 -23.359 -23.603 -23.829 -24.397 -24.730 -24.054 -23.675 -24.582 -23.480 -22.996 -22.663 -22.839 -23.340 -22.181
5.940 -21.894 -23.357 -23.599 -23.833 -24.383 -24.742 -24.068 -23.658 -24.563 -23.499 -23.045 -22.665 -22.831 -23.322 -22.174
5.950 -21.893 -23.354 -23.595 -23.837 -24.370 -24.755 -24.083 -23.642 -24.542 -23.516 -23.093 -22.669 -22.824 -23.306 -22.168
5.960 -21.892 -23.352 -23.591 -23.840 -24.357 -24.767 -24.098 -23.627 -24.520 -23.531 -23.140 -22.675 -22.818 -23.290 -22.162
5.970 -21.892 -23.349 -23.587 -23.844 -24.344 -24.779 -24.113 -23.614 -24.497 -23.543 -23.186 -22.683 -22.812 -23.275 -22.156
5.980 -21.891 -23.346 -23.582 -23.847 -24.330 -24.791 -24.127 -23.602 -24.474 -23.553 -23.231 -22.695 -22.806 -23.261 -22.151
5.990 -21.892 -23.344 -23.578 -23.851 -24.318 -24.803 -24.142 -23.591 -24.450 -23.560 -23.275 -22.709 -22.800 -23.247 -22.147
6.000 -21.892 -23.341 -23.574 -23.854 -24.305 -24.815 -24.156 -23.582 -24.426 -23.564 -23.317 -22.727 -22.795 -23.235 -22.142
6.010 -21.894 -23.338 -23.570 -23.857 -24.293 -24.827 -24.171 -23.574 -24.401 -23.566 -23.359 -22.749 -22.790 -23.223 -22.139
6.020 -21.895 -23.335 -23.566 -23.861 -24.281 -24.839 -24.185 -23.568 -24.378 -23.564 -23.399 -22.774 -22.785 -23.212 -22.136
6.030 -21.897 -23.332 -23.561 -23.864 -24.269 -24.851 -24.199 -23.564 -24.354 -23.561 -23.439 -22.803 -22.780 -23.202 -22.133
6.040 -21.900 -23.329 -23.557 -23.867 -24.257 -24.863 -24.214 -23.561 -24.331 -23.554 -23.477 -22.835 -22.775 -23.192 -22.131
6.050 -21.902 -23.326 -23.553 -23.870 -24.246 -24.875 -24.228 -23.560 -24.308 -23.545 -23.514 -22.870 -22.771 -23.183 -22.129
6.060 -21.905 -23.323 -23.549 -23.873 -24.236 -24.888 -24.242 -23.561 -24.287 -23.534 -23.550 -22.908 -22.767 -23.174 -22.128
6.070 -21.908 -23.320 -23.545 -23.876 -24.225 -24.900 -24.256 -23.564 -24.266 -23.520 -23.585 -22.949 -22.763 -23.166 -22.127
6.080 -21.911 -23.317 -23.540 -23.878 -24.215 -24.912 -24.270 -23.568 -24.245 -23.504 -23.619 -22.992 -22.760 -23.158 -22.127
6.090 -21.914 -23.314 -23.536 -23.881 -24.204 -24.924 -24.284 -23.574 -24.226 -23.487 -23.652 -23.037 -22.756 -23.150 -22.127
6.100 -21.917 -23.311 -23.532 -23.884 -24.194 -24.936 -24.298 -23.582 -24.208 -23.469 -23.684 -23.083 -22.754 -23.143 -22.128
6.110 -21.920 -23.308 -23.528 -23.887 -24.183 -24.948 -24.312 -23.592 -24.191 -23.449 -23.715 -23.130 -22.752 -23.136 -22.129
6.120 -21.923 -23.305 -23.524 -23.889 -24.172 -24.960 -24.325 -23.603 -24.174 -23.428 -23.744 -23.177 -22.750 -23.129 -22.130
6.130 -21.926 -23.301 -23.519 -23.892 -24.161 -24.972 -24.339 -23.615 -24.159 -23.406 -23.772 -23.225 -22.750 -23.123 -22.132
6.140 -21.929 -23.298 -23.515 -23.894 -24.150 -24.984 -24.353 -23.629 -24.145 -23.384 -23.799 -23.273 -22.751 -23.116 -22.135
6.150 -21.933 -23.294 -23.511 -23.896 -24.138 -24.996 -24.366 -23.643 -24.132 -23.362 -23.825 -23.320 -22.753 -23.110 -22.138
6.160 -21.936 -23.290 -23.507 -23.899 -24.126 -25.008 -24.380 -23.659 -24.121 -23.339 -23.849 -23.367 -22.757 -23.104 -22.141
6.170 -21.940 -23.287 -23.503 -23.901 -24.113 -25.021 -24.393 -23.676 -24.111 -23.317 -23.872 -23.414 -22.762 -23.098 -22.144
6.180 -21.945 -23.283 -23.498 -23.903 -24.101 -25.033 -24.407 -23.694 -24.102 -23.295 -23.893 -23.459 -22.770 -23.093 -22.149
6.190 -21.949 -23.278 -23.494 -23.905 -24.088 -25.045 -24.420 -23.712 -24.095 -23.273 -23.913 -23.504 -22.780 -23.087 -22.154
6.200 -21.955 -23.274 -23.490 -23.907 -24.074 -25.057 -24.434 -23.731 -24.089 -23.252 -23.931 -23.548 -22.793 -23.081 -22.159
6.210 -21.961 -23.270 -23.486 -23.909 -24.061 -25.069 -24.447 -23.751 -24.085 -23.231 -23.948 -23.591 -22.809 -23.076 -22.165
6.220 -21.968 -23.266 -23.482 -23.910 -24.048 -25.081 -24.460 -23.771 -24.083 -23.211 -23.963 -23.633 -22.828 -23.071 -22.172
6.230 -21.976 -23.261 -23.477 -23.911 -24.035 -25.093 -24.474 -23.791 -24.082 -23.192 -23.976 -23.674 -22.850 -23.065 -22.181
6.240 -21.985 -23.257 -23.473 -23.913 -24.022 -25.105 -24.487 -23.812 -24.083 -23.174 -23.987 -23.713 -22.875 -23.060 -22.190
6.250 -21.994 -23.252 -23.469 -23.914 -24.009 -25.117 -24.500 -23.833 -24.085 -23.156 -23.996 -23.752 -22.903 -23.056 -22.201
6.260 -22.006 -23.248 -23.465 -23.914 -23.997 -25.129 -24.513 -23.854 -24.089 -23.140 -24.003 -23.789 -22.934 -23.051 -22.214
6.270 -22.018 -23.243 -23.461 -23.915 -23.985 -25.142 -24.526 -23.875 -24.095 -23.124 -24.008 -23.825 -22.968 -23.047 -22.229
6.280 -22.032 -23.238 -23.456 -23.915 -23.974 -25.154 -24.539 -23.897 -24.102 -23.110 -24.012 -23.861 -23.004 -23.043 -22.246
6.290 -22.047 -23.234 -23.452 -23.916 -23.963 -25.166 -24.552 -23.918 -24.111 -23.097 -24.013 -23.895 -23.042 -23.039 -22.266
6.300 -22.063 -23.230 -23.448 -23.916 -23.953 -25.178 -24.565 -23.944 -24.121 -23.085 -24.013 -23.927 -23.081 -23.037 -22.287
6.310 -22.081 -23.225 -23.444 -23.915 -23.944 -25.190 -24.578 -23.965 -24.133 -23.075 -24.011 -23.959 -23.122 -23.035 -22.312
6.320 -22.100 -23.221 -23.439 -23.915 -23.936 -25.202 -24.591 -23.986 -24.145 -23.065 -24.007 -23.989 -23.164 -23.034 -22.338
6.330 -22.119 -23.217 -23.435 -23.914 -23.929 -25.214 -24.604 -24.008 -24.159 -23.057 -24.002 -24.019 -23.207 -23.034 -22.367
6.340 -22.140 -23.213 -23.431 -23.913 -23.923 -25.226 -24.617 -24.029 -24.174 -23.051 -23.995 -24.047 -23.250 -23.035 -22.398
6.350 -22.160 -23.209 -23.427 -23.912 -23.918 -25.239 -24.630 -24.050 -24.189 -23.046 -23.987 -24.073 -23.293 -23.039 -22.429
6.360 -22.181 -23.206 -23.422 -23.911 -23.915 -25.251 -24.642 -24.071 -24.205 -23.043 -23.977 -24.098 -23.335 -23.044 -22.462
6.370 -22.202 -23.202 -23.418 -23.909 -23.913 -25.263 -24.655 -24.092 -24.222 -23.041 -23.966 -24.122 -23.378 -23.051 -22.495
6.380 -22.223 -23.199 -23.414 -23.907 -23.912 -25.275 -24.668 -24.113 -24.240 -23.040 -23.955 -24.145 -23.420 -23.060 -22.528
6.390 -22.244 -23.196 -23.409 -23.906 -23.912 -25.287 -24.681 -24.134 -24.258 -23.042 -23.942 -24.166 -23.461 -23.072 -22.561
6.400 -22.265 -23.194 -23.405 -23.904 -23.914 -25.299 -24.693 -24.154 -24.277 -23.045 -23.929 -24.185 -23.501 -23.086 -22.594
6.410 -22.285 -23.191 -23.401 -23.902 -23.917 -25.311 -24.706 -24.175 -24.296 -23.049 -23.915 -24.204 -23.541 -23.103 -22.625
6.420 -22.305 -23.189 -23.396 -23.900 -23.921 -25.324 -24.719 -24.195 -24.315 -23.055 -23.901 -24.220 -23.580 -23.124 -22.656
6.430 -22.324 -23.187 -23.392 -23.898 -23.927 -25.336 -24.731 -24.215 -24.335 -23.062 -23.886 -24.235 -23.618 -23.147 -22.684
6.440 -22.343 -23.185 -23.387 -23.896 -23.934 -25.348 -24.744 -24.235 -24.354 -23.071 -23.872 -24.249 -23.654 -23.172 -22.712
6.450 -22.362 -23.183 -23.383 -23.895 -23.942 -25.360 -24.757 -24.255 -24.374 -23.081 -23.857 -24.260 -23.690 -23.200 -22.737
6.460 -22.379 -23.182 -23.378 -23.893 -23.951 -25.372 -24.769 -24.275 -24.399 -23.093 -23.842 -24.270 -23.725 -23.231 -22.761
6.470 -22.396 -23.180 -23.374 -23.892 -23.961 -25.384 -24.782 -24.295 -24.419 -23.105 -23.827 -24.279 -23.758 -23.263 -22.783
6.480 -22.413 -23.179 -23.370 -23.890 -23.971 -25.396 -24.794 -24.314 -24.439 -23.119 -23.813 -24.286 -23.790 -23.297 -22.803
6.490 -22.428 -23.178 -23.365 -23.889 -23.983 -25.409 -24.807 -24.334 -24.459 -23.134 -23.798 -24.291 -23.821 -23.333 -22.822
6.500 -22.443 -23.176 -23.361 -23.888 -23.995 -25.421 -24.819 -24.353 -24.479 -23.149 -23.785 -24.295 -23.851 -23.370 -22.838
6.510 -22.457 -23.175 -23.356 -23.888 -24.008 -25.433 -24.831 -24.372 -24.499 -23.166 -23.771 -24.297 -23.880 -23.408 -22.852
6.520 -22.470 -23.174 -23.352 -23.887 -24.020 -25.445 -24.844 -24.391 -24.519 -23.183 -23.758 -24.297 -23.907 -23.446 -22.865
6.530 -22.482 -23.173 -23.347 -23.887 -24.034 -25.457 -24.856 -24.410 -24.539 -23.201 -23.746 -24.297 -23.934 -23.484 -22.876
6.540 -22.492 -23.171 -23.343 -23.887 -24.047 -25.469 -24.869 -24.429 -24.559 -23.219 -23.735 -24.294 -23.958 -23.523 -22.885
6.550 -22.504 -23.170 -23.338 -23.887 -24.063 -25.482 -24.881 -24.447 -24.579 -23.246 -23.724 -24.291 -23.982 -23.561 -22.892
6.560 -22.513 -23.169 -23.334 -23.887 -24.076 -25.494 -24.893 -24.466 -24.598 -23.265 -23.714 -24.286 -24.004 -23.600 -22.898
6.570 -22.520 -23.167 -23.329 -23.887 -24.089 -25.506 -24.906 -24.484 -24.618 -23.285 -23.705 -24.280 -24.025 -23.637 -22.902
6.580 -22.527 -23.166 -23.324 -23.887 -24.101 -25.518 -24.918 -24.502 -24.637 -23.304 -23.698 -24.274 -24.045 -23.674 -22.905
6.590 -22.533 -23.164 -23.320 -23.888 -24.114 -25.530 -24.930 -24.520 -24.657 -23.324 -23.691 -24.266 -24.063 -23.710 -22.907
6.600 -22.539 -23.162 -23.315 -23.888 -24.126 -25.543 -24.943 -24.538 -24.676 -23.344 -23.685 -24.257 -24.080 -23.746 -22.907
6.610 -22.543 -23.161 -23.311 -23.889 -24.137 -25.555 -24.955 -24.556 -24.695 -23.365 -23.680 -24.248 -24.095 -23.780 -22.906
6.620 -22.547 -23.159 -23.306 -23.890 -24.149 -25.567 -24.967 -24.574 -24.714 -23.385 -23.677 -24.238 -24.109 -23.814 -22.904
6.630 -22.549 -23.157 -23.301 -23.891 -24.159 -25.579 -24.979 -24.591 -24.733 -23.406 -23.675 -24.228 -24.121 -23.846 -22.902
6.640 -22.552 -23.154 -23.297 -23.892 -24.170 -25.592 -24.992 -24.609 -24.752 -23.426 -23.674 -24.217 -24.132 -23.878 -22.898
6.650 -22.553 -23.152 -23.292 -23.892 -24.180 -25.604 -25.004 -24.626 -24.771 -23.447 -23.675 -24.206 -24.142 -23.908 -22.893
6.660 -22.554 -23.150 -23.288 -23.893 -24.190 -25.616 -25.016 -24.644 -24.789 -23.467 -23.676 -24.194 -24.150 -23.937 -22.888
6.670 -22.555 -23.148 -23.283 -23.894 -24.199 -25.629 -25.028 -24.661 -24.808 -23.488 -23.680 -24.183 -24.157 -23.966 -22.882
6.680 -22.555 -23.145 -23.278 -23.896 -24.208 -25.641 -25.040 -24.678 -24.826 -23.508 -23.684 -24.172 -24.163 -23.992 -22.876
6.690 -22.554 -23.143 -23.274 -23.897 -24.217 -25.653 -25.053 -24.695 -24.844 -23.529 -23.690 -24.160 -24.167 -24.018 -22.869
6.700 -22.554 -23.140 -23.269 -23.898 -24.226 -25.665 -25.065 -24.712 -24.862 -23.549 -23.696 -24.149 -24.170 -24.043 -22.862
6.710 -22.553 -23.137 -23.264 -23.899 -24.234 -25.678 -25.077 -24.729 -24.880 -23.569 -23.705 -24.138 -24.172 -24.066 -22.855
6.720 -22.551 -23.135 -23.260 -23.900 -24.243 -25.690 -25.089 -24.746 -24.898 -23.589 -23.714 -24.127 -24.172 -24.088 -22.848
6.730 -22.549 -23.132 -23.255 -23.902 -24.251 -25.702 -25.101 -24.762 -24.916 -23.609 -23.724 -24.117 -24.172 -24.109 -22.840
6.740 -22.547 -23.129 -23.250 -23.903 -24.259 -25.715 -25.113 -24.779 -24.933 -23.629 -23.736 -24.107 -24.170 -24.128 -22.832
6.750 -22.545 -23.127 -23.246 -23.904 -24.267 -25.727 -25.125 -24.795 -24.951 -23.649 -23.748 -24.097 -24.168 -24.146 -22.824
6.760 -22.543 -23.124 -23.241 -23.906 -24.275 -25.740 -25.138 -24.812 -24.968 -23.669 -23.772 -24.089 -24.164 -24.163 -22.817
6.770 -22.541 -23.121 -23.236 -23.907 -24.283 -25.752 -25.150 -24.828 -24.985 -23.688 -23.786 -24.080 -24.160 -24.179 -22.809
6.780 -22.538 -23.118 -23.231 -23.909 -24.291 -25.764 -25.162 -24.844 -25.002 -23.707 -23.800 -24.073 -24.155 -24.193 -22.801
6.790 -22.535 -23.115 -23.227 -23.910 -24.299 -25.777 -25.174 -24.860 -25.019 -23.727 -23.816 -24.066 -24.149 -24.206 -22.794
6.800 -22.533 -23.113 -23.222 -23.912 -24.306 -25.789 -25.186 -24.876 -25.036 -23.746 -23.832 -24.060 -24.143 -24.218 -22.787
6.810 -22.530 -23.110 -23.217 -23.914 -24.314 -25.801 -25.198 -24.892 -25.053 -23.765 -23.848 -24.055 -24.136 -24.229 -22.780
6.820 -22.527 -23.107 -23.212 -23.916 -24.321 -25.814 -25.210 -24.908 -25.070 -23.784 -23.865 -24.051 -24.129 -24.238 -22.774
6.830 -22.525 -23.104 -23.208 -23.917 -24.329 -25.826 -25.222 -24.924 -25.086 -23.803 -23.882 -24.048 -24.121 -24.246 -22.768
6.840 -22.522 -23.101 -23.203 -23.919 -24.336 -25.839 -25.234 -24.939 -25.103 -23.821 -23.900 -24.045 -24.113 -24.253 -22.762
6.850 -22.520 -23.097 -23.198 -23.921 -24.343 -25.851 -25.247 -24.955 -25.119 -23.840 -23.918 -24.044 -24.105 -24.259 -22.757
6.860 -22.518 -23.094 -23.193 -23.923 -24.351 -25.864 -25.259 -24.970 -25.136 -23.858 -23.937 -24.044 -24.097 -24.264 -22.752
6.870 -22.516 -23.091 -23.189 -23.925 -24.358 -25.876 -25.271 -24.986 -25.152 -23.877 -23.955 -24.045 -24.088 -24.267 -22.748
6.880 -22.514 -23.088 -23.184 -23.926 -24.365 -25.889 -25.283 -25.001 -25.168 -23.895 -23.974 -24.047 -24.080 -24.270 -22.744
6.890 -22.513 -23.085 -23.179 -23.928 -24.372 -25.901 -25.295 -25.016 -25.184 -23.913 -23.993 -24.050 -24.071 -24.271 -22.741
6.900 -22.512 -23.082 -23.174 -23.930 -24.379 -25.914 -25.307 -25.031 -25.200 -23.931 -24.012 -24.054 -24.063 -24.272 -22.739
6.910 -22.512 -23.078 -23.169 -23.932 -24.388 -25.926 -25.319 -25.046 -25.216 -23.948 -24.031 -24.075 -24.055 -24.272 -22.737
6.920 -22.511 -23.075 -23.165 -23.933 -24.395 -25.939 -25.331 -25.061 -25.231 -23.966 -24.050 -24.081 -24.047 -24.271 -22.736
6.930 -22.511 -23.072 -23.160 -23.935 -24.402 -25.952 -25.344 -25.076 -25.247 -23.984 -24.069 -24.089 -24.040 -24.269 -22.736
6.940 -22.512 -23.068 -23.155 -23.937 -24.408 -25.964 -25.356 -25.090 -25.262 -24.001 -24.088 -24.097 -24.032 -24.267 -22.737
6.950 -22.513 -23.065 -23.150 -23.938 -24.415 -25.977 -25.368 -25.105 -25.278 -24.018 -24.107 -24.106 -24.026 -24.264 -22.738
6.960 -22.514 -23.061 -23.145 -23.940 -24.422 -25.989 -25.380 -25.119 -25.293 -24.035 -24.127 -24.116 -24.019 -24.260 -22.741
6.970 -22.516 -23.058 -23.141 -23.941 -24.429 -26.002 -25.392 -25.134 -25.309 -24.053 -24.146 -24.127 -24.014 -24.256 -22.744
6.980 -22.519 -23.054 -23.136 -23.943 -24.435 -26.014 -25.404 -25.148 -25.324 -24.070 -24.165 -24.138 -24.009 -24.251 -22.748
6.990 -22.522 -23.051 -23.131 -23.944 -24.442 -26.027 -25.417 -25.162 -25.339 -24.087 -24.184 -24.151 -24.004 -24.246 -22.753
7.000 -22.525 -23.047 -23.126 -23.945 -24.449 -26.040 -25.429 -25.177 -25.354 -24.103 -24.203 -24.164 -24.001 -24.241 -22.760
7.010 -22.529 -23.043 -23.121 -23.946 -24.455 -26.052 -25.441 -25.191 -25.369 -24.120 -24.221 -24.177 -23.997 -24.235 -22.767
7.020 -22.534 -23.040 -23.116 -23.947 -24.462 -26.065 -25.453 -25.205 -25.384 -24.136 -24.240 -24.192 -23.995 -24.229 -22.776
7.030 -22.539 -23.036 -23.112 -23.947 -24.469 -26.078 -25.466 -25.219 -25.398 -24.153 -24.259 -24.206 -23.994 -24.223 -22.785
7.040 -22.545 -23.032 -23.107 -23.948 -24.476 -26.091 -25.478 -25.232 -25.413 -24.169 -24.277 -24.222 -23.993 -24.217 -22.796
7.050 -22.552 -23.029 -23.102 -23.948 -24.486 -26.103 -25.490 -25.246 -25.428 -24.185 -24.296 -24.237 -24.011 -24.211 -22.809
7.060 -22.560 -23.025 -23.097 -23.948 -24.493 -26.116 -25.502 -25.260 -25.442 -24.202 -24.314 -24.253 -24.012 -24.206 -22.823
7.070 -22.567 -23.021 -23.092 -23.948 -24.500 -26.129 -25.515 -25.274 -25.457 -24.217 -24.332 -24.270 -24.014 -24.200 -22.838
7.080 -22.576 -23.017 -23.087 -23.948 -24.508 -26.142 -25.527 -25.287 -25.471 -24.233 -24.350 -24.286 -24.017 -24.194 -22.855
7.090 -22.585 -23.013 -23.082 -23.947 -24.515 -26.154 -25.539 -25.301 -25.485 -24.249 -24.368 -24.303 -24.021 -24.189 -22.873
7.100 -22.594 -23.009 -23.078 -23.947 -24.523 -26.167 -25.551 -25.314 -25.500 -24.265 -24.386 -24.320 -24.026 -24.183 -22.892
7.110 -22.604 -23.005 -23.073 -23.946 -24.530 -26.180 -25.564 -25.327 -25.514 -24.280 -24.404 -24.337 -24.032 -24.178 -22.914
7.120 -22.615 -23.001 -23.068 -23.946 -24.538 -26.193 -25.576 -25.340 -25.528 -24.296 -24.421 -24.355 -24.038 -24.174 -22.936
7.130 -22.625 -22.997 -23.063 -23.945 -24.547 -26.206 -25.588 -25.354 -25.542 -24.311 -24.439 -24.372 -24.045 -24.170 -22.960
7.140 -22.636 -22.993 -23.058 -23.945 -24.555 -26.218 -25.601 -25.367 -25.556 -24.326 -24.456 -24.390 -24.053 -24.166 -22.985
7.150 -22.647 -22.989 -23.053 -23.945 -24.563 -26.231 -25.613 -25.380 -25.570 -24.341 -24.474 -24.408 -24.062 -24.163 -23.011
7.160 -22.657 -22.985 -23.048 -23.945 -24.572 -26.244 -25.626 -25.392 -25.584 -24.356 -24.491 -24.425 -24.072 -24.160 -23.038
7.170 -22.668 -22.981 -23.044 -23.944 -24.581 -26.257 -25.638 -25.405 -25.597 -24.371 -24.508 -24.443 -24.082 -24.158 -23.066
7.180 -22.678 -22.977 -23.039 -23.945 -24.590 -26.270 -25.650 -25.418 -25.611 -24.386 -24.525 -24.461 -24.093 -24.157 -23.094
7.190 -22.688 -22.973 -23.034 -23.945 -24.600 -26.283 -25.663 -25.431 -25.625 -24.401 -24.541 -24.479 -24.105 -24.156 -23.123
7.200 -22.697 -22.969 -23.029 -23.945 -24.609 -26.296 -25.675 -25.444 -25.638 -24.416 -24.558 -24.497 -24.117 -24.156 -23.152
7.210 -22.707 -22.965 -23.024 -23.946 -24.619 -26.309 -25.688 -25.456 -25.652 -24.430 -24.575 -24.514 -24.130 -24.156 -23.181
7.220 -22.715 -22.961 -23.019 -23.946 -24.629 -26.321 -25.700 -25.469 -25.665 -24.444 -24.591 -24.532 -24.143 -24.158 -23.210
7.230 -22.723 -22.957 -23.014 -23.947 -24.639 -26.334 -25.713 -25.481 -25.678 -24.459 -24.607 -24.550 -24.157 -24.160 -23.238
7.240 -22.730 -22.953 -23.009 -23.948 -24.649 -26.347 -25.725 -25.494 -25.692 -24.473 -24.624 -24.567 -24.171 -24.162 -23.267
7.250 -22.737 -22.949 -23.005 -23.950 -24.659 -26.360 -25.737 -25.506 -25.705 -24.487 -24.640 -24.585 -24.186 -24.166 -23.295
7.260 -22.744 -22.945 -23.000 -23.951 -24.670 -26.373 -25.750 -25.518 -25.718 -24.501 -24.656 -24.603 -24.201 -24.170 -23.323
7.270 -22.749 -22.941 -22.995 -23.952 -24.681 -26.386 -25.762 -25.531 -25.731 -24.515 -24.672 -24.620 -24.216 -24.175 -23.350
7.280 -22.755 -22.938 -22.990 -23.954 -24.691 -26.399 -25.775 -25.543 -25.744 -24.529 -24.687 -24.637 -24.232 -24.181 -23.376
7.290 -22.759 -22.934 -22.985 -23.956 -24.702 -26.412 -25.788 -25.555 -25.757 -24.543 -24.703 -24.655 -24.248 -24.187 -23.402
7.300 -22.764 -22.930 -22.980 -23.958 -24.713 -26.425 -25.800 -25.630 -25.770 -24.556 -24.719 -24.672 -24.264 -24.194 -23.427
7.310 -22.767 -22.926 -22.975 -23.960 -24.724 -26.438 -25.813 -25.643 -25.783 -24.570 -24.734 -24.689 -24.280 -24.202 -23.451
7.320 -22.770 -22.922 -22.971 -23.962 -24.736 -26.451 -25.825 -25.656 -25.796 -24.583 -24.749 -24.706 -24.296 -24.211 -23.474
7.330 -22.773 -22.918 -22.966 -23.964 -24.747 -26.464 -25.838 -25.668 -25.808 -24.597 -24.765 -24.723 -24.313 -24.220 -23.497
7.340 -22.776 -22.914 -22.961 -23.966 -24.758 -26.477 -25.850 -25.681 -25.821 -24.610 -24.780 -24.740 -24.329 -24.230 -23.519
7.350 -22.778 -22.910 -22.956 -23.969 -24.769 -26.490 -25.863 -25.694 -25.834 -24.623 -24.795 -24.757 -24.346 -24.241 -23.540
7.360 -22.780 -22.906 -22.951 -23.971 -24.780 -26.503 -25.875 -25.707 -25.846 -24.637 -24.810 -24.773 -24.363 -24.252 -23.560
7.370 -22.781 -22.902 -22.946 -23.974 -24.790 -26.516 -25.888 -25.719 -25.859 -24.650 -24.825 -24.790 -24.380 -24.263 -23.579
7.380 -22.782 -22.898 -22.941 -23.976 -24.801 -26.529 -25.901 -25.732 -25.872 -24.663 -24.839 -24.806 -24.397 -24.275 -23.598
7.390 -22.783 -22.894 -22.937 -23.979 -24.812 -26.542 -25.913 -25.745 -25.884 -24.676 -24.854 -24.823 -24.414 -24.288 -23.616
7.400 -22.783 -22.890 -22.932 -23.982 -24.822 -26.555 -25.926 -25.757 -25.897 -24.689 -24.869 -24.839 -24.430 -24.301 -23.633
7.410 -22.783 -22.885 -22.927 -23.985 -24.832 -26.568 -25.939 -25.770 -25.909 -24.701 -24.883 -24.855 -24.447 -24.314 -23.649
7.420 -22.783 -22.881 -22.922 -23.988 -24.842 -26.582 -25.951 -25.782 -25.921 -24.714 -24.898 -24.871 -24.464 -24.328 -23.665
7.430 -22.783 -22.877 -22.917 -23.991 -24.851 -26.595 -25.964 -25.795 -25.933 -24.727 -24.912 -24.887 -24.481 -24.342 -23.679
7.440 -22.783 -22.873 -22.912 -23.994 -24.860 -26.608 -25.976 -25.808 -25.946 -24.739 -24.926 -24.903 -24.498 -24.357 -23.693
7.450 -22.782 -22.869 -22.908 -23.997 -24.869 -26.621 -25.989 -25.820 -25.958 -24.752 -24.940 -24.919 -24.515 -24.372 -23.706
7.460 -22.781 -22.865 -22.903 -24.000 -24.878 -26.634 -26.002 -25.832 -25.970 -24.764 -24.954 -24.935 -24.532 -24.387 -23.719
7.470 -22.780 -22.861 -22.898 -24.003 -24.886 -26.647 -26.014 -25.845 -25.982 -24.777 -24.968 -24.951 -24.549 -24.402 -23.730
7.480 -22.778 -22.857 -22.893 -24.007 -24.894 -26.660 -26.027 -25.857 -25.994 -24.789 -24.982 -24.966 -24.566 -24.417 -23.742
7.490 -22.777 -22.853 -22.888 -24.010 -24.901 -26.673 -26.040 -25.870 -26.006 -24.801 -24.996 -24.981 -24.582 -24.433 -23.752
7.500 -22.775 -22.849 -22.883 -24.014 -24.908 -26.687 -26.053 -25.882 -26.018 -24.814 -25.010 -24.997 -24.599 -24.449 -23.762
7.510 -22.774 -22.844 -22.879 -24.017 -24.914 -26.700 -26.065 -25.894 -26.030 -24.826 -25.023 -25.012 -24.615 -24.464 -23.771
7.520 -22.772 -22.840 -22.874 -24.021 -24.920 -26.713 -26.078 -25.907 -26.042 -24.838 -25.037 -25.027 -24.632 -24.480 -23.779
7.530 -22.770 -22.836 -22.869 -24.024 -24.925 -26.726 -26.091 -25.919 -26.053 -24.850 -25.050 -25.042 -24.648 -24.496 -23.787
7.540 -22.767 -22.832 -22.864 -24.028 -24.930 -26.739 -26.104 -25.931 -26.065 -24.862 -25.064 -25.057 -24.665 -24.513 -23.794
7.550 -22.765 -22.828 -22.859 -24.031 -24.935 -26.753 -26.116 -25.944 -26.077 -24.874 -25.077 -25.072 -24.681 -24.529 -23.801
7.560 -22.763 -22.823 -22.855 -24.035 -24.939 -26.766 -26.129 -25.956 -26.089 -24.886 -25.091 -25.087 -24.697 -24.545 -23.807
7.570 -22.760 -22.819 -22.850 -24.038 -24.942 -26.779 -26.142 -25.968 -26.100 -24.898 -25.104 -25.102 -24.713 -24.562 -23.813
7.580 -22.758 -22.815 -22.845 -24.042 -24.946 -26.792 -26.155 -25.981 -26.112 -24.910 -25.117 -25.116 -24.729 -24.578 -23.818
7.590 -22.755 -22.811 -22.840 -24.046 -24.948 -26.806 -26.168 -25.993 -26.124 -24.921 -25.130 -25.131 -24.745 -24.594 -23.823
7.600 -22.752 -22.807 -22.835 -24.049 -24.951 -26.819 -26.180 -26.005 -26.135 -24.933 -25.143 -25.145 -24.761 -24.611 -23.827
7.610 -22.749 -22.802 -22.831 -24.053 -24.953 -26.832 -26.193 -26.017 -26.147 -24.945 -25.156 -25.160 -24.776 -24.627 -23.831
7.620 -22.746 -22.798 -22.826 -24.056 -24.955 -26.845 -26.206 -26.029 -26.158 -24.957 -25.169 -25.174 -24.792 -24.643 -23.835
7.630 -22.743 -22.794 -22.821 -24.060 -24.956 -26.859 -26.219 -26.042 -26.170 -24.968 -25.181 -25.188 -24.808 -24.659 -23.838
7.640 -22.740 -22.789 -22.816 -24.063 -24.957 -26.872 -26.232 -26.054 -26.181 -24.980 -25.194 -25.203 -24.823 -24.676 -23.841
7.650 -22.737 -22.785 -22.812 -24.067 -24.958 -26.885 -26.245 -26.066 -26.193 -24.992 -25.207 -25.217 -24.839 -24.692 -23.844
7.660 -22.734 -22.781 -22.807 -24.070 -24.959 -26.899 -26.257 -26.078 -26.204 -25.003 -25.219 -25.231 -24.854 -24.708 -23.847
7.670 -22.731 -22.777 -22.802 -24.073 -24.959 -26.912 -26.270 -26.090 -26.215 -25.014 -25.232 -25.245 -24.869 -24.724 -23.849
7.680 -22.727 -22.772 -22.797 -24.077 -24.960 -26.925 -26.283 -26.103 -26.227 -25.026 -25.245 -25.258 -24.884 -24.740 -23.851
7.690 -22.724 -22.768 -22.793 -24.080 -24.960 -26.939 -26.296 -26.115 -26.238 -25.037 -25.257 -25.272 -24.899 -24.756 -23.853
7.700 -22.721 -22.764 -22.788 -24.083 -24.960 -26.952 -26.309 -26.127 -26.249 -25.049 -25.269 -25.286 -24.914 -24.772 -23.855
7.710 -22.717 -22.759 -22.783 -24.086 -24.960 -26.965 -26.322 -26.139 -26.261 -25.060 -25.282 -25.300 -24.929 -24.788 -23.857
7.720 -22.714 -22.755 -22.778 -24.089 -24.961 -26.979 -26.335 -26.151 -26.272 -25.071 -25.294 -25.313 -24.944 -24.804 -23.859
7.730 -22.710 -22.750 -22.774 -24.091 -24.961 -26.992 -26.348 -26.164 -26.283 -25.083 -25.306 -25.327 -24.959 -24.820 -23.861
7.740 -22.707 -22.746 -22.769 -24.094 -24.961 -27.005 -26.361 -26.176 -26.294 -25.094 -25.318 -25.340 -24.973 -24.835 -23.862
7.750 -22.703 -22.742 -22.764 -24.097 -24.961 -27.019 -26.374 -26.188 -26.305 -25.105 -25.330 -25.353 -24.988 -24.851 -23.864
7.760 -22.699 -22.737 -22.759 -24.099 -24.961 -27.032 -26.387 -26.200 -26.316 -25.116 -25.343 -25.367 -25.002 -24.866 -23.866
7.770 -22.696 -22.733 -22.755 -24.101 -24.962 -27.046 -26.400 -26.212 -26.328 -25.127 -25.355 -25.380 -25.017 -24.882 -23.868
7.780 -22.692 -22.729 -22.750 -24.103 -24.962 -27.059 -26.413 -26.224 -26.339 -25.139 -25.366 -25.393 -25.031 -24.897 -23.870
7.790 -22.689 -22.724 -22.745 -24.105 -24.963 -27.073 -26.426 -26.237 -26.350 -25.150 -25.378 -25.406 -25.045 -24.912 -23.872
7.800 -22.685 -22.720 -22.741 -24.107 -24.964 -27.086 -26.439 -26.249 -26.462 -25.161 -25.390 -25.419 -25.059 -24.928 -23.875
7.810 -22.681 -22.715 -22.736 -24.109 -24.965 -27.099 -26.452 -26.261 -26.474 -25.172 -25.402 -25.432 -25.073 -24.943 -23.877
7.820 -22.677 -22.711 -22.731 -24.111 -24.967 -27.113 -26.465 -26.273 -26.486 -25.183 -25.414 -25.445 -25.087 -24.958 -23.880
7.830 -22.674 -22.706 -22.726 -24.112 -24.969 -27.126 -26.478 -26.285 -26.499 -25.194 -25.426 -25.458 -25.101 -24.973 -23.883
7.840 -22.670 -22.702 -22.722 -24.113 -24.971 -27.140 -26.491 -26.297 -26.511 -25.205 -25.437 -25.471 -25.115 -24.987 -23.886
7.850 -22.666 -22.698 -22.717 -24.114 -24.973 -27.153 -26.504 -26.310 -26.523 -25.216 -25.449 -25.483 -25.129 -25.002 -23.889
7.860 -22.663 -22.693 -22.712 -24.115 -24.975 -27.167 -26.517 -26.322 -26.536 -25.226 -25.461 -25.496 -25.142 -25.017 -23.893
7.870 -22.659 -22.689 -22.708 -24.116 -24.978 -27.180 -26.530 -26.334 -26.548 -25.237 -25.472 -25.509 -25.156 -25.031 -23.897
7.880 -22.655 -22.684 -22.703 -24.117 -24.982 -27.194 -26.543 -26.346 -26.560 -25.248 -25.484 -25.521 -25.170 -25.046 -23.901
7.890 -22.651 -22.680 -22.698 -24.117 -24.985 -27.208 -26.556 -26.359 -26.572 -25.259 -25.495 -25.534 -25.183 -25.060 -23.906
7.900 -22.648 -22.675 -22.694 -24.118 -24.989 -27.221 -26.570 -26.371 -26.585 -25.270 -25.507 -25.546 -25.197 -25.075 -23.911
7.910 -22.644 -22.671 -22.689 -24.118 -24.994 -27.235 -26.583 -26.383 -26.597 -25.281 -25.518 -25.558 -25.210 -25.089 -23.916
7.920 -22.640 -22.666 -22.684 -24.119 -24.998 -27.248 -26.596 -26.395 -26.609 -25.291 -25.530 -25.571 -25.223 -25.103 -23.921
7.930 -22.636 -22.662 -22.680 -24.119 -25.004 -27.262 -26.609 -26.407 -26.622 -25.302 -25.541 -25.583 -25.236 -25.117 -23.927
7.940 -22.632 -22.658 -22.675 -24.119 -25.009 -27.275 -26.622 -26.420 -26.634 -25.313 -25.552 -25.595 -25.249 -25.131 -23.933
7.950 -22.629 -22.653 -22.670 -24.119 -25.015 -27.289 -26.635 -26.432 -26.646 -25.323 -25.564 -25.608 -25.262 -25.145 -23.940
7.960 -22.625 -22.649 -22.666 -24.119 -25.021 -27.303 -26.648 -26.444 -26.659 -25.334 -25.575 -25.620 -25.275 -25.159 -23.946
7.970 -22.621 -22.644 -22.661 -24.119 -25.028 -27.316 -26.662 -26.456 -26.671 -25.345 -25.586 -25.632 -25.288 -25.173 -23.953
7.980 -22.617 -22.640 -22.656 -24.119 -25.035 -27.330 -26.675 -26.469 -26.683 -25.355 -25.597 -25.644 -25.301 -25.187 -23.960
7.990 -22.614 -22.635 -22.652 -24.119 -25.042 -27.343 -26.688 -26.481 -26.696 -25.366 -25.608 -25.656 -25.314 -25.201 -23.968
8.000 -22.610 -22.631 -22.647 -24.119 -25.050 -27.357 -26.701 -26.493 -26.708 -25.377 -25.619 -25.668 -25.327 -25.214 -23.976
