#
# CIE cooling function for Z=10 solar
#   ne=0.004 cm^-3
#   logT = 4.0 to 8.0
#   sun_photospheric_1998_grevesse abundances
# Calculated using CHIANTI and ChiantiPy
#
logT   Total    Cont   FFCont  FBCont  2PCont
4.000 -22.288 -23.824 -26.367 -26.596 -23.826
4.010 -22.236 -23.712 -26.320 -26.428 -23.714
4.020 -22.185 -23.602 -26.272 -26.263 -23.603
4.030 -22.134 -23.494 -26.222 -26.101 -23.496
4.040 -22.084 -23.389 -26.169 -25.943 -23.391
4.050 -22.035 -23.286 -26.113 -25.789 -23.288
4.060 -21.987 -23.187 -26.052 -25.638 -23.189
4.070 -21.938 -23.091 -25.985 -25.491 -23.093
4.080 -21.890 -22.999 -25.911 -25.348 -23.001
4.090 -21.842 -22.910 -25.832 -25.210 -22.912
4.100 -21.794 -22.824 -25.748 -25.076 -22.827
4.110 -21.746 -22.743 -25.659 -24.947 -22.747
4.120 -21.698 -22.667 -25.567 -24.824 -22.671
4.130 -21.651 -22.596 -25.474 -24.706 -22.600
4.140 -21.606 -22.531 -25.382 -24.596 -22.536
4.150 -21.562 -22.474 -25.292 -24.493 -22.478
4.160 -21.522 -22.423 -25.207 -24.398 -22.428
4.170 -21.485 -22.380 -25.126 -24.312 -22.386
4.180 -21.451 -22.345 -25.052 -24.234 -22.352
4.190 -21.421 -22.318 -24.984 -24.164 -22.326
4.200 -21.395 -22.300 -24.924 -24.104 -22.308
4.210 -21.374 -22.289 -24.871 -24.052 -22.298
4.220 -21.357 -22.285 -24.825 -24.008 -22.295
4.230 -21.344 -22.288 -24.785 -23.971 -22.299
4.240 -21.334 -22.297 -24.751 -23.940 -22.309
4.250 -21.326 -22.310 -24.722 -23.914 -22.323
4.260 -21.321 -22.327 -24.697 -23.893 -22.341
4.270 -21.317 -22.348 -24.675 -23.876 -22.363
4.280 -21.315 -22.371 -24.656 -23.862 -22.387
4.290 -21.313 -22.396 -24.640 -23.851 -22.414
4.300 -21.312 -22.423 -24.626 -23.842 -22.442
4.310 -21.311 -22.450 -24.613 -23.835 -22.472
4.320 -21.310 -22.478 -24.601 -23.828 -22.502
4.330 -21.309 -22.507 -24.590 -23.823 -22.532
4.340 -21.306 -22.536 -24.579 -23.819 -22.563
4.350 -21.303 -22.565 -24.569 -23.815 -22.595
4.360 -21.299 -22.594 -24.559 -23.812 -22.626
4.370 -21.293 -22.622 -24.549 -23.809 -22.657
4.380 -21.287 -22.650 -24.538 -23.807 -22.688
4.390 -21.279 -22.677 -24.527 -23.805 -22.718
4.400 -21.270 -22.704 -24.516 -23.802 -22.748
4.410 -21.260 -22.730 -24.504 -23.800 -22.777
4.420 -21.249 -22.755 -24.492 -23.798 -22.805
4.430 -21.237 -22.780 -24.479 -23.796 -22.833
4.440 -21.225 -22.803 -24.465 -23.794 -22.861
4.450 -21.211 -22.827 -24.452 -23.792 -22.888
4.460 -21.196 -22.849 -24.438 -23.790 -22.915
4.470 -21.181 -22.871 -24.425 -23.788 -22.941
4.480 -21.166 -22.893 -24.412 -23.786 -22.968
4.490 -21.150 -22.915 -24.400 -23.784 -22.995
4.500 -21.133 -22.936 -24.388 -23.783 -23.021
4.510 -21.116 -22.957 -24.377 -23.782 -23.048
4.520 -21.098 -22.978 -24.367 -23.781 -23.075
4.530 -21.080 -22.999 -24.357 -23.780 -23.101
4.540 -21.061 -23.020 -24.348 -23.779 -23.128
4.550 -21.043 -23.040 -24.339 -23.779 -23.155
4.560 -21.023 -23.059 -24.331 -23.779 -23.181
4.570 -21.004 -23.078 -24.324 -23.778 -23.207
4.580 -20.984 -23.097 -24.316 -23.778 -23.232
4.590 -20.964 -23.114 -24.309 -23.778 -23.257
4.600 -20.944 -23.131 -24.302 -23.779 -23.281
4.610 -20.924 -23.147 -24.295 -23.779 -23.304
4.620 -20.903 -23.161 -24.288 -23.779 -23.326
4.630 -20.883 -23.174 -24.282 -23.779 -23.346
4.640 -20.862 -23.186 -24.275 -23.780 -23.363
4.650 -20.841 -23.195 -24.269 -23.780 -23.378
4.660 -20.820 -23.202 -24.263 -23.780 -23.390
4.670 -20.800 -23.207 -24.256 -23.781 -23.398
4.680 -20.779 -23.209 -24.250 -23.781 -23.402
4.690 -20.758 -23.208 -24.244 -23.782 -23.401
4.700 -20.737 -23.204 -24.238 -23.782 -23.395
4.710 -20.717 -23.195 -24.232 -23.782 -23.383
4.720 -20.696 -23.183 -24.225 -23.782 -23.365
4.730 -20.676 -23.167 -24.219 -23.782 -23.342
4.740 -20.656 -23.147 -24.213 -23.782 -23.314
4.750 -20.636 -23.124 -24.207 -23.782 -23.280
4.760 -20.617 -23.097 -24.201 -23.781 -23.243
4.770 -20.597 -23.067 -24.195 -23.779 -23.203
4.780 -20.578 -23.035 -24.189 -23.777 -23.160
4.790 -20.560 -23.001 -24.183 -23.775 -23.116
4.800 -20.542 -22.966 -24.177 -23.771 -23.072
4.810 -20.524 -22.930 -24.171 -23.767 -23.029
4.820 -20.507 -22.895 -24.165 -23.761 -22.987
4.830 -20.491 -22.861 -24.159 -23.755 -22.947
4.840 -20.475 -22.830 -24.153 -23.747 -22.910
4.850 -20.460 -22.801 -24.147 -23.739 -22.877
4.860 -20.446 -22.775 -24.142 -23.730 -22.848
4.870 -20.432 -22.753 -24.136 -23.720 -22.824
4.880 -20.419 -22.735 -24.130 -23.710 -22.804
4.890 -20.407 -22.722 -24.125 -23.700 -22.789
4.900 -20.396 -22.712 -24.119 -23.689 -22.780
4.910 -20.385 -22.707 -24.113 -23.680 -22.775
4.920 -20.374 -22.706 -24.108 -23.671 -22.776
4.930 -20.364 -22.709 -24.102 -23.662 -22.780
4.940 -20.354 -22.715 -24.096 -23.655 -22.788
4.950 -20.345 -22.723 -24.090 -23.648 -22.800
4.960 -20.337 -22.735 -24.085 -23.642 -22.815
4.970 -20.330 -22.748 -24.079 -23.637 -22.832
4.980 -20.324 -22.764 -24.073 -23.633 -22.852
4.990 -20.319 -22.780 -24.067 -23.630 -22.873
5.000 -20.316 -22.798 -24.062 -23.627 -22.897
5.010 -20.315 -22.817 -24.056 -23.624 -22.921
5.020 -20.316 -22.836 -24.050 -23.623 -22.946
5.030 -20.318 -22.855 -24.044 -23.621 -22.972
5.040 -20.321 -22.875 -24.038 -23.620 -22.999
5.050 -20.325 -22.895 -24.032 -23.620 -23.026
5.060 -20.329 -22.914 -24.027 -23.619 -23.054
5.070 -20.334 -22.934 -24.021 -23.619 -23.081
5.080 -20.337 -22.953 -24.015 -23.619 -23.109
5.090 -20.340 -22.972 -24.009 -23.620 -23.137
5.100 -20.341 -22.990 -24.003 -23.620 -23.165
5.110 -20.341 -23.008 -23.998 -23.621 -23.193
5.120 -20.340 -23.026 -23.992 -23.621 -23.221
5.130 -20.337 -23.043 -23.986 -23.622 -23.249
5.140 -20.333 -23.060 -23.980 -23.623 -23.277
5.150 -20.328 -23.076 -23.975 -23.624 -23.305
5.160 -20.322 -23.092 -23.969 -23.626 -23.332
5.170 -20.315 -23.107 -23.963 -23.627 -23.359
5.180 -20.308 -23.121 -23.958 -23.628 -23.386
5.190 -20.300 -23.135 -23.952 -23.630 -23.413
5.200 -20.293 -23.149 -23.946 -23.631 -23.440
5.210 -20.286 -23.162 -23.941 -23.633 -23.466
5.220 -20.278 -23.174 -23.935 -23.634 -23.493
5.230 -20.271 -23.186 -23.930 -23.636 -23.519
5.240 -20.265 -23.197 -23.924 -23.637 -23.545
5.250 -20.259 -23.208 -23.919 -23.639 -23.571
5.260 -20.254 -23.219 -23.913 -23.641 -23.596
5.270 -20.249 -23.229 -23.908 -23.643 -23.621
5.280 -20.245 -23.238 -23.903 -23.644 -23.647
5.290 -20.241 -23.247 -23.897 -23.646 -23.671
5.300 -20.238 -23.256 -23.892 -23.648 -23.696
5.310 -20.235 -23.264 -23.887 -23.650 -23.721
5.320 -20.232 -23.272 -23.881 -23.652 -23.745
5.330 -20.229 -23.280 -23.876 -23.654 -23.769
5.340 -20.227 -23.287 -23.871 -23.656 -23.793
5.350 -20.226 -23.294 -23.866 -23.658 -23.817
5.360 -20.225 -23.300 -23.861 -23.660 -23.840
5.370 -20.225 -23.306 -23.856 -23.662 -23.864
5.380 -20.226 -23.312 -23.851 -23.664 -23.887
5.390 -20.229 -23.318 -23.845 -23.666 -23.910
5.400 -20.234 -23.323 -23.841 -23.668 -23.933
5.410 -20.242 -23.328 -23.836 -23.670 -23.956
5.420 -20.252 -23.332 -23.831 -23.672 -23.978
5.430 -20.266 -23.336 -23.826 -23.674 -24.001
5.440 -20.283 -23.340 -23.821 -23.676 -24.023
5.450 -20.303 -23.344 -23.816 -23.678 -24.045
5.460 -20.328 -23.348 -23.811 -23.680 -24.066
5.470 -20.355 -23.351 -23.806 -23.682 -24.088
5.480 -20.385 -23.354 -23.802 -23.684 -24.109
5.490 -20.417 -23.357 -23.797 -23.687 -24.130
5.500 -20.451 -23.360 -23.792 -23.689 -24.150
5.510 -20.485 -23.362 -23.788 -23.691 -24.170
5.520 -20.518 -23.364 -23.783 -23.693 -24.189
5.530 -20.551 -23.367 -23.778 -23.696 -24.208
5.540 -20.582 -23.368 -23.774 -23.698 -24.226
5.550 -20.611 -23.370 -23.769 -23.701 -24.244
5.560 -20.637 -23.372 -23.764 -23.704 -24.260
5.570 -20.661 -23.373 -23.760 -23.706 -24.275
5.580 -20.681 -23.374 -23.755 -23.709 -24.288
5.590 -20.699 -23.375 -23.751 -23.712 -24.300
5.600 -20.714 -23.376 -23.746 -23.715 -24.310
5.610 -20.726 -23.376 -23.742 -23.718 -24.317
5.620 -20.737 -23.376 -23.737 -23.721 -24.322
5.630 -20.745 -23.376 -23.733 -23.724 -24.324
5.640 -20.752 -23.375 -23.728 -23.728 -24.322
5.650 -20.757 -23.374 -23.724 -23.731 -24.318
5.660 -20.762 -23.372 -23.719 -23.734 -24.309
5.670 -20.765 -23.370 -23.715 -23.737 -24.297
5.680 -20.768 -23.368 -23.710 -23.741 -24.281
5.690 -20.771 -23.365 -23.706 -23.744 -24.262
5.700 -20.775 -23.361 -23.702 -23.747 -24.239
5.710 -20.778 -23.357 -23.697 -23.751 -24.213
5.720 -20.782 -23.352 -23.693 -23.754 -24.184
5.730 -20.787 -23.347 -23.688 -23.757 -24.153
5.740 -20.793 -23.341 -23.684 -23.761 -24.119
5.750 -20.800 -23.334 -23.680 -23.764 -24.085
5.760 -20.807 -23.327 -23.675 -23.768 -24.049
5.770 -20.816 -23.319 -23.671 -23.771 -24.012
5.780 -20.825 -23.310 -23.667 -23.774 -23.976
5.790 -20.834 -23.301 -23.662 -23.778 -23.939
5.800 -20.844 -23.292 -23.658 -23.781 -23.902
5.810 -20.853 -23.282 -23.654 -23.785 -23.867
5.820 -20.862 -23.272 -23.649 -23.788 -23.832
5.830 -20.870 -23.262 -23.645 -23.792 -23.797
5.840 -20.877 -23.251 -23.641 -23.796 -23.764
5.850 -20.883 -23.241 -23.637 -23.799 -23.733
5.860 -20.888 -23.230 -23.632 -23.803 -23.702
5.870 -20.891 -23.219 -23.628 -23.807 -23.672
5.880 -20.894 -23.208 -23.624 -23.810 -23.644
5.890 -20.896 -23.197 -23.620 -23.814 -23.617
5.900 -20.897 -23.186 -23.615 -23.818 -23.591
5.910 -20.898 -23.175 -23.611 -23.821 -23.565
5.920 -20.898 -23.165 -23.607 -23.825 -23.541
5.930 -20.898 -23.154 -23.603 -23.829 -23.518
5.940 -20.897 -23.143 -23.598 -23.833 -23.495
5.950 -20.897 -23.133 -23.594 -23.836 -23.474
5.960 -20.896 -23.122 -23.590 -23.840 -23.453
5.970 -20.896 -23.112 -23.586 -23.843 -23.432
5.980 -20.896 -23.102 -23.582 -23.847 -23.413
5.990 -20.897 -23.092 -23.577 -23.850 -23.394
6.000 -20.898 -23.082 -23.573 -23.854 -23.376
6.010 -20.899 -23.072 -23.569 -23.857 -23.359
6.020 -20.901 -23.063 -23.565 -23.860 -23.342
6.030 -20.903 -23.054 -23.561 -23.863 -23.327
6.040 -20.906 -23.045 -23.556 -23.866 -23.311
6.050 -20.908 -23.036 -23.552 -23.869 -23.297
6.060 -20.911 -23.028 -23.548 -23.872 -23.283
6.070 -20.914 -23.019 -23.544 -23.875 -23.270
6.080 -20.917 -23.011 -23.540 -23.878 -23.256
6.090 -20.920 -23.003 -23.535 -23.881 -23.243
6.100 -20.924 -22.994 -23.531 -23.883 -23.231
6.110 -20.927 -22.986 -23.527 -23.886 -23.218
6.120 -20.930 -22.977 -23.523 -23.888 -23.205
6.130 -20.934 -22.969 -23.519 -23.891 -23.192
6.140 -20.937 -22.960 -23.514 -23.893 -23.179
6.150 -20.941 -22.951 -23.510 -23.896 -23.165
6.160 -20.945 -22.941 -23.506 -23.898 -23.151
6.170 -20.949 -22.932 -23.502 -23.900 -23.137
6.180 -20.954 -22.922 -23.498 -23.902 -23.123
6.190 -20.959 -22.912 -23.493 -23.904 -23.108
6.200 -20.965 -22.902 -23.489 -23.906 -23.094
6.210 -20.971 -22.891 -23.485 -23.908 -23.079
6.220 -20.979 -22.881 -23.481 -23.909 -23.065
6.230 -20.987 -22.871 -23.477 -23.910 -23.051
6.240 -20.996 -22.861 -23.472 -23.912 -23.037
6.250 -21.006 -22.850 -23.468 -23.913 -23.023
6.260 -21.018 -22.841 -23.464 -23.913 -23.010
6.270 -21.031 -22.831 -23.460 -23.914 -22.997
6.280 -21.045 -22.822 -23.456 -23.914 -22.985
6.290 -21.061 -22.813 -23.451 -23.915 -22.974
6.300 -21.078 -22.805 -23.447 -23.915 -22.964
6.310 -21.096 -22.797 -23.443 -23.914 -22.954
6.320 -21.116 -22.790 -23.439 -23.914 -22.946
6.330 -21.136 -22.784 -23.434 -23.913 -22.938
6.340 -21.157 -22.779 -23.430 -23.912 -22.932
6.350 -21.179 -22.774 -23.426 -23.911 -22.926
6.360 -21.201 -22.770 -23.421 -23.910 -22.923
6.370 -21.223 -22.767 -23.417 -23.908 -22.920
6.380 -21.246 -22.765 -23.413 -23.906 -22.919
6.390 -21.268 -22.764 -23.408 -23.905 -22.919
6.400 -21.290 -22.764 -23.404 -23.903 -22.920
6.410 -21.312 -22.765 -23.400 -23.901 -22.923
6.420 -21.333 -22.767 -23.395 -23.899 -22.928
6.430 -21.354 -22.770 -23.391 -23.897 -22.933
6.440 -21.375 -22.773 -23.387 -23.895 -22.940
6.450 -21.395 -22.777 -23.382 -23.894 -22.948
6.460 -21.415 -22.782 -23.378 -23.892 -22.957
6.470 -21.434 -22.787 -23.373 -23.890 -22.967
6.480 -21.452 -22.793 -23.369 -23.889 -22.977
6.490 -21.470 -22.799 -23.364 -23.888 -22.989
6.500 -21.487 -22.806 -23.360 -23.887 -23.001
6.510 -21.502 -22.812 -23.355 -23.886 -23.013
6.520 -21.517 -22.819 -23.351 -23.886 -23.026
6.530 -21.531 -22.825 -23.346 -23.885 -23.039
6.540 -21.544 -22.832 -23.342 -23.885 -23.052
6.550 -21.558 -22.840 -23.337 -23.885 -23.068
6.560 -21.569 -22.846 -23.333 -23.885 -23.081
6.570 -21.579 -22.852 -23.328 -23.885 -23.094
6.580 -21.588 -22.858 -23.324 -23.886 -23.106
6.590 -21.596 -22.863 -23.319 -23.886 -23.119
6.600 -21.603 -22.868 -23.314 -23.887 -23.131
6.610 -21.609 -22.873 -23.310 -23.887 -23.142
6.620 -21.615 -22.877 -23.305 -23.888 -23.153
6.630 -21.620 -22.881 -23.301 -23.889 -23.164
6.640 -21.624 -22.884 -23.296 -23.889 -23.174
6.650 -21.627 -22.888 -23.291 -23.890 -23.184
6.660 -21.630 -22.891 -23.287 -23.891 -23.193
6.670 -21.632 -22.894 -23.282 -23.892 -23.203
6.680 -21.634 -22.896 -23.277 -23.893 -23.211
6.690 -21.635 -22.898 -23.273 -23.894 -23.220
6.700 -21.636 -22.900 -23.268 -23.895 -23.228
6.710 -21.636 -22.902 -23.263 -23.896 -23.237
6.720 -21.636 -22.904 -23.259 -23.897 -23.245
6.730 -21.636 -22.906 -23.254 -23.898 -23.253
6.740 -21.635 -22.907 -23.249 -23.900 -23.260
6.750 -21.634 -22.908 -23.245 -23.901 -23.268
6.760 -21.634 -22.910 -23.240 -23.902 -23.276
6.770 -21.633 -22.911 -23.235 -23.904 -23.283
6.780 -21.631 -22.912 -23.230 -23.905 -23.291
6.790 -21.630 -22.913 -23.226 -23.907 -23.298
6.800 -21.628 -22.914 -23.221 -23.908 -23.305
6.810 -21.627 -22.914 -23.216 -23.910 -23.312
6.820 -21.625 -22.915 -23.212 -23.911 -23.319
6.830 -21.624 -22.915 -23.207 -23.913 -23.326
6.840 -21.622 -22.916 -23.202 -23.915 -23.333
6.850 -21.621 -22.916 -23.197 -23.917 -23.340
6.860 -21.620 -22.916 -23.192 -23.918 -23.347
6.870 -21.619 -22.916 -23.188 -23.920 -23.354
6.880 -21.618 -22.916 -23.183 -23.922 -23.360
6.890 -21.618 -22.916 -23.178 -23.924 -23.367
6.900 -21.618 -22.916 -23.173 -23.925 -23.373
6.910 -21.619 -22.917 -23.169 -23.927 -23.382
6.920 -21.620 -22.916 -23.164 -23.929 -23.388
6.930 -21.622 -22.916 -23.159 -23.930 -23.395
6.940 -21.624 -22.915 -23.154 -23.932 -23.401
6.950 -21.627 -22.915 -23.149 -23.933 -23.408
6.960 -21.630 -22.914 -23.144 -23.935 -23.414
6.970 -21.634 -22.913 -23.140 -23.936 -23.421
6.980 -21.639 -22.913 -23.135 -23.937 -23.427
6.990 -21.644 -22.912 -23.130 -23.938 -23.433
7.000 -21.651 -22.911 -23.125 -23.939 -23.440
7.010 -21.658 -22.910 -23.120 -23.940 -23.446
7.020 -21.666 -22.909 -23.115 -23.941 -23.453
7.030 -21.674 -22.908 -23.111 -23.942 -23.459
7.040 -21.684 -22.907 -23.106 -23.942 -23.466
7.050 -21.696 -22.906 -23.101 -23.942 -23.476
7.060 -21.708 -22.905 -23.096 -23.942 -23.483
7.070 -21.721 -22.904 -23.091 -23.942 -23.490
7.080 -21.735 -22.902 -23.086 -23.942 -23.497
7.090 -21.750 -22.901 -23.082 -23.941 -23.504
7.100 -21.766 -22.899 -23.077 -23.941 -23.512
7.110 -21.784 -22.898 -23.072 -23.940 -23.519
7.120 -21.802 -22.896 -23.067 -23.940 -23.527
7.130 -21.821 -22.895 -23.062 -23.939 -23.535
7.140 -21.841 -22.893 -23.057 -23.939 -23.543
7.150 -21.861 -22.892 -23.052 -23.938 -23.551
7.160 -21.881 -22.890 -23.047 -23.938 -23.559
7.170 -21.902 -22.889 -23.043 -23.938 -23.568
7.180 -21.924 -22.887 -23.038 -23.938 -23.577
7.190 -21.945 -22.885 -23.033 -23.938 -23.586
7.200 -21.966 -22.884 -23.028 -23.939 -23.595
7.210 -21.987 -22.882 -23.023 -23.939 -23.604
7.220 -22.007 -22.880 -23.018 -23.940 -23.613
7.230 -22.027 -22.879 -23.013 -23.941 -23.623
7.240 -22.047 -22.877 -23.009 -23.942 -23.632
7.250 -22.066 -22.875 -23.004 -23.943 -23.642
7.260 -22.085 -22.873 -22.999 -23.944 -23.652
7.270 -22.103 -22.871 -22.994 -23.945 -23.662
7.280 -22.121 -22.869 -22.989 -23.947 -23.672
7.290 -22.138 -22.867 -22.984 -23.949 -23.682
7.300 -22.154 -22.865 -22.979 -23.950 -23.693
7.310 -22.170 -22.863 -22.974 -23.952 -23.703
7.320 -22.185 -22.861 -22.970 -23.954 -23.713
7.330 -22.199 -22.859 -22.965 -23.956 -23.723
7.340 -22.213 -22.856 -22.960 -23.958 -23.733
7.350 -22.227 -22.854 -22.955 -23.960 -23.743
7.360 -22.239 -22.852 -22.950 -23.963 -23.753
7.370 -22.252 -22.849 -22.945 -23.965 -23.763
7.380 -22.263 -22.847 -22.940 -23.968 -23.773
7.390 -22.275 -22.844 -22.936 -23.970 -23.782
7.400 -22.285 -22.841 -22.931 -23.973 -23.792
7.410 -22.296 -22.839 -22.926 -23.975 -23.801
7.420 -22.305 -22.836 -22.921 -23.978 -23.810
7.430 -22.315 -22.833 -22.916 -23.981 -23.818
7.440 -22.323 -22.830 -22.911 -23.984 -23.827
7.450 -22.332 -22.827 -22.907 -23.987 -23.835
7.460 -22.340 -22.824 -22.902 -23.990 -23.842
7.470 -22.347 -22.821 -22.897 -23.993 -23.850
7.480 -22.354 -22.818 -22.892 -23.996 -23.857
7.490 -22.361 -22.814 -22.887 -23.999 -23.864
7.500 -22.367 -22.811 -22.882 -24.002 -23.870
7.510 -22.373 -22.808 -22.878 -24.005 -23.876
7.520 -22.379 -22.804 -22.873 -24.008 -23.882
7.530 -22.384 -22.801 -22.868 -24.011 -23.887
7.540 -22.389 -22.797 -22.863 -24.015 -23.892
7.550 -22.394 -22.794 -22.858 -24.018 -23.896
7.560 -22.398 -22.790 -22.854 -24.021 -23.900
7.570 -22.402 -22.786 -22.849 -24.024 -23.904
7.580 -22.405 -22.783 -22.844 -24.028 -23.908
7.590 -22.409 -22.779 -22.839 -24.031 -23.911
7.600 -22.412 -22.775 -22.834 -24.034 -23.914
7.610 -22.414 -22.771 -22.830 -24.037 -23.916
7.620 -22.417 -22.767 -22.825 -24.041 -23.919
7.630 -22.419 -22.764 -22.820 -24.044 -23.921
7.640 -22.421 -22.760 -22.815 -24.047 -23.923
7.650 -22.423 -22.756 -22.811 -24.050 -23.924
7.660 -22.425 -22.752 -22.806 -24.053 -23.926
7.670 -22.426 -22.748 -22.801 -24.056 -23.927
7.680 -22.428 -22.744 -22.796 -24.059 -23.928
7.690 -22.429 -22.740 -22.792 -24.062 -23.929
7.700 -22.430 -22.736 -22.787 -24.065 -23.930
7.710 -22.431 -22.732 -22.782 -24.067 -23.931
7.720 -22.432 -22.728 -22.777 -24.070 -23.932
7.730 -22.432 -22.724 -22.773 -24.073 -23.933
7.740 -22.433 -22.720 -22.768 -24.075 -23.934
7.750 -22.433 -22.716 -22.763 -24.077 -23.935
7.760 -22.434 -22.711 -22.758 -24.080 -23.936
7.770 -22.434 -22.707 -22.754 -24.082 -23.937
7.780 -22.434 -22.703 -22.749 -24.084 -23.939
7.790 -22.435 -22.699 -22.744 -24.086 -23.940
7.800 -22.435 -22.695 -22.740 -24.087 -23.942
7.810 -22.435 -22.691 -22.735 -24.089 -23.944
7.820 -22.435 -22.687 -22.730 -24.090 -23.946
7.830 -22.435 -22.683 -22.725 -24.092 -23.948
7.840 -22.436 -22.679 -22.721 -24.093 -23.951
7.850 -22.436 -22.675 -22.716 -24.094 -23.954
7.860 -22.436 -22.671 -22.711 -24.095 -23.957
7.870 -22.436 -22.667 -22.707 -24.096 -23.960
7.880 -22.436 -22.663 -22.702 -24.097 -23.964
7.890 -22.437 -22.659 -22.697 -24.097 -23.968
7.900 -22.437 -22.654 -22.693 -24.098 -23.973
7.910 -22.437 -22.650 -22.688 -24.098 -23.978
7.920 -22.437 -22.646 -22.683 -24.098 -23.983
7.930 -22.438 -22.642 -22.679 -24.099 -23.988
7.940 -22.438 -22.638 -22.674 -24.099 -23.994
7.950 -22.438 -22.634 -22.669 -24.099 -24.000
7.960 -22.438 -22.630 -22.665 -24.099 -24.007
7.970 -22.439 -22.626 -22.660 -24.099 -24.014
7.980 -22.439 -22.622 -22.655 -24.099 -24.021
7.990 -22.439 -22.618 -22.651 -24.099 -24.029
8.000 -22.440 -22.614 -22.646 -24.099 -24.037
