#
# CIE cooling function for Z=0.05 solar
#   ne=0.004 cm^-3
#   logT = 4.0 to 8.0
#   sun_photospheric_1998_grevesse abundances
# Calculated using CHIANTI and ChiantiPy
#
logT   Total    Cont   FFCont  FBCont  2PCont
4.000 -23.348 -23.824 -26.338 -26.596 -23.826
4.010 -23.235 -23.712 -26.292 -26.428 -23.714
4.020 -23.125 -23.601 -26.246 -26.263 -23.603
4.030 -23.016 -23.494 -26.199 -26.101 -23.496
4.040 -22.910 -23.389 -26.148 -25.943 -23.391
4.050 -22.806 -23.286 -26.094 -25.789 -23.288
4.060 -22.705 -23.187 -26.035 -25.638 -23.189
4.070 -22.608 -23.091 -25.970 -25.491 -23.093
4.080 -22.513 -22.999 -25.898 -25.348 -23.001
4.090 -22.422 -22.910 -25.821 -25.210 -22.912
4.100 -22.335 -22.824 -25.738 -25.076 -22.827
4.110 -22.251 -22.743 -25.651 -24.947 -22.747
4.120 -22.173 -22.667 -25.560 -24.824 -22.671
4.130 -22.099 -22.596 -25.469 -24.706 -22.600
4.140 -22.032 -22.531 -25.377 -24.596 -22.536
4.150 -21.972 -22.474 -25.288 -24.493 -22.478
4.160 -21.918 -22.423 -25.204 -24.398 -22.428
4.170 -21.873 -22.380 -25.124 -24.312 -22.386
4.180 -21.835 -22.345 -25.050 -24.234 -22.352
4.190 -21.805 -22.318 -24.982 -24.164 -22.326
4.200 -21.784 -22.300 -24.922 -24.104 -22.308
4.210 -21.770 -22.289 -24.869 -24.052 -22.298
4.220 -21.764 -22.285 -24.823 -24.008 -22.295
4.230 -21.764 -22.288 -24.784 -23.971 -22.299
4.240 -21.769 -22.297 -24.750 -23.940 -22.309
4.250 -21.780 -22.310 -24.721 -23.914 -22.323
4.260 -21.794 -22.327 -24.696 -23.893 -22.341
4.270 -21.811 -22.348 -24.674 -23.876 -22.363
4.280 -21.831 -22.371 -24.655 -23.862 -22.387
4.290 -21.854 -22.396 -24.639 -23.851 -22.414
4.300 -21.877 -22.423 -24.625 -23.842 -22.442
4.310 -21.902 -22.450 -24.612 -23.835 -22.472
4.320 -21.927 -22.478 -24.600 -23.828 -22.502
4.330 -21.953 -22.507 -24.589 -23.823 -22.532
4.340 -21.979 -22.536 -24.578 -23.819 -22.563
4.350 -22.005 -22.565 -24.568 -23.815 -22.595
4.360 -22.031 -22.594 -24.558 -23.812 -22.626
4.370 -22.057 -22.622 -24.548 -23.809 -22.657
4.380 -22.082 -22.650 -24.537 -23.807 -22.688
4.390 -22.107 -22.677 -24.527 -23.805 -22.718
4.400 -22.130 -22.704 -24.515 -23.802 -22.748
4.410 -22.153 -22.730 -24.503 -23.800 -22.777
4.420 -22.176 -22.755 -24.491 -23.798 -22.805
4.430 -22.197 -22.780 -24.478 -23.796 -22.833
4.440 -22.218 -22.803 -24.465 -23.794 -22.861
4.450 -22.238 -22.827 -24.451 -23.792 -22.888
4.460 -22.258 -22.849 -24.437 -23.790 -22.915
4.470 -22.278 -22.871 -24.424 -23.788 -22.941
4.480 -22.298 -22.893 -24.411 -23.786 -22.968
4.490 -22.317 -22.915 -24.399 -23.784 -22.995
4.500 -22.336 -22.936 -24.387 -23.783 -23.021
4.510 -22.356 -22.957 -24.376 -23.782 -23.048
4.520 -22.375 -22.978 -24.366 -23.781 -23.075
4.530 -22.394 -22.999 -24.356 -23.780 -23.101
4.540 -22.412 -23.020 -24.347 -23.779 -23.128
4.550 -22.431 -23.040 -24.339 -23.779 -23.155
4.560 -22.448 -23.059 -24.331 -23.779 -23.181
4.570 -22.466 -23.078 -24.323 -23.778 -23.207
4.580 -22.482 -23.097 -24.315 -23.778 -23.232
4.590 -22.498 -23.114 -24.308 -23.778 -23.257
4.600 -22.512 -23.131 -24.301 -23.779 -23.281
4.610 -22.526 -23.147 -24.294 -23.779 -23.304
4.620 -22.538 -23.161 -24.288 -23.779 -23.326
4.630 -22.549 -23.174 -24.281 -23.779 -23.346
4.640 -22.557 -23.185 -24.275 -23.780 -23.363
4.650 -22.564 -23.195 -24.268 -23.780 -23.378
4.660 -22.569 -23.202 -24.262 -23.780 -23.390
4.670 -22.571 -23.207 -24.256 -23.781 -23.398
4.680 -22.570 -23.209 -24.250 -23.781 -23.402
4.690 -22.565 -23.208 -24.243 -23.782 -23.401
4.700 -22.558 -23.204 -24.237 -23.782 -23.395
4.710 -22.547 -23.195 -24.231 -23.782 -23.383
4.720 -22.532 -23.183 -24.225 -23.782 -23.365
4.730 -22.513 -23.167 -24.219 -23.782 -23.342
4.740 -22.491 -23.147 -24.213 -23.782 -23.314
4.750 -22.465 -23.124 -24.206 -23.782 -23.280
4.760 -22.436 -23.097 -24.200 -23.781 -23.243
4.770 -22.405 -23.067 -24.194 -23.779 -23.203
4.780 -22.371 -23.035 -24.188 -23.777 -23.160
4.790 -22.335 -23.001 -24.182 -23.775 -23.116
4.800 -22.299 -22.966 -24.176 -23.771 -23.072
4.810 -22.262 -22.930 -24.170 -23.767 -23.029
4.820 -22.226 -22.895 -24.164 -23.761 -22.987
4.830 -22.191 -22.861 -24.159 -23.755 -22.947
4.840 -22.157 -22.830 -24.153 -23.747 -22.910
4.850 -22.127 -22.801 -24.147 -23.739 -22.877
4.860 -22.100 -22.775 -24.141 -23.730 -22.848
4.870 -22.076 -22.753 -24.135 -23.720 -22.824
4.880 -22.056 -22.735 -24.130 -23.710 -22.804
4.890 -22.040 -22.722 -24.124 -23.700 -22.789
4.900 -22.028 -22.712 -24.118 -23.689 -22.780
4.910 -22.021 -22.707 -24.113 -23.680 -22.775
4.920 -22.017 -22.706 -24.107 -23.671 -22.776
4.930 -22.017 -22.709 -24.101 -23.662 -22.780
4.940 -22.020 -22.714 -24.096 -23.655 -22.788
4.950 -22.025 -22.723 -24.090 -23.648 -22.800
4.960 -22.033 -22.735 -24.084 -23.642 -22.815
4.970 -22.044 -22.748 -24.078 -23.637 -22.832
4.980 -22.056 -22.764 -24.073 -23.633 -22.852
4.990 -22.069 -22.780 -24.067 -23.630 -22.873
5.000 -22.084 -22.798 -24.061 -23.627 -22.897
5.010 -22.100 -22.817 -24.055 -23.624 -22.921
5.020 -22.117 -22.836 -24.049 -23.623 -22.946
5.030 -22.134 -22.855 -24.043 -23.621 -22.972
5.040 -22.152 -22.875 -24.038 -23.620 -22.999
5.050 -22.170 -22.895 -24.032 -23.620 -23.026
5.060 -22.189 -22.914 -24.026 -23.619 -23.054
5.070 -22.207 -22.934 -24.020 -23.619 -23.081
5.080 -22.225 -22.953 -24.014 -23.619 -23.109
5.090 -22.243 -22.972 -24.009 -23.620 -23.137
5.100 -22.260 -22.990 -24.003 -23.620 -23.165
5.110 -22.276 -23.008 -23.997 -23.621 -23.193
5.120 -22.292 -23.026 -23.991 -23.621 -23.221
5.130 -22.306 -23.043 -23.985 -23.622 -23.249
5.140 -22.320 -23.060 -23.980 -23.623 -23.277
5.150 -22.334 -23.076 -23.974 -23.624 -23.305
5.160 -22.346 -23.092 -23.968 -23.626 -23.332
5.170 -22.357 -23.107 -23.963 -23.627 -23.359
5.180 -22.368 -23.121 -23.957 -23.628 -23.386
5.190 -22.378 -23.135 -23.951 -23.630 -23.413
5.200 -22.387 -23.149 -23.946 -23.631 -23.440
5.210 -22.396 -23.161 -23.940 -23.633 -23.466
5.220 -22.404 -23.174 -23.935 -23.634 -23.493
5.230 -22.412 -23.186 -23.929 -23.636 -23.519
5.240 -22.420 -23.197 -23.924 -23.637 -23.545
5.250 -22.427 -23.208 -23.918 -23.639 -23.571
5.260 -22.434 -23.219 -23.913 -23.641 -23.596
5.270 -22.441 -23.229 -23.907 -23.643 -23.621
5.280 -22.448 -23.238 -23.902 -23.644 -23.647
5.290 -22.454 -23.247 -23.897 -23.646 -23.671
5.300 -22.460 -23.256 -23.891 -23.648 -23.696
5.310 -22.466 -23.264 -23.886 -23.650 -23.721
5.320 -22.472 -23.272 -23.881 -23.652 -23.745
5.330 -22.477 -23.280 -23.876 -23.654 -23.769
5.340 -22.483 -23.287 -23.870 -23.656 -23.793
5.350 -22.488 -23.294 -23.865 -23.658 -23.817
5.360 -22.494 -23.300 -23.860 -23.660 -23.840
5.370 -22.500 -23.306 -23.855 -23.662 -23.864
5.380 -22.506 -23.312 -23.850 -23.664 -23.887
5.390 -22.513 -23.317 -23.845 -23.666 -23.910
5.400 -22.522 -23.323 -23.840 -23.668 -23.933
5.410 -22.532 -23.327 -23.835 -23.670 -23.956
5.420 -22.543 -23.332 -23.830 -23.672 -23.979
5.430 -22.556 -23.336 -23.825 -23.674 -24.001
5.440 -22.571 -23.340 -23.820 -23.676 -24.023
5.450 -22.588 -23.344 -23.815 -23.678 -24.045
5.460 -22.607 -23.348 -23.811 -23.680 -24.067
5.470 -22.628 -23.351 -23.806 -23.682 -24.089
5.480 -22.651 -23.354 -23.801 -23.684 -24.111
5.490 -22.674 -23.357 -23.796 -23.687 -24.132
5.500 -22.697 -23.360 -23.792 -23.689 -24.154
5.510 -22.720 -23.363 -23.787 -23.691 -24.175
5.520 -22.743 -23.365 -23.782 -23.693 -24.196
5.530 -22.765 -23.368 -23.778 -23.696 -24.217
5.540 -22.785 -23.370 -23.773 -23.698 -24.238
5.550 -22.804 -23.372 -23.768 -23.701 -24.258
5.560 -22.821 -23.374 -23.764 -23.704 -24.279
5.570 -22.837 -23.376 -23.759 -23.706 -24.299
5.580 -22.851 -23.378 -23.755 -23.709 -24.320
5.590 -22.864 -23.379 -23.750 -23.712 -24.340
5.600 -22.875 -23.381 -23.746 -23.715 -24.360
5.610 -22.885 -23.382 -23.741 -23.718 -24.380
5.620 -22.894 -23.384 -23.737 -23.721 -24.400
5.630 -22.902 -23.385 -23.732 -23.724 -24.420
5.640 -22.908 -23.386 -23.728 -23.728 -24.439
5.650 -22.915 -23.387 -23.723 -23.731 -24.459
5.660 -22.920 -23.388 -23.719 -23.734 -24.478
5.670 -22.925 -23.389 -23.714 -23.737 -24.497
5.680 -22.930 -23.390 -23.710 -23.741 -24.516
5.690 -22.935 -23.391 -23.705 -23.744 -24.535
5.700 -22.939 -23.392 -23.701 -23.747 -24.554
5.710 -22.944 -23.392 -23.697 -23.751 -24.572
5.720 -22.949 -23.393 -23.692 -23.754 -24.591
5.730 -22.954 -23.393 -23.688 -23.757 -24.609
5.740 -22.959 -23.393 -23.683 -23.761 -24.627
5.750 -22.965 -23.393 -23.679 -23.764 -24.645
5.760 -22.971 -23.394 -23.675 -23.768 -24.663
5.770 -22.977 -23.394 -23.670 -23.771 -24.680
5.780 -22.984 -23.394 -23.666 -23.774 -24.698
5.790 -22.990 -23.394 -23.662 -23.778 -24.715
5.800 -22.997 -23.394 -23.657 -23.781 -24.732
5.810 -23.003 -23.393 -23.653 -23.785 -24.748
5.820 -23.009 -23.393 -23.649 -23.788 -24.765
5.830 -23.014 -23.393 -23.645 -23.792 -24.781
5.840 -23.019 -23.393 -23.640 -23.796 -24.797
5.850 -23.023 -23.392 -23.636 -23.799 -24.813
5.860 -23.027 -23.392 -23.632 -23.803 -24.828
5.870 -23.030 -23.391 -23.627 -23.807 -24.843
5.880 -23.033 -23.391 -23.623 -23.810 -24.858
5.890 -23.035 -23.390 -23.619 -23.814 -24.873
5.900 -23.037 -23.389 -23.615 -23.818 -24.887
5.910 -23.038 -23.389 -23.610 -23.821 -24.902
5.920 -23.039 -23.388 -23.606 -23.825 -24.915
5.930 -23.040 -23.387 -23.602 -23.829 -24.929
5.940 -23.041 -23.386 -23.598 -23.833 -24.942
5.950 -23.042 -23.385 -23.594 -23.836 -24.955
5.960 -23.042 -23.384 -23.589 -23.840 -24.968
5.970 -23.043 -23.383 -23.585 -23.843 -24.981
5.980 -23.044 -23.382 -23.581 -23.847 -24.993
5.990 -23.044 -23.381 -23.577 -23.850 -25.005
6.000 -23.045 -23.380 -23.572 -23.854 -25.016
6.010 -23.046 -23.378 -23.568 -23.857 -25.028
6.020 -23.048 -23.377 -23.564 -23.860 -25.039
6.030 -23.049 -23.375 -23.560 -23.863 -25.049
6.040 -23.050 -23.374 -23.556 -23.866 -25.060
6.050 -23.051 -23.372 -23.551 -23.869 -25.070
6.060 -23.053 -23.370 -23.547 -23.872 -25.080
6.070 -23.054 -23.369 -23.543 -23.875 -25.090
6.080 -23.056 -23.367 -23.539 -23.878 -25.099
6.090 -23.057 -23.365 -23.535 -23.881 -25.108
6.100 -23.058 -23.363 -23.530 -23.883 -25.117
6.110 -23.059 -23.361 -23.526 -23.886 -25.125
6.120 -23.060 -23.359 -23.522 -23.888 -25.133
6.130 -23.062 -23.357 -23.518 -23.891 -25.141
6.140 -23.063 -23.355 -23.514 -23.893 -25.148
6.150 -23.064 -23.353 -23.509 -23.896 -25.154
6.160 -23.065 -23.351 -23.505 -23.898 -25.160
6.170 -23.066 -23.349 -23.501 -23.900 -25.166
6.180 -23.068 -23.346 -23.497 -23.902 -25.171
6.190 -23.069 -23.344 -23.493 -23.904 -25.175
6.200 -23.071 -23.341 -23.488 -23.906 -25.179
6.210 -23.073 -23.339 -23.484 -23.907 -25.182
6.220 -23.075 -23.336 -23.480 -23.909 -25.185
6.230 -23.078 -23.334 -23.476 -23.910 -25.187
6.240 -23.080 -23.331 -23.472 -23.912 -25.189
6.250 -23.083 -23.328 -23.467 -23.913 -25.191
6.260 -23.087 -23.325 -23.463 -23.913 -25.193
6.270 -23.090 -23.323 -23.459 -23.914 -25.194
6.280 -23.094 -23.320 -23.455 -23.914 -25.195
6.290 -23.099 -23.317 -23.451 -23.915 -25.196
6.300 -23.103 -23.313 -23.446 -23.914 -25.197
6.310 -23.108 -23.310 -23.442 -23.914 -25.199
6.320 -23.113 -23.307 -23.438 -23.914 -25.200
6.330 -23.118 -23.304 -23.434 -23.913 -25.202
6.340 -23.122 -23.300 -23.429 -23.912 -25.204
6.350 -23.127 -23.297 -23.425 -23.911 -25.207
6.360 -23.131 -23.293 -23.421 -23.909 -25.210
6.370 -23.135 -23.290 -23.416 -23.908 -25.214
6.380 -23.139 -23.286 -23.412 -23.906 -25.218
6.390 -23.142 -23.283 -23.408 -23.904 -25.224
6.400 -23.145 -23.279 -23.403 -23.903 -25.230
6.410 -23.148 -23.275 -23.399 -23.901 -25.237
6.420 -23.151 -23.272 -23.395 -23.899 -25.244
6.430 -23.153 -23.268 -23.390 -23.897 -25.253
6.440 -23.155 -23.264 -23.386 -23.895 -25.262
6.450 -23.156 -23.261 -23.381 -23.893 -25.272
6.460 -23.157 -23.257 -23.377 -23.892 -25.283
6.470 -23.158 -23.253 -23.372 -23.890 -25.294
6.480 -23.159 -23.250 -23.368 -23.889 -25.306
6.490 -23.159 -23.246 -23.364 -23.888 -25.318
6.500 -23.159 -23.243 -23.359 -23.887 -25.331
6.510 -23.159 -23.239 -23.355 -23.886 -25.344
6.520 -23.159 -23.236 -23.350 -23.885 -25.357
6.530 -23.158 -23.232 -23.346 -23.885 -25.370
6.540 -23.157 -23.229 -23.341 -23.885 -25.384
6.550 -23.157 -23.225 -23.336 -23.884 -25.399
6.560 -23.155 -23.222 -23.332 -23.885 -25.412
6.570 -23.154 -23.218 -23.327 -23.885 -25.426
6.580 -23.152 -23.215 -23.323 -23.885 -25.439
6.590 -23.151 -23.212 -23.318 -23.885 -25.451
6.600 -23.149 -23.208 -23.314 -23.886 -25.464
6.610 -23.147 -23.205 -23.309 -23.886 -25.476
6.620 -23.145 -23.201 -23.304 -23.887 -25.488
6.630 -23.142 -23.198 -23.300 -23.888 -25.500
6.640 -23.140 -23.194 -23.295 -23.889 -25.511
6.650 -23.137 -23.191 -23.291 -23.889 -25.522
6.660 -23.135 -23.188 -23.286 -23.890 -25.533
6.670 -23.132 -23.184 -23.281 -23.891 -25.544
6.680 -23.129 -23.181 -23.277 -23.892 -25.554
6.690 -23.127 -23.177 -23.272 -23.893 -25.564
6.700 -23.124 -23.174 -23.267 -23.894 -25.574
6.710 -23.121 -23.170 -23.263 -23.895 -25.584
6.720 -23.118 -23.166 -23.258 -23.896 -25.594
6.730 -23.115 -23.163 -23.253 -23.898 -25.603
6.740 -23.112 -23.159 -23.249 -23.899 -25.613
6.750 -23.108 -23.156 -23.244 -23.900 -25.622
6.760 -23.105 -23.152 -23.239 -23.901 -25.632
6.770 -23.102 -23.149 -23.234 -23.903 -25.641
6.780 -23.099 -23.145 -23.230 -23.904 -25.650
6.790 -23.096 -23.141 -23.225 -23.906 -25.659
6.800 -23.092 -23.138 -23.220 -23.907 -25.668
6.810 -23.089 -23.134 -23.215 -23.909 -25.677
6.820 -23.086 -23.131 -23.211 -23.911 -25.686
6.830 -23.082 -23.127 -23.206 -23.912 -25.695
6.840 -23.079 -23.123 -23.201 -23.914 -25.703
6.850 -23.076 -23.119 -23.196 -23.916 -25.712
6.860 -23.072 -23.116 -23.192 -23.918 -25.721
6.870 -23.069 -23.112 -23.187 -23.919 -25.729
6.880 -23.065 -23.108 -23.182 -23.921 -25.737
6.890 -23.062 -23.105 -23.177 -23.923 -25.746
6.900 -23.059 -23.101 -23.173 -23.925 -25.754
6.910 -23.055 -23.097 -23.168 -23.926 -25.764
6.920 -23.052 -23.093 -23.163 -23.928 -25.772
6.930 -23.049 -23.089 -23.158 -23.930 -25.780
6.940 -23.046 -23.085 -23.153 -23.931 -25.788
6.950 -23.042 -23.082 -23.149 -23.933 -25.796
6.960 -23.039 -23.078 -23.144 -23.934 -25.804
6.970 -23.036 -23.074 -23.139 -23.935 -25.812
6.980 -23.033 -23.070 -23.134 -23.937 -25.820
6.990 -23.029 -23.066 -23.129 -23.938 -25.828
7.000 -23.026 -23.062 -23.124 -23.939 -25.836
7.010 -23.023 -23.058 -23.120 -23.940 -25.844
7.020 -23.020 -23.054 -23.115 -23.940 -25.852
7.030 -23.017 -23.049 -23.110 -23.941 -25.860
7.040 -23.014 -23.045 -23.105 -23.941 -25.868
7.050 -23.011 -23.041 -23.100 -23.941 -25.879
7.060 -23.008 -23.037 -23.095 -23.941 -25.887
7.070 -23.004 -23.033 -23.090 -23.941 -25.895
7.080 -23.001 -23.028 -23.086 -23.941 -25.904
7.090 -22.998 -23.024 -23.081 -23.941 -25.912
7.100 -22.995 -23.020 -23.076 -23.940 -25.921
7.110 -22.992 -23.015 -23.071 -23.940 -25.929
7.120 -22.989 -23.011 -23.066 -23.939 -25.938
7.130 -22.986 -23.007 -23.061 -23.938 -25.947
7.140 -22.983 -23.002 -23.056 -23.938 -25.956
7.150 -22.979 -22.998 -23.052 -23.937 -25.965
7.160 -22.976 -22.994 -23.047 -23.937 -25.974
7.170 -22.973 -22.989 -23.042 -23.937 -25.984
7.180 -22.969 -22.985 -23.037 -23.937 -25.993
7.190 -22.966 -22.981 -23.032 -23.937 -26.003
7.200 -22.963 -22.976 -23.027 -23.937 -26.013
7.210 -22.959 -22.972 -23.022 -23.937 -26.023
7.220 -22.956 -22.968 -23.017 -23.938 -26.033
7.230 -22.952 -22.964 -23.013 -23.939 -26.043
7.240 -22.949 -22.959 -23.008 -23.939 -26.053
7.250 -22.945 -22.955 -23.003 -23.940 -26.064
7.260 -22.941 -22.951 -22.998 -23.941 -26.074
7.270 -22.938 -22.947 -22.993 -23.943 -26.085
7.280 -22.934 -22.942 -22.988 -23.944 -26.095
7.290 -22.930 -22.938 -22.983 -23.946 -26.106
7.300 -22.926 -22.934 -22.979 -23.947 -26.117
7.310 -22.922 -22.930 -22.974 -23.949 -26.127
7.320 -22.919 -22.925 -22.969 -23.951 -26.138
7.330 -22.915 -22.921 -22.964 -23.953 -26.148
7.340 -22.911 -22.917 -22.959 -23.955 -26.159
7.350 -22.907 -22.913 -22.954 -23.957 -26.170
7.360 -22.903 -22.909 -22.949 -23.959 -26.180
7.370 -22.899 -22.904 -22.945 -23.961 -26.190
7.380 -22.895 -22.900 -22.940 -23.964 -26.201
7.390 -22.891 -22.896 -22.935 -23.966 -26.211
7.400 -22.887 -22.892 -22.930 -23.969 -26.220
7.410 -22.883 -22.888 -22.925 -23.971 -26.230
7.420 -22.879 -22.883 -22.920 -23.974 -26.240
7.430 -22.875 -22.879 -22.915 -23.977 -26.249
7.440 -22.871 -22.875 -22.911 -23.979 -26.258
7.450 -22.867 -22.871 -22.906 -23.982 -26.267
7.460 -22.863 -22.866 -22.901 -23.985 -26.275
7.470 -22.859 -22.862 -22.896 -23.988 -26.283
7.480 -22.855 -22.858 -22.891 -23.991 -26.291
7.490 -22.850 -22.854 -22.886 -23.994 -26.298
7.500 -22.846 -22.849 -22.882 -23.997 -26.305
7.510 -22.842 -22.845 -22.877 -24.000 -26.312
7.520 -22.838 -22.841 -22.872 -24.004 -26.319
7.530 -22.834 -22.837 -22.867 -24.007 -26.325
7.540 -22.830 -22.832 -22.862 -24.010 -26.330
7.550 -22.826 -22.828 -22.858 -24.013 -26.336
7.560 -22.821 -22.824 -22.853 -24.016 -26.341
7.570 -22.817 -22.820 -22.848 -24.020 -26.346
7.580 -22.813 -22.815 -22.843 -24.023 -26.350
7.590 -22.809 -22.811 -22.838 -24.026 -26.354
7.600 -22.804 -22.807 -22.834 -24.029 -26.358
7.610 -22.800 -22.802 -22.829 -24.032 -26.361
7.620 -22.796 -22.798 -22.824 -24.036 -26.365
7.630 -22.792 -22.794 -22.819 -24.039 -26.367
7.640 -22.787 -22.789 -22.815 -24.042 -26.370
7.650 -22.783 -22.785 -22.810 -24.045 -26.373
7.660 -22.779 -22.781 -22.805 -24.048 -26.375
7.670 -22.775 -22.776 -22.800 -24.051 -26.377
7.680 -22.770 -22.772 -22.796 -24.054 -26.379
7.690 -22.766 -22.768 -22.791 -24.057 -26.381
7.700 -22.762 -22.763 -22.786 -24.059 -26.383
7.710 -22.757 -22.759 -22.781 -24.062 -26.384
7.720 -22.753 -22.755 -22.777 -24.065 -26.386
7.730 -22.749 -22.750 -22.772 -24.067 -26.387
7.740 -22.744 -22.746 -22.767 -24.070 -26.389
7.750 -22.740 -22.741 -22.762 -24.072 -26.391
7.760 -22.736 -22.737 -22.758 -24.074 -26.392
7.770 -22.731 -22.733 -22.753 -24.076 -26.394
7.780 -22.727 -22.728 -22.748 -24.078 -26.396
7.790 -22.722 -22.724 -22.743 -24.080 -26.398
7.800 -22.718 -22.719 -22.739 -24.081 -26.400
7.810 -22.714 -22.715 -22.734 -24.083 -26.402
7.820 -22.709 -22.710 -22.729 -24.084 -26.405
7.830 -22.705 -22.706 -22.725 -24.085 -26.407
7.840 -22.700 -22.702 -22.720 -24.087 -26.410
7.850 -22.696 -22.697 -22.715 -24.088 -26.414
7.860 -22.691 -22.693 -22.711 -24.088 -26.417
7.870 -22.687 -22.688 -22.706 -24.089 -26.421
7.880 -22.683 -22.684 -22.701 -24.090 -26.425
7.890 -22.678 -22.679 -22.696 -24.090 -26.429
7.900 -22.674 -22.675 -22.692 -24.091 -26.434
7.910 -22.669 -22.670 -22.687 -24.091 -26.438
7.920 -22.665 -22.666 -22.682 -24.091 -26.444
7.930 -22.660 -22.661 -22.678 -24.091 -26.449
7.940 -22.656 -22.657 -22.673 -24.091 -26.455
7.950 -22.651 -22.652 -22.668 -24.091 -26.461
7.960 -22.647 -22.648 -22.664 -24.091 -26.468
7.970 -22.642 -22.643 -22.659 -24.091 -26.475
7.980 -22.638 -22.639 -22.655 -24.091 -26.482
7.990 -22.634 -22.634 -22.650 -24.091 -26.490
8.000 -22.629 -22.630 -22.645 -24.090 -26.498
