READ SERR 1 2
@0790380801/analysis/pnspec.pco
!
0.332783997 2.61998177E-3 2.07492225E-2 7.58738141E-4 2.02566478E-2 1.7454844E-2 2.80180341E-3 6.35065862E-6 4.35550138E-3 1.0715446E-3 7.6668576E-21 1.28551896E-4 8.02675822E-6 7.00091732E-6 3.12516278E-7 1.96267393E-7 4.49248729E-3 2.34899577E-3   4.26049111E-3 7.75384484E-4
0.338023007 2.61901319E-3 1.92878731E-2 7.24856276E-4 2.00436953E-2 1.73377283E-2 2.70596589E-3 6.28935186E-6 4.36345814E-3 1.105548E-3 7.59282817E-21 1.29453954E-4 8.20794867E-6 6.96082725E-6 3.09502155E-7 1.94368766E-7 4.38109273E-3 2.34823488E-3  4.20691399E-3 7.81065202E-4
0.3432585 2.61649489E-3 1.99318193E-2 7.07661675E-4 1.97924823E-2 1.7178271E-2 2.61421129E-3 6.22786638E-6 4.32867371E-3 1.14529487E-3 7.51629861E-21 1.29944048E-4 8.42918598E-6 6.92953654E-6 3.0650213E-7 1.92466544E-7 4.2706579E-3 2.3467876E-3  4.14871983E-3 7.86106684E-4
0.34849 2.61500478E-3 2.05332283E-2 6.9974293E-4 1.94976069E-2 1.69711914E-2 2.52641574E-3 6.16658554E-6 4.24755784E-3 1.19187124E-3 7.44065359E-21 1.30070781E-4 8.69333053E-6 6.90977504E-6 3.03536069E-7 1.90571185E-7 4.15857136E-3 2.34458642E-3  4.08586347E-3 7.90406659E-4
0.353717983 2.61299312E-3 1.97875239E-2 6.75656658E-4 1.91579051E-2 1.67153347E-2 2.4425711E-3 6.10614643E-6 4.11887467E-3 1.24615314E-3 7.36923091E-21 1.2988325E-4 9.00024861E-6 6.90470506E-6 3.00640664E-7 1.88698522E-7 4.04355908E-3 2.34158593E-3  4.01892094E-3 7.93857675E-4
0.358942509 2.61150301E-3 1.77271646E-2 6.52330345E-4 1.87768117E-2 1.64141264E-2 2.36268458E-3 6.04705656E-6 3.94484308E-3 1.30877248E-3 7.30410013E-21 1.2943655E-4 9.34678337E-6 6.91737432E-6 2.97853717E-7 1.86868732E-7 3.92531417E-3 2.33777822E-3  3.94879235E-3 7.96393666E-4
0.364163518 2.60950625E-3 1.75118372E-2 6.26757916E-4 1.83569528E-2 1.60705168E-2 2.28643604E-3 5.98908855E-6 3.72734386E-3 1.38126116E-3 7.24732113E-21 1.28769156E-4 9.73306305E-6 6.95247627E-6 2.95191455E-7 1.85074612E-7 3.80307622E-3 2.33310112E-3  3.87582136E-3 7.97989545E-4
0.369380504 2.60749459E-3 1.65805444E-2 6.09944575E-4 1.7908657E-2 1.56949237E-2 2.21373374E-3 5.93243021E-6 3.47487815E-3 1.46344409E-3 7.20002724E-21 1.27949621E-4 1.01505784E-5 7.01025238E-6 2.92660218E-7 1.83321745E-7 3.67756095E-3 2.3276303E-3  3.80115723E-3 7.98733381E-4
0.374593496 2.60549784E-3 1.71579719E-2 5.97953913E-4 1.74370091E-2 1.52928196E-2 2.14418862E-3 5.87666409E-6 3.19117308E-3 1.556954E-3 7.16405053E-21 1.26997707E-4 1.05988092E-5 7.09617098E-6 2.90275182E-7 1.81595354E-7 3.54861096E-3 2.32129102E-3  3.72509914E-3 7.9865061E-4
0.379803002 2.60400772E-3 1.64064262E-2 5.84405905E-4 1.69592202E-2 1.4881325E-2 2.07789429E-3 5.8224482E-6 2.88908021E-3 1.66046736E-3 7.14158095E-21 1.25962368E-4 1.10639639E-5 7.21214019E-6 2.8809697E-7 1.79920136E-7 3.4194144E-3 2.31419643E-3  3.64979985E-3 7.97838031E-4
0.385008514 2.60148942E-3 1.77196208E-2 5.86087233E-4 1.64839551E-2 1.44694401E-2 2.01451499E-3 5.76943285E-6 2.5764287E-3 1.77388068E-3 7.13391903E-21 1.24869475E-4 1.15402481E-5 7.36114816E-6 2.86144655E-7 1.782754E-7 3.29050375E-3 2.30634981E-3  3.57584865E-3 7.96423876E-4
0.390209973 2.59999931E-3 1.63404699E-2 5.66240051E-4 1.60215367E-2 1.40676834E-2 1.95385376E-3 5.71739702E-6 2.26248079E-3 1.8958915E-3 7.14267955E-21 1.23745456E-4 1.20188397E-5 7.54529538E-6 2.8446027E-7 1.76662951E-7 3.16324621E-3 2.29779049E-3  3.50423902E-3 7.94547261E-4
0.395408005 2.59801745E-3 1.59233771E-2 5.59281732E-4 1.55806616E-2 1.36849033E-2 1.89575856E-3 5.66628751E-6 1.9559192E-3 2.02436396E-3 7.1696025E-21 1.22614132E-4 1.24907192E-5 7.76610977E-6 2.8309961E-7 1.7508016E-7 3.03878239E-3 2.28856946E-3  3.4359151E-3 7.92357896E-4
0.40060252 2.59649754E-3 1.48565946E-2 5.39897766E-4 1.51654258E-2 1.33254826E-2 1.83994276E-3 5.61571278E-6 1.66260579E-3 2.15705438E-3 7.21692628E-21 1.21489495E-4 1.29496502E-5 8.02585873E-6 2.82123551E-7 1.73512007E-7 2.91732117E-3 2.27864855E-3  3.3713344E-3 7.89982558E-4
0.405793011 2.59399414E-3 1.38714416E-2 5.27001976E-4 1.4784826E-2 1.29982987E-2 1.78652734E-3 5.56603663E-6 1.39276881E-3 2.28810264E-3 7.2861146E-21 1.20408491E-4 1.33810199E-5 8.32045862E-6 2.81629184E-7 1.71981384E-7 2.8012793E-3 2.26821797E-3  3.31219914E-3 7.87601341E-4
0.410979509 2.59248912E-3 1.4648227E-2 5.28149714E-4 1.44367991E-2 1.2701544E-2 1.73525524E-3 5.51740459E-6 1.14858616E-3 2.41364702E-3 7.37972738E-21 1.19383389E-4 1.37810512E-5 8.64958292E-6 2.81701915E-7 1.704787E-7 2.69021373E-3 2.25725048E-3  3.25873843E-3 7.85324781E-4
0.416162014 2.59001553E-3 1.41458558E-2 5.21690934E-4 1.41196847E-2 1.24336416E-2 1.68604357E-3 5.46963338E-6 9.32624855E-4 2.52835942E-3 7.50060965E-21 1.18434211E-4 1.41440687E-5 9.0102676E-6 2.82448241E-7 1.68996465E-7 2.58446205E-3 2.24577775E-3  3.21164681E-3 7.83261145E-4
0.421340495 2.58848071E-3 1.32847186E-2 5.06585464E-4 1.38296634E-2 1.21908085E-2 1.63885439E-3 5.42284033E-6 7.45789148E-4 2.62664398E-3 7.65225835E-21 1.17543394E-4 1.44660189E-5 9.39833899E-6 2.83988982E-7 1.67545352E-7 2.48423032E-3 2.23381887E-3  3.17156641E-3 7.81478069E-4
0.42651549 2.58651376E-3 1.38274468E-2 5.08530647E-4 1.35610197E-2 1.1967496E-2 1.59352412E-3 5.37692722E-6 5.87019662E-4 2.70321872E-3 7.83993949E-21 1.16783849E-4 1.47455403E-5 9.81030007E-6 2.86466616E-7 1.66123499E-7 2.38950551E-3 2.22133053E-3  3.13919154E-3 7.80060771E-4
0.431686521 2.5845021E-3 1.3288538E-2 4.94402193E-4 1.33095961E-2 1.17594777E-2 1.55011797E-3 5.33236289E-6 4.55589936E-4 2.75253016E-3 8.06850468E-21 1.16177245E-4 1.49803236E-5 1.02380482E-5 2.90008444E-7 1.64741081E-7 2.30121589E-3 2.20836978E-3  3.11553339E-3 7.79055816E-4
0.436853528 2.58250535E-3 1.32983401E-2 4.92804742E-4 1.30704902E-2 1.15618901E-2 1.50860019E-3 5.28932287E-6 3.48987553E-4 2.77063879E-3 8.34446554E-21 1.15738731E-4 1.51713275E-5 1.06741882E-5 2.94736139E-7 1.63408146E-7 2.2200495E-3 2.19493941E-3  3.10147018E-3 7.78473332E-4
0.442016482 2.58047879E-3 1.22801876E-2 4.77902679E-4 1.28392475E-2 1.13703115E-2 1.4689361E-3 5.24756979E-6 2.63849302E-4 2.75500584E-3 8.67722479E-21 1.15492636E-4 1.53215951E-5 1.11129157E-5 3.00782887E-7 1.62128742E-7 2.14659702E-3 2.18097563E-3  3.09794163E-3 7.78304529E-4
0.44717598 2.57901847E-3 1.30216032E-2 4.83168638E-4 1.26135992E-2 1.11825597E-2 1.43103919E-3 5.20796902E-6 1.97042013E-4 2.70443456E-3 9.07797118E-21 1.1546661E-4 1.54344725E-5 1.15473767E-5 3.08261264E-7 1.60901905E-7 2.08190712E-3 2.16643559E-3  3.10609117E-3 7.78523798E-4
0.452331483 2.57648528E-3 1.27614168E-2 4.74370434E-4 1.23935156E-2 1.09985787E-2 1.39493647E-3 5.17053604E-6 1.45490572E-4 2.6194253E-3 9.56041862E-21 1.15689407E-4 1.55140351E-5 1.19709939E-5 3.17261737E-7 1.59738036E-7 2.02725548E-3 2.15126784E-3  3.12722754E-3 7.79090158E-4
0.457482994 2.57501006E-3 1.22793289E-2 4.67287988E-4 1.21805575E-2 1.08200256E-2 1.3605319E-3 5.13520536E-6 1.06263185E-4 2.50185607E-3 1.01426948E-20 1.16192889E-4 1.55648813E-5 1.23786212E-5 3.27874119E-7 1.58642806E-7 1.98393292E-3 2.13537738E-3  3.16288718E-3 7.79951282E-4
0.46263051 2.57250667E-3 1.173208E-2 4.62763943E-4 1.19791729E-2 1.0651337E-2 1.32783537E-3 5.10216478E-6 7.68929604E-5 2.35544285E-3 1.08447668E-20 1.17010233E-4 1.55915095E-5 1.27644807E-5 3.40124103E-7 1.57620605E-7 1.95354875E-3 2.11871089E-3  3.21473158E-3 7.81044073E-4
0.470342994 5.13999164E-3 1.11334594E-2 3.17897968E-4 1.17169162E-2 1.04348324E-2 1.28208322E-3 5.05778735E-6 4.73729924E-5 2.09268462E-3 1.21891251E-20 1.18940341E-4 1.55944035E-5 1.32869673E-5 3.61602304E-7 1.56249612E-7 1.93759438E-3 2.0921363E-3  3.32867284E-3 7.82974355E-4
0.478049994 2.56700814E-3 1.14528658E-2 4.48717416E-4 1.15131419E-2 1.02737686E-2 1.239373E-3 5.01835893E-6 2.81571174E-5 1.80116843E-3 1.38996183E-20 1.21692763E-4 1.55699345E-5 1.37473426E-5 3.86083798E-7 1.55032822E-7 1.95489335E-3 2.06369092E-3  3.48423189E-3 7.85057491E-4
0.483182013 2.56499648E-3 1.12992665E-2 4.42033779E-4 1.14282882E-2 1.02154799E-2 1.21280842E-3 4.99522366E-6 1.99105307E-5 1.59893057E-3 1.53194269E-20 1.24122511E-4 1.55419184E-5 1.40114444E-5 4.04093186E-7 1.54317533E-7 1.98982377E-3 2.04346143E-3  3.61765129E-3 7.86472519E-4
0.488309979 2.56298482E-3 1.18857818E-2 4.54049674E-4 1.13913249E-2 1.02037964E-2 1.18752825E-3 4.97420933E-6 1.4026421E-5 1.39825477E-3 1.69839179E-20 1.27072883E-4 1.55080779E-5 1.42423842E-5 4.23147185E-7 1.53671664E-7 2.04347982E-3 2.02222355E-3  3.77556658E-3 7.87871249E-4
0.493433982 2.56100297E-3 1.14912903E-2 4.43405879E-4 1.14080608E-2 1.02446536E-2 1.16340758E-3 4.95511586E-6 9.84979215E-6 1.2045441E-3 1.89136802E-20 1.30609551E-4 1.54703193E-5 1.44405367E-5 4.42990228E-7 1.53085963E-7 2.11608503E-3 1.99997076E-3  3.95888789E-3 7.89244252E-4
0.501111507 5.11649251E-3 1.0952035E-2 3.09986761E-4 1.15494635E-2 1.04201995E-2 1.12926424E-3 4.92933668E-6 5.84955478E-6 9.37853823E-4 2.23770095E-20 1.37325973E-4 1.54085501E-5 1.46752036E-5 4.73671463E-7 1.52301794E-7 2.26209522E-3 1.96452509E-3  4.28547477E-3 7.91435479E-4
0.50878346 2.55551934E-3 1.17312847E-2 4.42206539E-4 1.1804929E-2 1.07081467E-2 1.09678181E-3 4.90547654E-6 3.34989181E-6 7.03800935E-4 2.63781984E-20 1.45704951E-4 1.53433921E-5 1.48496292E-5 5.04275306E-7 1.51583649E-7 2.44055246E-3 1.92737707E-3  4.65772906E-3 7.93878513E-4
0.513891995 2.55298615E-3 1.20720286E-2 4.45034704E-4 1.20434808E-2 1.09674754E-2 1.07600575E-3 4.88988917E-6 2.32403886E-6 5.71640965E-4 2.93671509E-20 1.52662469E-4 1.52976845E-5 1.49290127E-5 5.24107691E-7 1.51120844E-7 2.57681427E-3 1.90160854E-3  4.93081287E-3 7.95820262E-4
0.518996477 2.55149603E-3 1.17591703E-2 4.41961485E-4 1.23217385E-2 1.12660034E-2 1.0557347E-3 4.87387706E-6 1.60531465E-6 4.57802176E-4 3.25367358E-20 1.60905285E-4 1.52499542E-5 1.49828666E-5 5.43094188E-7 1.50655438E-7 2.72108847E-3 1.87527295E-3  5.21540875E-3 7.98120571E-4
0.524097443 2.54949927E-3 1.20972786E-2 4.41665587E-4 1.26261432E-2 1.15903458E-2 1.03579718E-3 4.8570605E-6 1.10306303E-6 3.61644547E-4 3.58126101E-20 1.7070341E-4 1.5199781E-5 1.50128444E-5 5.60926708E-7 1.50171232E-7 2.86814338E-3 1.84855866E-3  5.5035213E-3 8.0089079E-4
0.529194951 2.54800916E-3 1.30444933E-2 4.54763853E-4 1.29401321E-2 1.19240237E-2 1.01610844E-3 4.83881149E-6 7.53374138E-7 2.81939749E-4 3.90994705E-20 1.82392789E-4 1.51468239E-5 1.50205797E-5 5.77331036E-7 1.49656387E-7 3.0118248E-3 1.82167918E-3  5.78544941E-3 8.04250769E-4
0.534288526 2.54550576E-3 1.25292465E-2 4.47499217E-4 1.32449213E-2 1.22483624E-2 9.96558578E-4 4.81876214E-6 5.10985103E-7 2.17058347E-4 4.22840867E-20 1.96381763E-4 1.50908463E-5 1.50075939E-5 5.9207872E-7 1.49100416E-7 3.14532616E-3 1.79486687E-3  6.05023094E-3 8.08329321E-4
0.539377987 2.54398584E-3 1.29742501E-2 4.52656735E-4 1.35209085E-2 1.25438357E-2 9.77072283E-4 4.79667233E-6 3.43886313E-7 1.65145888E-4 4.52415547E-20 2.1315999E-4 1.50319747E-5 1.49754887E-5 6.04999286E-7 1.48496582E-7 3.26159503E-3 1.76836061E-3  6.28637802E-3 8.13294842E-4
0.544463992 2.54201889E-3 1.39304074E-2 4.61393065E-4 1.37490053E-2 1.27913766E-2 9.57629003E-4 4.77189269E-6 2.29503215E-7 1.2426512E-4 4.78431282E-20 2.33303494E-4 1.49705129E-5 1.4925723E-5 6.15982628E-7 1.47840439E-7 3.35379085E-3 1.74236496E-3  6.4826603E-3 8.19330337E-4
0.549546003 2.53999233E-3 1.35430619E-2 4.5786539E-4 1.3912281E-2 1.29741523E-2 9.38128098E-4 4.74449098E-6 1.51653012E-7 9.25065178E-5 4.99670049E-20 2.57527485E-4 1.49071539E-5 1.48597319E-5 6.24998847E-7 1.47132027E-7 3.41580762E-3 1.71703671E-3  6.62914291E-3 8.26696167E-4
0.554623961 2.53799558E-3 1.45212635E-2 4.68761602E-4 1.39960982E-2 1.30774388E-2 9.18659091E-4 4.71463636E-6 0 6.83155085E-5 5.14903485E-20 2.86396185E-4 1.48435274E-5 1.47796136E-5 6.32012132E-7 1.46385005E-7 3.44233122E-3 1.69269159E-3 6.71695033E-3  8.35637737E-4
0.559698462 2.53650546E-3 1.31760696E-2 4.43156168E-4 1.3992805E-2 1.30936084E-2 8.99196719E-4 4.68223379E-6 0 5.00500428E-5 5.23340985E-20 3.20697727E-4 1.4781087E-5 1.46870043E-5 6.37125879E-7 1.45607359E-7 3.43046174E-3 1.66938663E-3 6.74154935E-3  8.46529903E-4
0.564769506 2.53450871E-3 1.42444298E-2 4.55798203E-4 1.38990032E-2 1.3019219E-2 8.7978458E-4 4.64756886E-6 0 3.6415604E-5 5.24419487E-20 3.61140148E-4 1.47219544E-5 1.4583823E-5 6.40459177E-7 1.44820007E-7 3.37881618E-3 1.64721336E-3 6.70111878E-3  8.59776163E-4
0.569836497 2.53251195E-3 1.45103894E-2 4.58615308E-4 1.37173571E-2 1.28568793E-2 8.60477972E-4 4.61099216E-6 0 2.63396705E-5 5.17933421E-20 4.08350956E-4 1.46684451E-5 1.44720425E-5 6.42163513E-7 1.4404462E-7 3.28814215E-3 1.62622135E-3 6.59745745E-3  8.75830068E-4
0.574899554 2.53048539E-3 1.4002502E-2 4.45442245E-4 1.34561108E-2 1.26147475E-2 8.41363624E-4 4.57258011E-6 0 1.89567709E-5 5.0405598E-20 4.62817115E-4 1.46232614E-5 1.43537245E-5 6.42419081E-7 1.4330891E-7 3.16120917E-3 1.60641375E-3 6.43585064E-3  8.95164791E-4
0.579959035 2.52899528E-3 1.30153829E-2 4.33999405E-4 1.31281102E-2 1.23056518E-2 8.22458707E-4 4.53283565E-6 0 1.35847649E-5 4.83318821E-20 5.24806965E-4 1.4589149E-5 1.42309045E-5 6.41418183E-7 1.42647622E-7 3.00255325E-3 1.5877547E-3 6.22457545E-3  9.18239646E-4
0.585014999 2.52699852E-3 1.32797034E-2 4.37894836E-4 1.27497613E-2 1.19459052E-2 8.03855888E-4 4.4922449E-6 0 9.69844768E-6 4.5657284E-20 5.94278739E-4 1.45690392E-5 1.41056316E-5 6.39357722E-7 1.42098315E-7 2.81813974E-3 1.57017703E-3 5.97421685E-3  9.45446314E-4
0.590067506 2.5255084E-3 1.29292561E-2 4.28431289E-4 1.23394374E-2 1.15538165E-2 7.85621058E-4 4.45125215E-6 0 6.90001252E-6 4.24917446E-20 6.70806447E-4 1.45655576E-5 1.39798667E-5 6.36429206E-7 1.41702046E-7 2.61487579E-3 1.55358983E-3 5.69673628E-3  9.7713375E-4
0.595116496 2.52351165E-3 1.21339243E-2 4.14366106E-4 1.19156931E-2 1.11479023E-2 7.67790945E-4 4.41020757E-6 0 4.89243484E-6 3.89615122E-20 7.53512082E-4 1.45610802E-5 1.38555206E-5 6.32810782E-7 1.41503619E-7 2.40009278E-3 1.53788808E-3 5.40446397E-3  1.01345172E-3
0.600161552 2.52148509E-3 1.20426863E-2 4.06734151E-4 1.14959422E-2 1.0745503E-2 7.50439125E-4 4.36948721E-6 0 3.45686908E-6 3.52004674E-20 8.41017638E-4 1.45902186E-5 1.37343977E-5 6.28666896E-7 1.41552221E-7 2.18105246E-3 1.52295863E-3 5.10915369E-3  1.05439965E-3
0.605203032 2.51999497E-3 1.1682746E-2 3.99363111E-4 1.10947257E-2 1.03611816E-2 7.33543944E-4 4.32941533E-6 0 2.43315048E-6 3.13398055E-20 9.3145686E-4 1.46435814E-5 1.36181579E-5 6.24138636E-7 1.41896436E-7 1.96442287E-3 1.50868576E-3 4.8210253E-3  1.09980057E-3
0.610240996 2.51799822E-3 1.10186972E-2 3.92278656E-4 1.07230926E-2 1.00058997E-2 7.17192481E-4 4.29005559E-6 0 1.70519741E-6 2.75014515E-20 1.02248427E-3 1.47218634E-5 1.35083856E-5 6.19348157E-7 1.42592015E-7 1.75596576E-3 1.49495737E-3 4.54820646E-3  1.14929851E-3
0.615275502 2.5165081E-3 1.02825565E-2 3.76556272E-4 1.03878593E-2 9.68651287E-3 7.01346726E-4 4.25193366E-6 0 1.18930461E-6 2.37916063E-20 1.11135375E-3 1.48272338E-5 1.34065795E-5 6.14400278E-7 1.43691111E-7 1.56031817E-3 1.48167787E-3 4.29633586E-3  1.20239379E-3
0.620307028 2.51501799E-3 9.83714126E-3 3.66750668E-4 1.00914435E-2 9.40541364E-3 6.8602903E-4 4.2151687E-6 0 8.24922893E-7 2.02957633E-20 1.1950403E-3 1.49618354E-5 1.3314032E-5 6.09374183E-7 1.45245892E-7 1.380753E-3 1.46874425E-3 4.06832248E-3  1.25848339E-3
0.625334501 2.51245499E-3 9.43269115E-3 3.62674356E-4 9.83276963E-3 9.16151237E-3 6.71257614E-4 4.17998717E-6 0 5.71526868E-7 1.70819873E-20 1.27015857E-3 1.51291533E-5 1.32323312E-5 6.04330296E-7 1.47331519E-7 1.2195399E-3 1.4560835E-3 3.8648413E-3  1.31702446E-3
0.630358458 2.51153111E-3 1.00710858E-2 3.66601162E-4 9.6064778E-3 8.94949492E-3 6.56982535E-4 4.14651595E-6 0 3.91435293E-7 1.41856111E-20 1.33401167E-3 1.53296696E-5 1.31622255E-5 5.99337511E-7 1.49953607E-7 1.07707095E-3 1.44363032E-3 3.68378311E-3  1.37721968E-3
0.635379493 2.50947475E-3 8.98527447E-3 3.50869464E-4 9.40584298E-3 8.76261666E-3 6.4322626E-4 4.11500241E-6 0 2.66137505E-7 1.16294372E-20 1.38362253E-3 1.55676335E-5 1.31051129E-5 5.94424819E-7 1.53176458E-7 9.53254756E-4 1.43132638E-3 3.52189434E-3  1.43871736E-3
0.640396476 2.5075078E-3 9.0860296E-3 3.48614762E-4 9.22263321E-3 8.5926922E-3 6.29941642E-4 4.08540154E-6 0 1.79580397E-7 9.41686158E-21 1.41661766E-3 1.58467847E-5 1.30621047E-5 5.89624563E-7 1.57035558E-7 8.47063784E-4 1.41913141E-3 3.37475725E-3  1.50120107E-3
0.645410478 2.50649452E-3 9.04027186E-3 3.45523003E-4 9.04843863E-3 8.43129493E-3 6.17143E-4 4.0580926E-6 0 1.20200013E-7 7.53569454E-21 1.43128785E-3 1.61720018E-5 1.30343305E-5 5.84960048E-7 1.61556102E-7 7.56818277E-4 1.40700745E-3 3.2374505E-3  1.56460004E-3
0.6504215 2.50452757E-3 8.86313524E-3 3.40806146E-4 8.87558609E-3 8.27079918E-3 6.04787085E-4 4.03331023E-6 0 7.97853943E-8 5.96320804E-21 1.4266849E-3 1.65493857E-5 1.30228818E-5 5.80449807E-7 1.66751548E-7 6.80502679E-4 1.39492797E-3 3.10519803E-3  1.62905303E-3
0.655428529 2.50250101E-3 8.5792169E-3 3.35863006E-4 8.69796053E-3 8.10510851E-3 5.92851953E-4 4.01133593E-6 0 0 4.66995114E-21 1.40272116E-3 1.69866325E-5 1.30288481E-5 5.76111574E-7 1.72621668E-7 6.15979196E-4 1.38287467E-3 2.97388295E-3 1.69487495E-3
0.660432518 2.50148773E-3 9.06303804E-3 3.39016027E-4 8.51153396E-3 7.93021079E-3 5.81323984E-4 3.9925435E-6 0 0 3.62195612E-21 1.36017404E-3 1.74936904E-5 1.30533763E-5 5.71959276E-7 1.7914914E-7 5.61107765E-4 1.37083279E-3 2.84028868E-3 1.76251621E-3
0.665433526 2.49949098E-3 8.3300462E-3 3.30074778E-4 8.31429102E-3 7.7441032E-3 5.70187811E-4 3.97739359E-6 0 0 2.78437981E-21 1.30063633E-3 1.80832503E-5 1.30975768E-5 5.68008033E-7 1.86302188E-7 5.13928186E-4 1.35879044E-3 2.70238845E-3 1.83244725E-3
0.670431018 2.49800086E-3 8.55533127E-3 3.29087401E-4 8.10634531E-3 7.54693802E-3 5.59407112E-4 3.96630048E-6 0 0 2.12359053E-21 1.22641318E-3 1.87713467E-5 1.31626166E-5 5.64274956E-7 1.94028161E-7 4.72735323E-4 1.34674599E-3 2.55937641E-3 1.90500845E-3
0.675425529 2.49651074E-3 8.07981938E-3 3.22248961E-4 7.88953993E-3 7.34054949E-3 5.48990327E-4 3.95994084E-6 0 0 1.6082145E-21 1.14033837E-3 1.95785651E-5 1.32324994E-5 5.60777778E-7 2.02260779E-7 4.36110859E-4 1.33469456E-3 2.41154386E-3 1.98032777E-3
0.682910025 4.9880147E-3 7.78053235E-3 2.23156152E-4 7.55480723E-3 7.02080177E-3 5.34005521E-4 3.96185078E-6 0 0 1.05836517E-21 9.95568349E-4 2.10959242E-5 1.33839358E-5 5.56057444E-7 2.1540751E-7 3.87700507E-4 1.31661585E-3 2.18366762E-3 2.098036E-3
0.692879558 4.98148799E-3 6.89089904E-3 2.11554725E-4 7.11174589E-3 6.59668492E-3 5.15060965E-4 3.98798102E-6 0 0 5.88354829E-22 7.92683393E-4 2.38215307E-5 1.36748167E-5 5.50764014E-7 2.33754719E-7 3.30665731E-4 1.29252905E-3 1.88031828E-3 2.25821976E-3
0.70283699 4.97597456E-3 6.65020896E-3 2.06429511E-4 6.69605937E-3 6.19880483E-3 4.9725431E-4 4.04997945E-6 0 0 3.22140855E-22 5.98121318E-4 2.77754025E-5 1.40658876E-5 5.46878653E-7 2.52284167E-7 2.80262757E-4 1.26853504E-3 1.5942445E-3 2.41095084E-3
0.712782979 4.9700141E-3 6.14268752E-3 1.98242953E-4 6.32344559E-3 5.84294973E-3 4.80495859E-4 4.15751174E-6 0 0 1.7413611E-22 4.28595376E-4 3.36005578E-5 1.45735439E-5 5.44671536E-7 2.70073258E-7 2.35604122E-4 1.24474359E-3 1.34141021E-3 2.53945007E-3
0.722717047 4.96402383E-3 5.770633E-3 1.92848733E-4 5.99606615E-3 5.53135015E-3 4.64715995E-4 4.32064689E-6 0 0 9.29027793E-23 2.92534911E-4 4.22223929E-5 1.52243456E-5 5.44432908E-7 2.86297734E-7 1.96685258E-4 1.22128415E-3 1.13080279E-3 2.62744492E-3
0.732639551 4.9584806E-3 5.71886124E-3 1.90784733E-4 5.70768211E-3 5.25784073E-3 4.49841173E-4 4.54827159E-6 0 0 4.87888571E-23 1.90938285E-4 5.48797107E-5 1.60616037E-5 5.46459091E-7 3.00333198E-7 1.63579723E-4 1.19828398E-3 9.63804079E-4 2.66489829E-3
0.742550492 4.95249033E-3 5.53400163E-3 1.86935678E-4 5.45126665E-3 5.01547381E-3 4.35793161E-4 4.84627344E-6 0 0 2.51240381E-23 1.19770659E-4 7.30664615E-5 1.71549818E-5 5.51041751E-7 3.11812045E-7 1.36106712E-4 1.17585424E-3 8.36054969E-4 2.6517564E-3
0.752450466 4.94751334E-3 5.2961628E-3 1.83237935E-4 5.22416085E-3 4.80165379E-3 4.22507204E-4 5.21586935E-6 0 0 1.26346905E-23 7.26254075E-5 9.83290302E-5 1.86155612E-5 5.58482384E-7 3.20633546E-7 1.13785347E-4 1.15406967E-3 7.40112853E-4 2.59802095E-3
0.762340546 4.94250655E-3 5.11806598E-3 1.8002365E-4 5.02855703E-3 4.61863633E-3 4.09920351E-4 5.65227992E-6 0 0 6.18161108E-24 4.28399762E-5 1.31876935E-4 2.06194491E-5 5.69122165E-7 3.26927506E-7 9.59359095E-5 1.13296101E-3 6.67814107E-4 2.52004061E-3
0.772220016 4.93699312E-3 4.8203622E-3 1.7320906E-4 4.86801472E-3 4.47003404E-3 3.97980359E-4 6.14385635E-6 0 0 2.93408629E-24 2.47360294E-5 1.74023808E-4 2.34437048E-5 5.81428708E-7 3.30989423E-7 8.18011613E-5 1.11252011E-3 6.11802738E-4 2.43465044E-3
0.782088995 4.93198633E-3 5.13322884E-3 1.78258677E-4 4.74262238E-3 4.355988E-3 3.86634289E-4 6.672783E-6 0 0 8.06780423E-25 1.40515558E-5 2.23601455E-4 2.75202838E-5 5.97737426E-7 3.33207339E-7 7.06661085E-5 1.09269668E-3 5.66262228E-4 2.35358602E-3
0.791947961 4.92700934E-3 4.53483965E-3 1.69430117E-4 4.64564795E-3 4.26980201E-3 3.75845673E-4 7.21760625E-6 0 0 0 7.87217596E-6 2.77615443E-4 3.35195946E-5 6.18236641E-7 3.33994819E-7 6.19266575E-5 1.07338943E-3 5.27068682E-4 2.28024018E-3
0.801797509 4.92247939E-3 4.34929086E-3 1.67008475E-4 4.56383778E-3 4.19825548E-3 3.65581858E-4 7.75296485E-6 0 0 0 4.35826769E-6 3.30969808E-4 4.24036589E-5 6.4335137E-7 3.33734306E-7 5.51163721E-5 1.05455599E-3 4.91805142E-4 2.21031625E-3
0.811638474 4.91851568E-3 4.64799302E-3 1.67981678E-4 4.48012259E-3 4.12432244E-3 3.55800265E-4 8.25605002E-6 0 0 0 2.38417238E-6 3.77389573E-4 5.55564802E-5 6.74382534E-7 3.32751029E-7 4.98595E-5 1.03609427E-3 4.59273026E-4 2.1345024E-3
0.821470499 4.91347909E-3 4.43206308E-3 1.65078178E-4 4.37956583E-3 4.03308263E-3 3.46483284E-4 8.7082035E-6 0 0 0 1.27901524E-6 4.10552486E-4 7.4658361E-5 7.1325195E-7 3.31308456E-7 4.59221483E-5 1.01793301E-3 4.29439533E-4 2.04354501E-3
0.831292987 4.90903854E-3 4.22365917E-3 1.6214262E-4 4.25355462E-3 3.91595531E-3 3.37599195E-4 9.09593473E-6 0 0 0 6.71841178E-7 4.25318984E-4 1.01724596E-4 7.63151377E-7 3.2958809E-7 4.31719891E-5 1.00002682E-3 4.03078768E-4 1.93177373E-3
0.841107488 4.90549207E-3 4.16428782E-3 1.6079031E-4 4.1022175E-3 3.77311348E-3 3.29104136E-4 9.41262169E-6 0 0 0 3.44319346E-7 4.19153017E-4 1.38687581E-4 8.29011242E-7 3.27718709E-7 4.15079012E-5 9.82356956E-4 3.81286663E-4 1.79920776E-3
0.850914001 4.90099192E-3 4.11487138E-3 1.58117327E-4 3.93330399E-3 3.61232832E-3 3.20975611E-4 9.65840627E-6 0 0 0 1.71502933E-7 3.92682385E-4 1.86982259E-4 9.18687476E-7 3.25785521E-7 4.08176202E-5 9.64903738E-4 3.64997599E-4 1.65087043E-3
0.863160014 7.34499097E-3 3.72048398E-3 1.25060644E-4 3.71774635E-3 3.40642571E-3 3.11320618E-4 9.86979376E-6 0 0 0 7.08525789E-8 3.36748286E-4 2.63299909E-4 1.08550398E-6 3.23381869E-7 4.10858593E-5 9.43556835E-4 3.53112729E-4 1.45727256E-3
0.877841473 7.33649731E-3 3.62817734E-3 1.22680809E-4 3.47871101E-3 3.17834178E-3 3.00369196E-4 1.00157449E-5 0 0 0 0 2.53668084E-4 3.6995468E-4 1.41348448E-6 3.20615385E-7 4.22527446E-5 9.18668869E-4 3.47875262E-4 1.23417226E-3
0.892506957 7.32901692E-3 3.40758776E-3 1.19926903E-4 3.27128218E-3 2.98121572E-3 2.90066266E-4 1.00725238E-5 0 0 0 0 1.71706823E-4 4.75676643E-4 1.99799388E-6 3.18089008E-7 4.32300985E-5 8.9474424E-4 3.45812849E-4 1.03765656E-3
0.907158017 7.32198358E-3 3.08208889E-3 1.14766735E-4 3.07790912E-3 2.79754843E-3 2.80360808E-4 1.00715124E-5 0 0 0 0 1.05235187E-4 5.53734717E-4 3.04494279E-6 3.15932482E-7 4.27604791E-5 8.71905184E-4 3.37202975E-4 8.73277429E-4
0.921795487 7.31551647E-3 2.8949487E-3 1.09634806E-4 2.87057739E-3 2.5993858E-3 2.71191529E-4 1.00365805E-5 0 0 0 0 5.90798154E-5 5.80249995E-4 4.86633189E-6 3.14313951E-7 4.00665049E-5 8.50180571E-4 3.14838195E-4 7.39753537E-4
0.936419964 7.30898976E-3 2.75481888E-3 1.08323642E-4 2.63578584E-3 2.37328513E-3 2.62500718E-4 9.98322685E-6 0 0 0 0 3.08001036E-5 5.4592744E-4 7.85491648E-6 3.13462039E-7 3.51986091E-5 8.29444325E-4 2.77604326E-4 6.36158802E-4
0.953465462 9.73650813E-3 2.38942029E-3 8.91775635E-5 2.34718947E-3 2.0942674E-3 2.52921949E-4 9.91009165E-6 0 0 0 0 1.36671288E-5 4.42999677E-4 1.32668092E-5 3.13895015E-7 2.79140422E-5 8.06401018E-4 2.22724004E-4 5.57070889E-4
0.975360513 1.21584833E-2 1.99841452E-3 7.56453082E-5 2.02449877E-3 1.78312045E-3 2.41378177E-4 9.81152152E-6 0 0 0 0 4.49058189E-6 2.76746869E-4 2.2771359E-5 3.17535012E-7 1.88546364E-5 7.78157439E-4 1.54741021E-4 5.1722955E-4
0.999664426 1.21454895E-2 1.82597525E-3 7.36828661E-5 1.77968841E-3 1.55025534E-3 2.29433077E-4 9.70705787E-6 0 0 0 0 1.18024207E-6 1.280008E-4 3.29749892E-5 3.26748449E-7 1.17139234E-5 7.48192891E-4 1.01425532E-4 5.16733155E-4
1.02394998 1.21400356E-2 1.66287541E-3 7.0383132E-5 1.61141681E-3 1.39311457E-3 2.18302244E-4 9.62067588E-6 0 0 0 0 2.79880936E-7 4.75778834E-5 3.64597108E-5 3.4248157E-7 7.86737201E-6 7.19443022E-4 7.28436353E-5 4.98679874E-4
1.04821491 1.21249557E-2 1.52349519E-3 6.68070206E-5 1.45273039E-3 1.24486E-3 2.07870326E-4 9.57459815E-6 0 0 0 0 5.7544856E-8 1.52050197E-5 3.04226123E-5 3.65801839E-7 5.95442998E-6 6.91822206E-4 5.85306152E-5 4.32927191E-4
1.07246494 1.21250153E-2 1.40664109E-3 6.56504344E-5 1.29792327E-3 1.09983434E-3 1.98088979E-4 9.60527632E-6 0 0 0 0 6.21024698E-9 4.43539966E-6 1.9247107E-5 3.96484324E-7 4.8070392E-6 6.65393542E-4 4.97257497E-5 3.46217479E-4
1.09670997 1.21200085E-2 1.15643616E-3 6.20694846E-5 1.1694713E-3 9.80507932E-4 1.88963342E-4 9.7576185E-6 0 0 0 0 0 1.19174808E-6 9.42477891E-6 4.4021138E-7 3.89776778E-6 6.40230603E-4 4.24307837E-5 2.73134472E-4
1.12094498 1.21150613E-2 1.02855952E-3 6.04455054E-5 1.07142911E-3 8.90928379E-4 1.80500778E-4 1.00696525E-5 0 0 0 0 0 2.86173758E-7 3.72356112E-6 5.15728743E-7 3.09618417E-6 6.16372738E-4 3.55765624E-5 2.21287744E-4
1.14517498 1.21149421E-2 1.03433605E-3 5.95579477E-5 9.93867405E-4 8.21196823E-4 1.72670567E-4 1.05619574E-5 0 0 0 0 0 5.92976512E-8 1.26238933E-6 6.71631199E-7 2.40955751E-6 5.93789038E-4 2.92573022E-5 1.83185621E-4
1.16940498 1.21150017E-2 9.37757432E-4 5.80289998E-5 9.29168833E-4 7.63759308E-4 1.65409554E-4 1.12512835E-5 0 0 0 0 0 3.79871512E-9 3.89721293E-7 1.04113542E-6 1.85745182E-6 5.72430901E-4 2.37836575E-5 1.53001354E-4
1.19363999 1.21200085E-2 9.54913674E-4 5.90066702E-5 8.7374507E-4 7.15074595E-4 1.58670533E-4 1.21980074E-5 0 0 0 0 0 0 1.11571531E-7 1.97638269E-6 1.43848172E-6 5.52221551E-4 1.93557771E-5 1.27772772E-4
1.21788001 1.21200085E-2 8.68792122E-4 5.72663594E-5 8.26712232E-4 6.74287439E-4 1.52424764E-4 1.33374187E-5 0 0 0 0 0 0 2.88973592E-8 4.34573803E-6 1.13602573E-6 5.33080136E-4 1.60491236E-5 1.06310079E-4
1.24213004 1.2130022E-2 8.29055964E-4 5.65478695E-5 7.92109873E-4 6.45475287E-4 1.46634571E-4 1.52371795E-5 0 0 0 0 0 0 6.53742616E-9 9.86402029E-6 9.31545628E-7 5.14903513E-4 1.38782279E-5 9.06543064E-5
1.26639509 1.21349692E-2 7.13707064E-4 5.53187529E-5 7.76705623E-4 6.35453267E-4 1.41252356E-4 1.8888777E-5 0 0 0 0 0 0 9.94538896E-10 2.05239157E-5 8.10196354E-7 4.97617002E-4 1.28245974E-5 8.47877964E-5
1.29067004 1.21400356E-2 7.88630859E-4 5.40957953E-5 7.83739553E-4 6.47513662E-4 1.36225935E-4 2.72090019E-5 0 0 0 0 0 0 0 3.60029298E-5 7.52738686E-7 4.81155177E-4 1.26972145E-5 8.96965867E-5
1.31496 1.214993E-2 9.65110783E-4 5.09505444E-5 8.08670651E-4 6.77157135E-4 1.31513501E-4 4.78456459E-5 0 0 0 0 0 0 0 5.07660116E-5 7.22000493E-7 4.65487799E-4 1.28954562E-5 9.94402217E-5
1.33926499 1.2155056E-2 9.29029018E-4 5.03551892E-5 8.507155E-4 7.23642705E-4 1.27072795E-4 1.00375051E-4 0 0 0 0 0 0 0 5.62007335E-5 6.68905443E-7 4.50616295E-4 1.25170718E-5 1.03264654E-4
1.363585 1.21649504E-2 9.0114295E-4 4.96781067E-5 9.43933788E-4 8.21055903E-4 1.22877915E-4 2.30358492E-4 0 0 0 0 0 0 0 4.84663033E-5 5.66458368E-7 4.36537113E-4 1.10188521E-5 9.41086764E-5
1.38792992 1.21800303E-2 1.1068735E-3 5.22140072E-5 1.17853016E-3 1.05962297E-3 1.1890717E-4 5.19594352E-4 0 0 0 0 0 0 0 3.26876834E-5 4.3200842E-7 4.23191639E-4 8.71390421E-6 7.50033723E-5
1.41229999 1.21899843E-2 1.48481992E-3 5.65716655E-5 1.65275519E-3 1.53760088E-3 1.15154304E-4 1.04754569E-3 0 0 0 0 0 0 0 1.75355526E-5 3.05865626E-7 4.10509616E-4 6.41657789E-6 5.52876008E-5
1.43180501 7.31503963E-3 2.04923283E-3 8.08417462E-5 2.18844321E-3 2.07613176E-3 1.12311405E-4 1.61748857E-3 0 0 0 0 0 0 0 9.09865776E-6 2.28289281E-7 4.00792138E-4 4.96879056E-6 4.3555403E-5
1.44644499 7.32499361E-3 2.55014631E-3 8.72148375E-5 2.61180033E-3 2.5015166E-3 1.10283567E-4 2.06036377E-3 0 0 0 0 0 0 0 5.24099823E-6 1.8653607E-7 3.93741531E-4 4.18348463E-6 3.78004916E-5
1.46109509 7.32499361E-3 2.70951632E-3 8.91159216E-5 2.95340992E-3 2.84505845E-3 1.08351524E-4 2.41758861E-3 0 0 0 0 0 0 0 2.89543414E-6 1.55923473E-7 3.86882835E-4 3.60775289E-6 3.39280086E-5
1.47330499 4.88495827E-3 3.27603309E-3 1.17294621E-4 3.11811152E-3 3.01129255E-3 1.06819061E-4 2.59328238E-3 0 0 0 0 0 0 0 1.71045997E-6 1.36747275E-7 3.81305843E-4 3.2480782E-6 3.16090482E-5
1.48307991 4.89002466E-3 3.05132591E-3 1.13859773E-4 3.13997781E-3 3.03432741E-3 1.05650382E-4 2.62299506E-3 0 0 0 0 0 0 0 1.11591862E-6 1.2468719E-7 3.76930169E-4 3.02267449E-6 3.01387936E-5
1.49286008 4.89002466E-3 3.10943928E-3 1.14826864E-4 3.06142494E-3 2.9568905E-3 1.04534418E-4 2.55171768E-3 0 0 0 0 0 0 0 7.20540243E-7 1.14712641E-7 3.72619717E-4 2.83692566E-6 2.88810061E-5
1.50264502 4.89497185E-3 2.98567442E-3 1.12871028E-4 2.89098104E-3 2.78750947E-3 1.03471473E-4 2.38808151E-3 0 0 0 0 0 0 0 4.6102312E-7 1.0634259E-7 3.68385692E-4 2.68171652E-6 2.77932704E-5
1.51243496 4.89497185E-3 2.99133314E-3 1.12784626E-4 2.647341E-3 2.54487572E-3 1.02465463E-4 2.15086085E-3 0 0 0 0 0 0 0 2.91559019E-7 9.9139065E-8 3.64214677E-4 2.54874499E-6 2.68607128E-5
1.52467489 7.34502077E-3 2.446495E-3 8.5439191E-5 2.27826089E-3 2.17698677E-3 1.01274105E-4 1.78931642E-3 0 0 0 0 0 0 0 1.63122422E-7 9.13067169E-8 3.59086931E-4 2.4047356E-6 2.59243134E-5
1.54182005 9.80001688E-3 1.67047279E-3 6.48558998E-5 1.74044352E-3 1.64073415E-3 9.97093593E-5 1.26132823E-3 0 0 0 0 0 0 0 6.94252975E-8 8.15919918E-8 3.52038565E-4 2.22540621E-6 2.49908844E-5
1.56387997 1.22600198E-2 1.16378639E-3 5.19731984E-5 1.16557931E-3 1.06781488E-3 9.77643649E-5 6.98365562E-4 0 0 0 0 0 0 0 2.13563389E-8 7.01758367E-8 3.4320855E-4 2.00711952E-6 2.4142113E-5
1.58841491 1.22749209E-2 8.22014234E-4 4.72786996E-5 7.60677154E-4 6.65142667E-4 9.55344876E-5 3.0664503E-4 0 0 0 0 0 0 0 4.91788255E-9 5.82318229E-8 3.33697593E-4 1.75853734E-6 2.29783418E-5
1.61297488 1.22850537E-2 5.98322426E-4 4.38000679E-5 5.59391861E-4 4.66258381E-4 9.31334944E-5 1.19018652E-4 0 0 0 0 0 0 0 3.42953527E-10 4.72246597E-8 3.24566237E-4 1.50251867E-6 2.11234201E-5
1.63756001 1.23000145E-2 4.83684067E-4 4.1604766E-5 4.69285646E-4 3.78682336E-4 9.06033019E-5 4.27004961E-5 0 0 0 0 0 0 0 0 3.75597615E-8 3.15839745E-4 1.25593783E-6 1.88485865E-5
1.66216993 1.23099685E-2 5.1186292E-4 4.3997079E-5 4.27742576E-4 3.39690043E-4 8.80525185E-5 1.43481502E-5 0 0 0 0 0 0 0 0 2.95022637E-8 3.07496957E-4 1.03877812E-6 1.67766739E-5
1.6868 1.23200417E-2 4.63455101E-4 4.44057405E-5 4.05692001E-4 3.20123305E-4 8.55686958E-5 4.43355975E-6 0 0 0 0 0 0 0 0 2.31163089E-8 2.99503386E-4 8.62639126E-7 1.53005931E-5
1.7114501 1.23299956E-2 4.09053173E-4 4.31938133E-5 3.91500711E-4 3.08310759E-4 8.3189967E-5 1.22442918E-6 0 0 0 0 0 0 0 0 1.82627389E-8 2.91828183E-4 7.29033275E-7 1.45108334E-5
1.73612499 1.23449564E-2 3.7599061E-4 4.26891056E-5 3.80904065E-4 2.99923791E-4 8.09802732E-5 2.96965851E-7 0 0 0 0 0 0 0 0 1.46867078E-8 2.84483831E-4 6.35705476E-7 1.44925925E-5
1.76081991 1.23500228E-2 4.1498986E-4 4.21280638E-5 3.72755923E-4 2.93630932E-4 7.91250131E-5 3.74165623E-8 0 0 0 0 0 0 0 0 1.21090107E-8 2.7749539E-4 5.80532799E-7 1.55054786E-5
1.7855351 1.23650432E-2 3.99512064E-4 4.21731893E-5 3.67102533E-4 2.89167918E-4 7.79346155E-5 0 0 0 0 0 0 0 0 0 1.02672022E-8 2.70837627E-4 5.5859698E-7 1.77614456E-5
1.81027007 1.23699903E-2 3.61929677E-4 4.19130374E-5 3.63486586E-4 2.85823684E-4 7.76629095E-5 0 0 0 0 0 0 0 0 0 8.89272656E-9 2.64398142E-4 5.55100996E-7 2.08615493E-5
1.83502507 1.23850107E-2 3.88643908E-4 4.37332019E-5 3.60252598E-4 2.82017019E-4 7.82355637E-5 0 0 0 0 0 0 0 0 0 7.71072184E-9 2.58021086E-4 5.44028353E-7 2.34441904E-5
1.8598001 1.23899579E-2 3.87339853E-4 4.49255094E-5 3.55032797E-4 2.75890459E-4 7.91423154E-5 0 0 0 0 0 0 0 0 0 6.52011112E-9 2.51629419E-4 5.0058253E-7 2.37539334E-5
1.8845849 1.23949647E-2 3.49453388E-4 4.48652281E-5 3.46481218E-4 2.66796036E-4 7.96851818E-5 0 0 0 0 0 0 0 0 0 5.28998756E-9 2.45318573E-4 4.20564646E-7 2.10516137E-5
1.90938997 1.24100447E-2 4.44434292E-4 4.57352653E-5 3.35473393E-4 2.56023632E-4 7.94497828E-5 0 0 0 0 0 0 0 0 0 4.13774881E-9 2.3926617E-4 3.24715529E-7 1.64286012E-5
1.93421006 1.24099851E-2 4.16892901E-4 4.73134132E-5 3.24173394E-4 2.45668401E-4 7.85049779E-5 0 0 0 0 0 0 0 0 0 3.19086046E-9 2.33582236E-4 2.39765967E-7 1.18432208E-5
1.95904493 1.24250054E-2 3.74343712E-4 4.57610804E-5 3.14120145E-4 2.36949592E-4 7.71705527E-5 0 0 0 0 0 0 0 0 0 2.48174792E-9 2.28241814E-4 1.78405799E-7 8.526893E-6
1.98389494 1.24249458E-2 3.04591289E-4 4.59436596E-5 3.05597467E-4 2.29874189E-4 7.57232774E-5 0 0 0 0 0 0 0 0 0 1.96640926E-9 2.23168099E-4 1.38465722E-7 6.56565226E-6
2.00875497 1.2435019E-2 3.43658292E-4 4.5388595E-5 2.9822372E-4 2.23915791E-4 7.4307929E-5 0 0 0 0 0 0 0 0 0 1.58550717E-9 2.18301531E-4 1.12630204E-7 5.50004597E-6
2.03362989 1.24399662E-2 3.31817486E-4 4.51623237E-5 2.91604607E-4 2.1861268E-4 7.29919338E-5 0 0 0 0 0 0 0 0 0 1.29534827E-9 2.13609615E-4 9.50631218E-8 4.90669754E-6
2.05851507 1.24450922E-2 3.20955412E-4 4.62282769E-5 2.85548856E-4 2.13730047E-4 7.18188167E-5 0 0 0 0 0 0 0 0 0 1.06964881E-9 2.09079211E-4 8.25556583E-8 4.567215E-6
2.08341002 1.24499798E-2 2.67546653E-4 4.51153974E-5 2.80020671E-4 2.09174337E-4 7.08463267E-5 0 0 0 0 0 0 0 0 0 8.91725416E-10 2.04705531E-4 7.33478061E-8 4.39457608E-6
2.10831499 1.24549866E-2 3.39936145E-4 4.61234522E-5 2.75048194E-4 2.04887328E-4 7.0160866E-5 0 0 0 0 0 0 0 0 0 7.48899887E-10 2.00488648E-4 6.60691484E-8 4.33185369E-6
2.13322496 1.24549866E-2 1.69918072E-4 4.56454509E-5 2.70689605E-4 2.00793802E-4 6.98957956E-5 0 0 0 0 0 0 0 0 0 6.30727526E-10 1.96429086E-4 5.94791203E-8 4.30460159E-6
2.15814495 1.24651194E-2 2.62709887E-4 4.82781979E-5 2.67049094E-4 1.96802968E-4 7.02461111E-5 0 0 0 0 0 0 0 0 0 5.29974009E-10 1.92518273E-4 5.28285895E-8 4.23134043E-6
2.18307495 1.24648809E-2 2.45461357E-4 4.85234523E-5 2.64275877E-4 1.92833424E-4 7.14424532E-5 0 0 0 0 0 0 0 0 0 4.43163284E-10 1.88725884E-4 4.61122447E-8 4.06099389E-6
2.20800996 1.24700069E-2 1.95867426E-4 5.05525604E-5 2.62480549E-4 1.88827238E-4 7.36533257E-5 0 0 0 0 0 0 0 0 0 3.68986924E-10 1.84990859E-4 3.97504003E-8 3.79625294E-6
2.23295498 1.24750137E-2 1.75683846E-4 5.27710181E-5 2.61596462E-4 1.84751421E-4 7.68450409E-5 0 0 0 0 0 0 0 0 0 3.05974274E-10 1.81233161E-4 3.40337536E-8 3.4839104E-6
2.25790501 1.24748945E-2 2.76218721E-4 5.78133404E-5 2.61254958E-4 1.80609481E-4 8.06454773E-5 0 0 0 0 0 0 0 0 0 2.51955956E-10 1.77398251E-4 2.89230773E-8 3.1820648E-6
2.28285503 1.24751329E-2 2.34291321E-4 6.0823666E-5 2.6083077E-4 1.76462127E-4 8.43686503E-5 0 0 0 0 0 0 0 0 0 2.05181053E-10 1.73502514E-4 2.42767371E-8 2.93512494E-6
2.30781007 1.24800205E-2 2.6173002E-4 6.20613646E-5 2.59700668E-4 1.72428016E-4 8.72726523E-5 0 0 0 0 0 0 0 0 0 1.65122097E-10 1.69632549E-4 2.00973052E-8 2.77520076E-6
2.33277512 1.24849081E-2 1.85173616E-4 6.58183417E-5 2.57514737E-4 1.68646511E-4 8.88682189E-5 0 0 0 0 0 0 0 0 0 1.31904418E-10 1.65892445E-4 1.65118568E-8 2.73741352E-6
2.35774493 1.24850273E-2 2.97345716E-4 6.63055689E-5 2.54276791E-4 1.65218575E-4 8.90582087E-5 0 0 0 0 0 0 0 0 0 1.05316866E-10 1.62351091E-4 1.36037421E-8 2.85376905E-6
2.38271499 1.24850273E-2 1.61393662E-4 6.56902484E-5 2.50202138E-4 1.62152428E-4 8.804971E-5 0 0 0 0 0 0 0 0 0 8.45115644E-11 1.59031391E-4 1.1327371E-8 3.10961218E-6
2.4076848 1.24849081E-2 1.93801869E-4 6.46770786E-5 2.45562609E-4 1.59333984E-4 8.62286106E-5 0 0 0 0 0 0 0 0 0 6.83414714E-11 1.55924005E-4 9.54991286E-9 3.40036763E-6
2.43265986 1.24900341E-2 2.06988145E-4 6.50137517E-5 2.40576672E-4 1.56558977E-4 8.40176945E-5 0 0 0 0 0 0 0 0 0 5.57057039E-11 1.52996872E-4 8.12578893E-9 3.55392353E-6
2.45763993 1.24900341E-2 2.5277739E-4 6.24486638E-5 2.35404368E-4 1.53645524E-4 8.17588443E-5 0 0 0 0 0 0 0 0 0 4.57004504E-11 1.50207154E-4 6.94312963E-9 3.43137594E-6
2.48262501 1.24950409E-2 1.40688426E-4 6.18969498E-5 2.30190926E-4 1.50549487E-4 7.96414461E-5 0 0 0 0 0 0 0 0 0 3.76560103E-11 1.47516635E-4 5.93657745E-9 3.02687113E-6
2.50761008 1.24900341E-2 2.01744828E-4 6.19398706E-5 2.25106342E-4 1.47375962E-4 7.77303794E-5 0 0 0 0 0 0 0 0 0 3.10986653E-11 1.449009E-4 5.07375164E-9 2.46996819E-6
2.53259516 1.24950409E-2 2.38858411E-4 6.17195692E-5 2.20285816E-4 1.44281556E-4 7.60042531E-5 0 0 0 0 0 0 0 0 0 2.57058767E-11 1.42348348E-4 4.33783232E-9 1.92885432E-6
2.55758524 1.24949217E-2 1.44909893E-4 5.9963495E-5 2.15784079E-4 1.41368699E-4 7.44153731E-5 0 0 0 0 0 0 0 0 0 2.12492506E-11 1.39855343E-4 3.71352038E-9 1.50963012E-6
2.58257508 1.24950409E-2 2.11414022E-4 6.08381561E-5 2.11573395E-4 1.38657721E-4 7.29156745E-5 0 0 0 0 0 0 0 0 0 1.75632876E-11 1.37424533E-4 3.18473181E-9 1.22998779E-6
2.60756493 1.24949217E-2 2.28347431E-4 5.88325638E-5 2.0761347E-4 1.36117989E-4 7.14954876E-5 0 0 0 0 0 0 0 0 0 1.45187464E-11 1.3505973E-4 2.73588907E-9 1.05551146E-6
2.63255501 1.24950409E-2 8.03459989E-5 6.03032167E-5 2.03893971E-4 1.33709807E-4 7.01841636E-5 0 0 0 0 0 0 0 0 0 1.20097673E-11 1.32763147E-4 2.35394992E-9 9.4429447E-7
2.65754509 1.24950409E-2 1.88197286E-4 5.90644377E-5 2.00437164E-4 1.31400375E-4 6.90367815E-5 0 0 0 0 0 0 0 0 0 9.94367869E-12 1.30530738E-4 2.02795403E-9 8.67610083E-7
2.68253994 1.24999285E-2 2.1572398E-4 5.94515441E-5 1.97260524E-4 1.29164153E-4 6.80963713E-5 0 0 0 0 0 0 0 0 0 8.23844725E-12 1.28351749E-4 1.74847881E-9 8.10638198E-7
2.70753503 1.24950409E-2 2.3441932E-4 5.94667799E-5 1.94335909E-4 1.2698237E-4 6.73535324E-5 0 0 0 0 0 0 0 0 0 6.82506829E-12 1.26213999E-4 1.50767043E-9 7.66864218E-7
2.73253012 1.24999285E-2 1.93564454E-4 6.13025841E-5 1.9157822E-4 1.24841463E-4 6.67367494E-5 0 0 0 0 0 0 0 0 0 5.64779256E-12 1.24106999E-4 1.2991539E-9 7.33167269E-7
2.75752497 1.24950409E-2 1.08102657E-4 6.03423214E-5 1.88866834E-4 1.22736979E-4 6.61298545E-5 0 0 0 0 0 0 0 0 0 4.66449449E-12 1.22029014E-4 1.11816323E-9 7.06836602E-7
2.78252006 1.25000477E-2 1.10627116E-4 5.91241587E-5 1.86086952E-4 1.20672979E-4 6.54139658E-5 0 0 0 0 0 0 0 0 0 3.84484545E-12 1.19987919E-4 9.61312474E-10 6.84101224E-7
2.80751991 1.24999285E-2 2.87750008E-4 5.93938894E-5 1.83182681E-4 1.1865695E-4 6.45257314E-5 0 0 0 0 0 0 0 0 0 3.16532412E-12 1.17995922E-4 8.25877033E-10 6.60199021E-7
2.832515 1.24950409E-2 1.48893901E-4 5.86285096E-5 1.80170784E-4 1.16695519E-4 6.34752651E-5 0 0 0 0 0 0 0 0 0 2.60601566E-12 1.16063646E-4 7.09423076E-10 6.31163743E-7
2.85751009 1.24999285E-2 1.16496434E-4 5.75012455E-5 1.77103109E-4 1.14788912E-4 6.23141968E-5 0 0 0 0 0 0 0 0 0 2.14739945E-12 1.14192466E-4 6.09459372E-10 5.95829761E-7
2.88250995 1.25000477E-2 1.29059947E-4 5.83137262E-5 1.74041212E-4 1.12934933E-4 6.11062787E-5 0 0 0 0 0 0 0 0 0 1.77147804E-12 1.12378046E-4 5.23731336E-10 5.56363659E-7
2.90751004 1.25000477E-2 1.58068986E-4 5.95033453E-5 1.71030057E-4 1.11132365E-4 5.98976912E-5 0 0 0 0 0 0 0 0 0 1.46293708E-12 1.10615234E-4 4.50332632E-10 5.16680132E-7
2.9325099 1.24999285E-2 8.08432014E-5 5.88655312E-5 1.6810064E-4 1.0938014E-4 5.87204959E-5 0 0 0 0 0 0 0 0 0 1.20917967E-12 1.08899498E-4 3.87549076E-10 4.8025737E-7
2.95750999 1.25000477E-2 3.53356627E-5 5.66779236E-5 1.65274803E-4 1.07676897E-4 5.75979029E-5 0 0 0 0 0 0 0 0 0 1.00015992E-12 1.07227526E-4 3.33804845E-10 4.49033934E-7
2.98251009 1.24999285E-2 6.9316302E-5 6.03608314E-5 1.62563272E-4 1.06020569E-4 5.65427035E-5 0 0 0 0 0 0 0 0 0 8.27749165E-13 1.05596613E-4 2.87671609E-10 4.23667075E-7
3.00750494 1.24950409E-2 -8.37658899E-6 5.57210842E-5 1.58762952E-4 1.04409126E-4 5.43538299E-5 0 0 0 0 0 0 0 0 0 6.85397431E-13 1.04004648E-4 2.47957294E-10 4.04230718E-7
3.03250003 1.25000477E-2 8.18510089E-5 5.706925E-5 1.52804321E-4 1.02839345E-4 4.99649723E-5 0 0 0 0 0 0 0 0 0 5.67706472E-13 1.02448874E-4 2.13693729E-10 3.90257668E-7
3.05749989 1.24999285E-2 1.19600001E-4 5.56752675E-5 1.47256476E-4 1.01306847E-4 4.59496259E-5 0 0 0 0 0 0 0 0 0 4.70297412E-13 1.00926649E-4 1.8411675E-10 3.80017468E-7
3.08249998 1.25000477E-2 8.81749729E-5 5.66790768E-5 1.42141173E-4 9.98059841E-5 4.23351848E-5 0 0 0 0 0 0 0 0 0 3.89623934E-13 9.94358634E-5 1.5860524E-10 3.69962777E-7
3.10750008 1.24999285E-2 1.60411539E-4 5.78265572E-5 1.37398427E-4 9.83301143E-5 3.90683163E-5 0 0 0 0 0 0 0 0 0 3.2275254E-13 9.79744E-5 1.36615247E-10 3.55574997E-7
3.13249993 1.25000477E-2 8.87963688E-5 5.50722689E-5 1.32977191E-4 9.6874428E-5 3.61027633E-5 0 0 0 0 0 0 0 0 0 2.67282507E-13 9.65406507E-5 1.17667071E-10 3.33657141E-7
3.15750003 1.25000477E-2 1.51240883E-5 5.40521396E-5 1.28832995E-4 9.54381831E-5 3.33948046E-5 0 0 0 0 0 0 0 0 0 2.21257366E-13 9.5133677E-5 1.01339909E-10 3.04407564E-7
3.18249989 1.24999285E-2 8.99878505E-5 5.58366191E-5 1.24932354E-4 9.40244354E-5 3.09079223E-5 0 0 0 0 0 0 0 0 0 1.83068946E-13 9.37529549E-5 8.72668882E-11 2.71396175E-7
3.20749998 1.25000477E-2 7.18356459E-5 5.60394401E-5 1.21251876E-4 9.26387438E-5 2.8613129E-5 0 0 0 0 0 0 0 0 0 1.51400146E-13 9.23992775E-5 7.51368065E-11 2.39392307E-7
3.23250008 1.24999285E-2 7.36081856E-5 5.59783221E-5 1.1777191E-4 9.12854521E-5 2.64864593E-5 0 0 0 0 0 0 0 0 0 1.25163551E-13 9.10735325E-5 6.46861731E-11 2.11849482E-7
3.25749993 1.25000477E-2 1.08366628E-4 5.44266841E-5 1.14481503E-4 8.99671868E-5 2.45143183E-5 0 0 0 0 0 0 0 0 0 1.03458319E-13 8.97772625E-5 5.56921037E-11 1.89870363E-7
3.28250003 1.25000477E-2 1.49344269E-4 5.52656893E-5 1.11371774E-4 8.86841663E-5 2.26876036E-5 0 0 0 0 0 0 0 0 0 8.55297549E-14 8.8511355E-5 4.79611802E-11 1.72760792E-7
3.30749989 1.24999285E-2 8.10457204E-5 5.54584876E-5 1.08436412E-4 8.74349207E-5 2.10014914E-5 0 0 0 0 0 0 0 0 0 7.07348947E-14 8.72757155E-5 4.13207107E-11 1.59169744E-7
3.33249998 1.25000477E-2 1.5437993E-4 5.68984869E-5 1.0566858E-4 8.62169109E-5 1.94516688E-5 0 0 0 0 0 0 0 0 0 5.85293668E-14 8.60689906E-5 3.56169504E-11 1.47888883E-7
3.35750008 1.24999285E-2 1.26508137E-4 5.40778929E-5 1.03057835E-4 8.50272627E-5 1.80305742E-5 0 0 0 0 0 0 0 0 0 4.84504845E-14 8.48891286E-5 3.07126893E-11 1.38102806E-7
3.38249993 1.25000477E-2 1.6669427E-4 5.54244943E-5 1.00592355E-4 8.38631313E-5 1.67292219E-5 0 0 0 0 0 0 0 0 0 4.01185229E-14 8.3733772E-5 2.6490584E-11 1.29333941E-7
3.40750003 1.25000477E-2 1.58125957E-4 5.68631185E-5 9.82573765E-5 8.27221083E-5 1.55352718E-5 0 0 0 0 0 0 0 0 0 3.32207474E-14 8.26007672E-5 2.28504056E-11 1.21316404E-7
3.43249989 1.24999285E-2 6.92194517E-5 5.58780157E-5 9.60386242E-5 8.1602564E-5 1.44360611E-5 0 0 0 0 0 0 0 0 0 2.75037375E-14 8.14886444E-5 1.97083651E-11 1.13899873E-7
3.45749998 1.25000477E-2 1.10647285E-4 5.56265586E-5 9.39235979E-5 8.0503778E-5 1.3419819E-5 0 0 0 0 0 0 0 0 0 2.27635971E-14 8.03967632E-5 1.69952229E-11 1.069996E-7
3.48250008 1.24999285E-2 6.58340869E-5 5.50807817E-5 9.19021841E-5 7.94260559E-5 1.24761245E-5 0 0 0 0 0 0 0 0 0 1.88342062E-14 7.93254658E-5 1.46530375E-11 1.00579605E-7
3.50749993 1.25000477E-2 6.96369025E-5 5.66097769E-5 8.99683509E-5 7.83700089E-5 1.15983476E-5 0 0 0 0 0 0 0 0 0 1.55801631E-14 7.82753559E-5 1.26330595E-11 9.46393683E-8
3.53250003 1.25000477E-2 -8.40645953E-6 5.49428732E-5 8.81181768E-5 7.73364154E-5 1.07817568E-5 0 0 0 0 0 0 0 0 0 1.28886981E-14 7.72472195E-5 1.08930148E-11 8.91873384E-8
3.55749989 1.24999285E-2 1.22510231E-4 5.68218638E-5 8.63489258E-5 7.63252829E-5 1.00236421E-5 0 0 0 0 0 0 0 0 0 1.06645141E-14 7.62410782E-5 9.39530745E-12 8.41913916E-8
3.58249998 1.25000477E-2 1.4672798E-4 5.43998067E-5 8.46577968E-5 7.53358836E-5 9.32191597E-6 0 0 0 0 0 0 0 0 0 8.8272268E-15 7.52563283E-5 8.10653541E-12 7.95473198E-8
3.60750008 1.24999285E-2 1.07087406E-4 5.48359967E-5 8.30406061E-5 7.43670971E-5 8.67350536E-6 0 0 0 0 0 0 0 0 0 7.30889145E-15 7.42919947E-5 6.99702796E-12 7.50980718E-8
3.63249993 1.25000477E-2 -5.65978298E-5 5.51553676E-5 8.14931336E-5 7.34177156E-5 8.07541892E-6 0 0 0 0 0 0 0 0 0 6.05337009E-15 7.33470006E-5 6.04120226E-12 7.07106906E-8
3.65750003 1.25000477E-2 6.79218574E-5 5.19896385E-5 8.0010599E-5 7.24868733E-5 7.52372625E-6 0 0 0 0 0 0 0 0 0 5.01451975E-15 7.24205165E-5 5.21722552E-12 6.63542963E-8
3.68249989 1.24999285E-2 -5.80283177E-6 5.44984796E-5 7.85887678E-5 7.15739807E-5 7.0147903E-6 0 0 0 0 0 0 0 0 0 4.15453186E-15 7.15118586E-5 4.5065362E-12 6.21156033E-8
3.70749998 1.25000477E-2 1.1887819E-4 5.38940112E-5 7.72240019E-5 7.06786377E-5 6.54536279E-6 0 0 0 0 0 0 0 0 0 3.44248547E-15 7.06204955E-5 3.89337868E-12 5.81399533E-8
3.73250008 1.24999285E-2 2.07739122E-5 5.28800847E-5 7.59123795E-5 6.98003932E-5 6.11198493E-6 0 0 0 0 0 0 0 0 0 2.85271019E-15 6.97458527E-5 3.36413384E-12 5.4543726E-8
3.75749993 1.25000477E-2 1.04816609E-4 5.38730164E-5 7.46503938E-5 6.89385852E-5 5.71180499E-6 0 0 0 0 0 0 0 0 0 2.36407277E-15 6.88872242E-5 2.90714089E-12 5.13574712E-8
3.78250003 1.25000477E-2 9.29404123E-5 5.38853237E-5 7.34341738E-5 6.80925368E-5 5.34163655E-6 0 0 0 0 0 0 0 0 0 1.95909975E-15 6.80440135E-5 2.51238353E-12 4.85209242E-8
3.80749989 1.24999285E-2 8.91179589E-5 5.35450708E-5 7.22601399E-5 6.72615352E-5 4.99860562E-6 0 0 0 0 0 0 0 0 0 1.62335993E-15 6.72156166E-5 2.17127705E-12 4.59147138E-8
3.83249998 1.25000477E-2 9.63776474E-5 5.27910233E-5 7.11252724E-5 6.64451145E-5 4.68015969E-6 0 0 0 0 0 0 0 0 0 1.34500817E-15 6.64017061E-5 1.87651067E-12 4.34042384E-8
3.85750008 1.24999285E-2 1.01407015E-4 5.36914049E-5 7.00266974E-5 6.56429474E-5 4.38374855E-6 0 0 0 0 0 0 0 0 0 1.11424897E-15 6.56020638E-5 1.62180328E-12 4.08803693E-8
3.88249993 1.25000477E-2 -1.23220898E-5 5.19926834E-5 6.89625012E-5 6.48549176E-5 4.10757866E-6 0 0 0 0 0 0 0 0 0 9.22982898E-16 6.48166242E-5 1.40174797E-12 3.82920362E-8
3.90750003 1.25000477E-2 2.26509626E-4 5.31049482E-5 6.79308432E-5 6.40809449E-5 3.8498988E-6 0 0 0 0 0 0 0 0 0 7.64515368E-16 6.40452854E-5 1.21168483E-12 3.56604097E-8
3.93249989 1.24999285E-2 9.54592324E-5 5.20452777E-5 6.69303699E-5 6.33209711E-5 3.60939703E-6 0 0 0 0 0 0 0 0 0 6.33260043E-16 6.32879091E-5 1.04755343E-12 3.30643388E-8
3.95749998 1.25000477E-2 1.14441049E-4 5.28462697E-5 6.595983E-5 6.25748071E-5 3.38501877E-6 0 0 0 0 0 0 0 0 0 5.24577192E-16 6.25442117E-5 9.05831454E-13 3.0600642E-8
3.98250008 1.24999285E-2 7.58742244E-5 5.11377111E-5 6.50178627E-5 6.18422491E-5 3.17561307E-6 0 0 0 0 0 0 0 0 0 4.34581583E-16 6.18139093E-5 7.83441671E-13 2.8341459E-8
4.00749969 1.25000477E-2 4.01677462E-5 4.98731024E-5 6.41034203E-5 6.11230207E-5 2.98040231E-6 0 0 0 0 0 0 0 0 0 3.60065474E-16 6.10967036E-5 6.77739765E-13 2.63129714E-8
4.03250027 1.25000477E-2 1.30694854E-4 5.28863202E-5 6.32153242E-5 6.04168381E-5 2.79848723E-6 0 0 0 0 0 0 0 0 0 2.98364815E-16 6.03923363E-5 5.86437908E-13 2.45012792E-8
4.05749989 1.25000477E-2 1.3522408E-4 5.29948557E-5 6.23523738E-5 5.97232502E-5 2.62912226E-6 0 0 0 0 0 0 0 0 0 2.47266361E-16 5.97003782E-5 5.07551629E-13 2.28723245E-8
4.08249998 1.24998093E-2 7.38185481E-5 5.25346113E-5 6.15131867E-5 5.90417694E-5 2.47141543E-6 0 0 0 0 0 0 0 0 0 2.04938047E-16 5.90203781E-5 4.39366317E-13 2.13908571E-8
4.10750008 1.25000477E-2 3.24952161E-5 5.30630386E-5 6.06963513E-5 5.83718102E-5 2.32454295E-6 0 0 0 0 0 0 0 0 0 1.69856562E-16 5.83517794E-5 3.80393986E-13 2.00291765E-8
4.13249969 1.25000477E-2 4.1813717E-5 5.22566406E-5 5.99003797E-5 5.77130231E-5 2.18735522E-6 0 0 0 0 0 0 0 0 0 1.40767585E-16 5.76942548E-5 3.29364005E-13 1.87682687E-8
4.15750027 1.25000477E-2 1.81003288E-5 5.28193996E-5 5.91242533E-5 5.70652883E-5 2.05896572E-6 0 0 0 0 0 0 0 0 0 1.16648017E-16 5.70476914E-5 2.85204694E-13 1.75954327E-8
4.18249989 1.25000477E-2 2.73916248E-5 5.14741332E-5 5.836731E-5 5.64286711E-5 1.93863707E-6 0 0 0 0 0 0 0 0 0 9.66537649E-17 5.64121692E-5 2.46999632E-13 1.65015912E-8
4.20749998 1.24998093E-2 7.75864282E-6 5.25087999E-5 5.76289422E-5 5.58031606E-5 1.82578049E-6 0 0 0 0 0 0 0 0 0 8.00865946E-17 5.5787681E-5 2.13958706E-13 1.5479781E-8
4.23250008 1.25000477E-2 -6.55396252E-6 5.13088344E-5 5.69086587E-5 5.51885751E-5 1.72008379E-6 0 0 0 0 0 0 0 0 0 6.63600948E-17 5.51740522E-5 1.85386008E-13 1.45240726E-8
4.25749969 1.25000477E-2 6.60613587E-5 5.26953663E-5 5.62055866E-5 5.45845287E-5 1.62105846E-6 0 0 0 0 0 0 0 0 0 5.49845151E-17 5.45709008E-5 1.60671389E-13 1.36292622E-8
4.28250027 1.25000477E-2 -9.55249288E-6 4.87621073E-5 5.55189799E-5 5.39906287E-5 1.52835116E-6 0 0 0 0 0 0 0 0 0 4.55542061E-17 5.39778375E-5 1.39285474E-13 1.27908502E-8
4.30749989 1.25000477E-2 3.94708841E-5 5.09631136E-5 5.48480493E-5 5.3406482E-5 1.44156536E-6 0 0 0 0 0 0 0 0 0 3.77336767E-17 5.33944767E-5 1.20769903E-13 1.20047812E-8
4.33249998 1.24998093E-2 1.25943377E-4 5.23097551E-5 5.41921872E-5 5.28318924E-5 1.36029178E-6 0 0 0 0 0 0 0 0 0 3.12502648E-17 5.28206256E-5 1.0473618E-13 1.12678924E-8
4.35750008 1.25000477E-2 9.91161141E-5 5.21875809E-5 5.35509062E-5 5.22666451E-5 1.28425972E-6 0 0 0 0 0 0 0 0 0 2.58780923E-17 5.22560658E-5 9.08486204E-14 1.05776881E-8
4.38249969 1.25000477E-2 1.14618131E-4 5.32759368E-5 5.29236204E-5 5.17105545E-5 1.21306493E-6 0 0 0 0 0 0 0 0 0 2.14296656E-17 5.17006229E-5 7.88176016E-14 9.93213067E-9
4.40750027 1.25000477E-2 3.52826646E-5 5.33885905E-5 5.2309766E-5 5.11633662E-5 1.14639897E-6 0 0 0 0 0 0 0 0 0 1.7748692E-17 5.11540384E-5 6.83935195E-14 9.32903088E-9
4.43249989 1.25000477E-2 6.529026E-5 5.15240718E-5 5.17087028E-5 5.06247816E-5 1.08392169E-6 0 0 0 0 0 0 0 0 0 1.47023479E-17 5.06160177E-5 5.93570806E-14 8.76535733E-9
4.45749998 1.24998093E-2 2.13238127E-5 5.2053907E-5 5.11198377E-5 5.00945753E-5 1.02526133E-6 0 0 0 0 0 0 0 0 0 1.21813016E-17 5.00863389E-5 5.15223206E-14 8.23721713E-9
4.48250008 1.25000477E-2 3.04035475E-5 5.27355369E-5 5.05427488E-5 4.95725981E-5 9.70151973E-7 0 0 0 0 0 0 0 0 0 1.00941917E-17 4.95648565E-5 4.47280898E-14 7.74018272E-9
4.50749969 1.25000477E-2 4.33242822E-5 5.40941473E-5 4.99769922E-5 4.90587336E-5 9.18260412E-7 0 0 0 0 0 0 0 0 0 8.36574903E-18 4.90514612E-5 3.88358169E-14 7.27026928E-9
4.53250027 1.25000477E-2 5.15038446E-5 5.17041481E-5 4.94223059E-5 4.85529235E-5 8.69382404E-7 0 0 0 0 0 0 0 0 0 6.9342133E-18 4.85460987E-5 3.37263142E-14 6.82489176E-9
4.55749989 1.25000477E-2 2.79700253E-5 5.36140724E-5 4.88783371E-5 4.80550043E-5 8.23335029E-7 0 0 0 0 0 0 0 0 0 5.74817775E-18 4.80485978E-5 2.92949564E-14 6.40308295E-9
4.58249998 1.24998093E-2 1.06745698E-4 5.45497824E-5 4.83447693E-5 4.75648267E-5 7.79942184E-7 0 0 0 0 0 0 0 0 0 4.76536228E-18 4.7558824E-5 2.54512293E-14 6.00509864E-9
4.60750008 1.25000477E-2 9.52687333E-5 5.14869971E-5 4.78212678E-5 4.70821869E-5 7.39083021E-7 0 0 0 0 0 0 0 0 0 3.95077508E-18 4.70765553E-5 2.21164216E-14 5.63145708E-9
4.63249969 1.25000477E-2 5.64236143E-5 5.17834051E-5 4.73074942E-5 4.66069396E-5 7.00554153E-7 0 0 0 0 0 0 0 0 0 3.27548199E-18 4.66016572E-5 1.92224149E-14 5.2821667E-9
4.65750027 1.25000477E-2 3.79585472E-5 5.23333438E-5 4.68031976E-5 4.61389754E-5 6.64220522E-7 0 0 0 0 0 0 0 0 0 2.71569992E-18 4.61340205E-5 1.67107149E-14 4.9563984E-9
4.68249989 1.25000477E-2 -9.42155657E-6 5.00180358E-5 4.63081742E-5 4.56782254E-5 6.29947806E-7 0 0 0 0 0 0 0 0 0 2.25169874E-18 4.56735725E-5 1.45306588E-14 4.65256322E-9
4.70749998 1.24998093E-2 6.42922896E-5 5.18517227E-5 4.58221621E-5 4.52245549E-5 5.97606288E-7 0 0 0 0 0 0 0 0 0 1.86707134E-18 4.52201857E-5 1.26380983E-14 4.36862058E-9
4.73250008 1.25000477E-2 2.22516937E-5 5.05710632E-5 4.53449175E-5 4.47778039E-5 5.67115876E-7 0 0 0 0 0 0 0 0 0 1.54824336E-18 4.47737002E-5 1.0994785E-14 4.10248013E-9
4.75749969 1.25000477E-2 4.1001691E-5 5.09417951E-5 4.48760875E-5 4.43377612E-5 5.38327811E-7 0 0 0 0 0 0 0 0 0 1.28390467E-18 4.43339086E-5 9.56737097E-15 3.85229093E-9
4.78250027 1.25000477E-2 6.05972527E-5 5.11665712E-5 4.44154684E-5 4.39043215E-5 5.11144833E-7 0 0 0 0 0 0 0 0 0 1.06474275E-18 4.39007054E-5 8.32723935E-15 3.61666386E-9
4.80749989 1.25000477E-2 3.76351418E-5 4.97644469E-5 4.39628566E-5 4.34773865E-5 4.85470252E-7 0 0 0 0 0 0 0 0 0 8.83022955E-19 4.34739923E-5 7.24958982E-15 3.39464545E-9
4.83249998 1.24998093E-2 1.04212137E-4 4.96098146E-5 4.35180773E-5 4.30568616E-5 4.61213602E-7 0 0 0 0 0 0 0 0 0 7.32353144E-19 4.30536747E-5 6.31301279E-15 3.18561155E-9
4.85750008 1.25000477E-2 1.16541516E-4 5.0271723E-5 4.30809814E-5 4.26426559E-5 4.38327106E-7 0 0 0 0 0 0 0 0 0 6.07457454E-19 4.26396655E-5 5.49901794E-15 2.98910452E-9
4.88249969 1.25000477E-2 2.22371509E-5 5.06176002E-5 4.26512925E-5 4.22345765E-5 4.16716119E-7 0 0 0 0 0 0 0 0 0 5.03888599E-19 4.22317717E-5 4.79123805E-15 2.80464763E-9
4.90750027 1.25000477E-2 4.46164304E-5 5.1336312E-5 4.22288431E-5 4.18325253E-5 3.96320416E-7 0 0 0 0 0 0 0 0 0 4.18013784E-19 4.18298914E-5 4.175717E-15 2.6317426E-9
4.93249989 1.25000477E-2 4.37986309E-5 5.01775939E-5 4.18134405E-5 4.14363676E-5 3.77075679E-7 0 0 0 0 0 0 0 0 0 3.46801857E-19 4.14338974E-5 3.64027656E-15 2.4698017E-9
4.95749998 1.24998093E-2 2.38784196E-5 4.98776717E-5 4.14049209E-5 4.10460052E-5 3.58916509E-7 0 0 0 0 0 0 0 0 0 2.87744263E-19 4.10436878E-5 3.17438408E-15 2.31818231E-9
4.98250008 1.25000477E-2 9.67266624E-6 5.01291652E-5 4.10030952E-5 4.06612889E-5 3.41806498E-7 0 0 0 0 0 0 0 0 0 2.38768656E-19 4.06591134E-5 2.76891831E-15 2.1762141E-9
5.00749969 1.25000477E-2 5.99164123E-5 5.12670304E-5 4.06077124E-5 4.02820406E-5 3.25669362E-7 0 0 0 0 0 0 0 0 0 1.98143723E-19 4.02799997E-5 2.4158881E-15 2.04323203E-9
5.03250027 1.25000477E-2 4.86093159E-5 5.14720086E-5 4.02185178E-5 3.99080673E-5 3.10451355E-7 0 0 0 0 0 0 0 0 0 1.64436837E-19 3.99061501E-5 2.10836877E-15 1.91860594E-9
5.05749989 1.25000477E-2 -2.00985105E-5 5.21946095E-5 3.98353222E-5 3.95392308E-5 2.96091173E-7 0 0 0 0 0 0 0 0 0 1.36464897E-19 3.953743E-5 1.84038978E-15 1.80175297E-9
5.08500004 1.49998665E-2 -2.30116966E-5 4.70552586E-5 3.94206036E-5 3.91393805E-5 2.81223379E-7 0 0 0 0 0 0 0 0 0 1.1122392E-19 3.91376998E-5 1.58566654E-15 1.68166026E-9
5.11250019 1.25000477E-2 -1.8011473E-5 5.07363693E-5 3.9012506E-5 3.87452819E-5 2.67223101E-7 0 0 0 0 0 0 0 0 0 9.05310019E-20 3.8743714E-5 1.36557582E-15 1.56939628E-9
5.13749981 1.25000477E-2 1.33322337E-5 5.06878569E-5 3.8647293E-5 3.83920815E-5 2.55210608E-7 0 0 0 0 0 0 0 0 0 7.51191407E-20 3.83906081E-5 1.19271016E-15 1.47394763E-9
5.16250038 1.25000477E-2 8.858605E-5 5.11557082E-5 3.82872749E-5 3.80434649E-5 2.43811741E-7 0 0 0 0 0 0 0 0 0 6.23251576E-20 3.80420788E-5 1.04188059E-15 1.38426981E-9
5.1875 1.24998093E-2 5.25260766E-5 5.16270738E-5 3.79322591E-5 3.76992939E-5 2.32964837E-7 0 0 0 0 0 0 0 0 0 5.17025978E-20 3.76979951E-5 9.1022584E-16 1.30000599E-9
5.21249962 1.25000477E-2 7.50413747E-5 5.17027293E-5 3.75821692E-5 3.73595394E-5 2.2263005E-7 0 0 0 0 0 0 0 0 0 4.28848881E-20 3.73583171E-5 7.95297445E-16 1.22084365E-9
5.23750019 1.25000477E-2 -1.34664378E-5 5.07274926E-5 3.72369432E-5 3.70241905E-5 2.12751445E-7 0 0 0 0 0 0 0 0 0 3.55641425E-20 3.70230446E-5 6.94945799E-16 1.14648102E-9
5.26249981 1.25000477E-2 9.79048418E-5 5.14902458E-5 3.68966648E-5 3.669336E-5 2.03303514E-7 0 0 0 0 0 0 0 0 0 2.94901908E-20 3.66922832E-5 6.07350311E-16 1.07665377E-9
5.28750038 1.25000477E-2 1.01594283E-4 5.31208279E-5 3.65613814E-5 3.63671134E-5 1.94268623E-7 0 0 0 0 0 0 0 0 0 2.44527918E-20 3.6366102E-5 5.30902993E-16 1.0111072E-9
5.3125 1.24998093E-2 8.12140497E-5 5.39729954E-5 3.62311293E-5 3.60454978E-5 1.85634477E-7 0 0 0 0 0 0 0 0 0 2.02767268E-20 3.60445483E-5 4.64191631E-16 9.49604506E-10
5.33749962 1.25000477E-2 2.12370833E-5 5.30579346E-5 3.59058831E-5 3.57284771E-5 1.77405838E-7 0 0 0 0 0 0 0 0 0 1.68160568E-20 3.57275821E-5 4.05975851E-16 8.91918595E-10
5.36250019 1.25000477E-2 2.09969112E-5 5.63919748E-5 3.55855482E-5 3.5415982E-5 1.69567173E-7 0 0 0 0 0 0 0 0 0 1.39484494E-20 3.54151452E-5 3.55160544E-16 8.37821756E-10
5.38749981 1.25000477E-2 1.65890684E-4 5.75513695E-5 3.52700081E-5 3.51078925E-5 1.62115526E-7 0 0 0 0 0 0 0 0 0 1.15718246E-20 3.5107103E-5 3.1078605E-16 7.87081011E-10
5.41250038 1.25000477E-2 4.3770131E-5 5.87666036E-5 3.49591319E-5 3.48040921E-5 1.55041505E-7 0 0 0 0 0 0 0 0 0 9.60189397E-21 3.480335E-5 2.72023546E-16 7.39467876E-10
5.4375 1.24998093E-2 6.81566235E-5 5.81155E-5 3.46527922E-5 3.45044609E-5 1.48331523E-7 0 0 0 0 0 0 0 0 0 7.96859435E-21 3.45037661E-5 2.38153557E-16 6.94764801E-10
5.46249962 1.25000477E-2 3.32779928E-5 5.73343023E-5 3.43508873E-5 3.42089043E-5 1.41981403E-7 0 0 0 0 0 0 0 0 0 6.61423271E-21 3.42082531E-5 2.08557008E-16 6.5277822E-10
5.48750019 1.25000477E-2 7.82633797E-5 5.79434382E-5 3.40532715E-5 3.39173021E-5 1.35968904E-7 0 0 0 0 0 0 0 0 0 5.49082652E-21 3.39166909E-5 1.82692487E-16 6.13334661E-10
5.51249981 1.25000477E-2 1.08696731E-4 5.76220846E-5 3.37598249E-5 3.36295452E-5 1.30281805E-7 0 0 0 0 0 0 0 0 0 4.558701E-21 3.36289668E-5 1.60087109E-16 5.76278525E-10
5.53750038 1.25000477E-2 -3.5361245E-5 5.33015591E-5 3.347038E-5 3.33454809E-5 1.24901774E-7 0 0 0 0 0 0 0 0 0 3.78516152E-21 3.33449389E-5 1.40327062E-16 5.41464651E-10
5.5625 1.24998093E-2 3.87855544E-5 5.43282295E-5 3.31847768E-5 3.30649709E-5 1.19806273E-7 0 0 0 0 0 0 0 0 0 3.14302117E-21 3.30644616E-5 1.23047087E-16 5.08753151E-10
5.58749962 1.25000477E-2 -2.63233278E-6 5.18510642E-5 3.2902848E-5 3.27878661E-5 1.14979848E-7 0 0 0 0 0 0 0 0 0 2.60972616E-21 3.27873895E-5 1.07926026E-16 4.78009743E-10
5.61250019 1.25000477E-2 1.46207922E-5 5.25410396E-5 3.26244553E-5 3.25140609E-5 1.1039279E-7 0 0 0 0 0 0 0 0 0 2.16675236E-21 3.25136134E-5 9.4686478E-17 4.49112747E-10
5.63749981 1.25000477E-2 4.31397275E-5 5.38487875E-5 3.23495151E-5 3.22434898E-5 1.06025617E-7 0 0 0 0 0 0 0 0 0 1.79875008E-21 3.22430678E-5 8.30877911E-17 4.21952168E-10
5.66250038 1.25000477E-2 4.08021588E-5 5.3362477E-5 3.20779727E-5 3.1976113E-5 1.01858468E-7 0 0 0 0 0 0 0 0 0 1.49306918E-21 3.197572E-5 7.29229855E-17 3.96428501E-10
5.6875 1.24998093E-2 1.63679753E-4 5.56157065E-5 3.18098282E-5 3.1711952E-5 9.78734462E-8 0 0 0 0 0 0 0 0 0 1.23918451E-21 3.1711581E-5 6.40124901E-17 3.72448739E-10
5.71249962 1.25000477E-2 1.98572179E-5 5.42129201E-5 3.15450889E-5 3.14510253E-5 9.40636227E-8 0 0 0 0 0 0 0 0 0 1.02836473E-21 3.1450676E-5 5.62006493E-17 3.49923868E-10
5.73750019 1.25000477E-2 5.76924213E-5 5.34197861E-5 3.12838019E-5 3.11933873E-5 9.04148436E-8 0 0 0 0 0 0 0 0 0 8.53390586E-22 3.11930562E-5 4.9352828E-17 3.28770844E-10
5.76249981 1.25000477E-2 4.30314976E-5 5.35732725E-5 3.1025982E-5 3.09390562E-5 8.69238619E-8 0 0 0 0 0 0 0 0 0 7.08210947E-22 3.09387506E-5 4.33503124E-17 3.08909842E-10
5.78750038 1.25000477E-2 6.29246133E-5 5.41710288E-5 3.07716255E-5 3.06880393E-5 8.35875795E-8 0 0 0 0 0 0 0 0 0 5.87788667E-22 3.06877482E-5 3.80888151E-17 2.90265367E-10
5.8125 1.24998093E-2 1.14919203E-4 5.35058389E-5 3.05206486E-5 3.04402474E-5 8.04012217E-8 0 0 0 0 0 0 0 0 0 4.87897772E-22 3.04399746E-5 3.3475652E-17 2.72763229E-10
5.83749962 1.25000477E-2 2.2240014E-5 5.40951587E-5 3.02729295E-5 3.01955642E-5 7.73652644E-8 0 0 0 0 0 0 0 0 0 4.05027871E-22 3.01953078E-5 2.9429369E-17 2.56331012E-10
5.86250019 1.25000477E-2 6.65393891E-5 5.58719294E-5 3.00283373E-5 2.99538697E-5 7.44683035E-8 0 0 0 0 0 0 0 0 0 3.3626765E-22 2.99536277E-5 2.58786863E-17 2.40898246E-10
5.88749981 1.25000477E-2 2.49698155E-6 5.47530617E-5 2.97867336E-5 2.97150291E-5 7.17037878E-8 0 0 0 0 0 0 0 0 0 2.79191481E-22 2.97148035E-5 2.27610673E-17 2.26397012E-10
5.91250038 1.25000477E-2 -4.14487949E-5 5.6925197E-5 2.9548004E-5 2.94789425E-5 6.90624162E-8 0 0 0 0 0 0 0 0 0 2.31796541E-22 2.94787296E-5 2.00222194E-17 2.1276475E-10
5.9375 1.24998093E-2 1.60455893E-5 5.68195028E-5 2.93120793E-5 2.92455461E-5 6.65336799E-8 0 0 0 0 0 0 0 0 0 1.92438894E-22 2.9245346E-5 1.76154365E-17 1.99946878E-10
5.96249962 1.25000477E-2 -1.06376683E-4 5.93047698E-5 2.90789176E-5 2.90148055E-5 6.41128395E-8 0 0 0 0 0 0 0 0 0 1.59753068E-22 2.90146163E-5 1.5499937E-17 1.87894658E-10
5.98750019 1.25000477E-2 -1.96603069E-5 5.80391425E-5 2.88484989E-5 2.87867097E-5 6.17890663E-8 0 0 0 0 0 0 0 0 0 1.32605385E-22 2.87865332E-5 1.36400726E-17 1.76563916E-10
6.01249981 1.25000477E-2 5.60085718E-5 5.7342244E-5 2.86208324E-5 2.85612732E-5 5.95579017E-8 0 0 0 0 0 0 0 0 0 1.10062606E-22 2.85611077E-5 1.20049872E-17 1.65914865E-10
6.03750038 1.25000477E-2 2.78698044E-5 5.76438688E-5 2.83959434E-5 2.83385289E-5 5.74152388E-8 0 0 0 0 0 0 0 0 0 9.13465272E-23 2.83383724E-5 1.05675392E-17 1.55909702E-10
6.0625 1.24998093E-2 2.20262737E-5 5.86209499E-5 2.81738903E-5 2.8118533E-5 5.53575141E-8 0 0 0 0 0 0 0 0 0 7.58143166E-23 2.81183857E-5 9.30411926E-18 1.46513815E-10
6.08749962 1.25000477E-2 -6.92595677E-6 5.69061558E-5 2.79546839E-5 2.79012984E-5 5.33865787E-8 0 0 0 0 0 0 0 0 0 6.29274786E-23 2.79011601E-5 8.19376494E-18 1.3769394E-10
6.11250019 1.25000477E-2 -4.67065365E-5 5.64575566E-5 2.77383206E-5 2.76868213E-5 5.1499061E-8 0 0 0 0 0 0 0 0 0 5.2237473E-23 2.76866922E-5 7.21795569E-18 1.29418976E-10
6.13749981 1.25000477E-2 1.79002935E-4 5.85977214E-5 2.75247603E-5 2.74750637E-5 4.96957533E-8 0 0 0 0 0 0 0 0 0 4.33721816E-23 2.74749436E-5 6.36037702E-18 1.21660265E-10
6.16499996 1.49998665E-2 -5.82922548E-5 5.15023094E-5 2.72929774E-5 2.72451689E-5 4.78089355E-8 0 0 0 0 0 0 0 0 0 3.53782627E-23 2.72450543E-5 5.53781952E-18 1.1369794E-10
6.19250011 1.25000477E-2 -2.54991337E-5 5.74783517E-5 2.70641231E-5 2.70181063E-5 4.60169076E-8 0 0 0 0 0 0 0 0 0 2.88267003E-23 2.70179989E-5 4.82028252E-18 1.06278805E-10
6.21749973 1.25000477E-2 9.68216627E-5 5.78519284E-5 2.68585354E-5 2.68140702E-5 4.44667698E-8 0 0 0 0 0 0 0 0 0 2.39444102E-23 2.68139702E-5 4.25088158E-18 1.00007516E-10
6.24250031 1.25000477E-2 1.26708052E-4 5.6734898E-5 2.66551142E-5 2.66121297E-5 4.29838778E-8 0 0 0 0 0 0 0 0 0 1.98883478E-23 2.66120351E-5 3.74914071E-18 9.41677222E-11
6.26749992 1.25000477E-2 -2.08745423E-5 5.69811673E-5 2.64537521E-5 2.64121918E-5 4.15606891E-8 0 0 0 0 0 0 0 0 0 1.65161299E-23 2.64121027E-5 3.30670351E-18 8.87503473E-11
6.29500008 1.49998665E-2 -8.93401957E-5 5.05771677E-5 2.62346948E-5 2.61946388E-5 4.00560971E-8 0 0 0 0 0 0 0 0 0 1.34683832E-23 2.6194557E-5 2.88098798E-18 8.32732425E-11
6.32250023 1.25000477E-2 8.73890822E-5 5.79694752E-5 2.60181641E-5 2.59795561E-5 3.86075136E-8 0 0 0 0 0 0 0 0 0 1.09661637E-23 2.59794779E-5 2.5087536E-18 7.82486298E-11
6.34749985 1.25000477E-2 -7.05532439E-5 5.77660358E-5 2.58237706E-5 2.5786434E-5 3.73373794E-8 0 0 0 0 0 0 0 0 0 9.10124998E-24 2.57863594E-5 2.21314158E-18 7.40438821E-11
6.37250042 1.25000477E-2 -3.32694094E-6 5.95260972E-5 2.56317908E-5 2.55956784E-5 3.61115013E-8 0 0 0 0 0 0 0 0 0 7.55341416E-24 2.55956093E-5 1.95277552E-18 7.01113542E-11
6.39750004 1.24998093E-2 -6.95572671E-5 5.97731887E-5 2.54423067E-5 2.54073766E-5 3.493113E-8 0 0 0 0 0 0 0 0 0 6.26987318E-24 2.54073093E-5 1.72356119E-18 6.63732749E-11
6.42249966 1.25000477E-2 -1.28160653E-4 5.95168458E-5 2.52553127E-5 2.52215123E-5 3.38008199E-8 0 0 0 0 0 0 0 0 0 5.20590768E-24 2.52214504E-5 1.52177007E-18 6.27544752E-11
6.44750023 1.25000477E-2 -1.39888391E-4 5.82730499E-5 2.50707053E-5 2.50379853E-5 3.27206067E-8 0 0 0 0 0 0 0 0 0 4.32377699E-24 2.50379253E-5 1.3440286E-18 5.91999297E-11
6.47249985 1.25000477E-2 -7.83531141E-5 5.90847485E-5 2.48883389E-5 2.48566466E-5 3.16916768E-8 0 0 0 0 0 0 0 0 0 3.5923286E-24 2.48565902E-5 1.18737931E-18 5.5687871E-11
6.49750042 1.25000477E-2 5.25230062E-5 6.08526643E-5 2.47079988E-5 2.46772852E-5 3.07124957E-8 0 0 0 0 0 0 0 0 0 2.98517805E-24 2.46772343E-5 1.04916415E-18 5.22305151E-11
6.52250004 1.24998093E-2 -2.64795417E-5 6.18865306E-5 2.45295014E-5 2.44997227E-5 2.97789526E-8 0 0 0 0 0 0 0 0 0 2.48086342E-24 2.44996736E-5 9.27112406E-19 4.88663589E-11
6.54749966 1.25000477E-2 8.35379615E-5 6.26587644E-5 2.43527047E-5 2.43238155E-5 2.88877366E-8 0 0 0 0 0 0 0 0 0 2.06156846E-24 2.432377E-5 8.19247072E-19 4.56438845E-11
6.57250023 1.25000477E-2 1.28422733E-4 6.23605738E-5 2.41775488E-5 2.41495163E-5 2.80317316E-8 0 0 0 0 0 0 0 0 0 1.71274581E-24 2.41494745E-5 7.23878989E-19 4.26063664E-11
6.59749985 1.25000477E-2 1.55152266E-5 6.35716497E-5 2.40040627E-5 2.3976856E-5 2.720647E-8 0 0 0 0 0 0 0 0 0 1.42256135E-24 2.39768178E-5 6.39571604E-19 3.978156E-11
6.62250042 1.25000477E-2 1.81064315E-4 6.52469898E-5 2.38323537E-5 2.38059438E-5 2.6408582E-8 0 0 0 0 0 0 0 0 0 1.18122642E-24 2.38059074E-5 5.65071944E-19 3.71781772E-11
6.6500001 1.49998665E-2 9.45428928E-6 5.96799691E-5 2.3645709E-5 2.36201486E-5 2.55608601E-8 0 0 0 0 0 0 0 0 0 9.6318043E-25 2.3620114E-5 4.93282696E-19 3.45645422E-11
6.68000031 1.50001049E-2 1.41699393E-5 5.97272301E-5 2.34447962E-5 2.34201252E-5 2.46720457E-8 0 0 0 0 0 0 0 0 0 7.70377401E-25 2.34200925E-5 4.2528465E-19 3.1975235E-11
6.71000004 1.49998665E-2 1.40734292E-5 5.82480316E-5 2.3246741E-5 2.32229195E-5 2.38213005E-8 0 0 0 0 0 0 0 0 0 6.16241327E-25 2.32228904E-5 3.6676051E-19 2.96259059E-11
6.73750019 1.25000477E-2 1.21822022E-5 6.54671458E-5 2.30674978E-5 2.30444202E-5 2.30764634E-8 0 0 0 0 0 0 0 0 0 5.01911962E-25 2.30443929E-5 3.20175688E-19 2.7648786E-11
6.76749992 1.74999237E-2 -1.81459891E-5 5.7161662E-5 2.28743775E-5 2.28520767E-5 2.2301597E-8 0 0 0 0 0 0 0 0 0 4.02041333E-25 2.28520512E-5 2.76326327E-19 2.56649407E-11
6.80000019 1.50001049E-2 -9.08340589E-5 6.18640552E-5 2.26674983E-5 2.26459979E-5 2.14995133E-8 0 0 0 0 0 0 0 0 0 3.15292913E-25 2.26459742E-5 2.35270975E-19 2.36776241E-11
6.82750034 1.25000477E-2 4.55421505E-5 6.68488501E-5 2.24943342E-5 2.24734868E-5 2.08471871E-8 0 0 0 0 0 0 0 0 0 2.56524994E-25 2.24734649E-5 2.05254529E-19 2.21184269E-11
6.85249996 1.24998093E-2 1.43080644E-4 7.02994512E-5 2.23384777E-5 2.23182051E-5 2.02719903E-8 0 0 0 0 0 0 0 0 0 2.12664426E-25 2.23181851E-5 1.81294312E-19 2.079153E-11
6.88000011 1.50001049E-2 -1.17018397E-4 6.40850994E-5 2.21688406E-5 2.21491828E-5 1.96579553E-8 0 0 0 0 0 0 0 0 0 1.73038501E-25 2.21491628E-5 1.5816704E-19 1.94249738E-11
6.90750027 1.25000477E-2 -1.4497251E-4 7.01383688E-5 2.20010952E-5 2.1982034E-5 1.90604617E-8 0 0 0 0 0 0 0 0 0 1.40553726E-25 2.19820158E-5 1.37910692E-19 1.81463455E-11
6.93499994 1.49998665E-2 -2.18002038E-4 6.42793675E-5 2.18354271E-5 2.18169444E-5 1.84815239E-8 0 0 0 0 0 0 0 0 0 1.1429516E-25 2.1816928E-5 1.20348213E-19 1.69560182E-11
6.96249962 1.25000477E-2 2.87050316E-5 7.14494308E-5 2.16716562E-5 2.16537355E-5 1.79216872E-8 0 0 0 0 0 0 0 0 0 9.28171769E-26 2.16537192E-5 1.05006772E-19 1.58435851E-11
6.98499966 9.99999046E-3 -9.92550558E-5 7.9041718E-5 2.15390628E-5 2.15215841E-5 1.74783885E-8 0 0 0 0 0 0 0 0 0 7.82832097E-26 2.15215696E-5 9.3958289E-20 1.49896762E-11
