READ SERR 1 2
@0761100301/analysis/pnspec.pco
!
0.332783997 2.61998177E-3 1.69757828E-2 5.6669506E-4 1.75008941E-2 1.74529031E-2 4.798995E-5 4.37484505E-6 4.35548462E-3 1.07158045E-3 7.66701351E-21 1.28553977E-4 8.02691375E-6 7.00104238E-6 3.12523554E-7 1.96272197E-7 4.49246075E-3 2.34901509E-3   4.26050462E-3 7.75392808E-4
0.338023007 2.61901319E-3 1.77139919E-2 5.59719163E-4 1.7383201E-2 1.73358079E-2 4.73928267E-5 4.3326063E-6 4.36343579E-3 1.10558362E-3 7.59297276E-21 1.29455875E-4 8.20809692E-6 6.96094276E-6 3.09508977E-7 1.94373285E-7 4.38107131E-3 2.34825443E-3   4.20692796E-3 7.81073293E-4
0.3432585 2.61649489E-3 1.67948417E-2 5.35434054E-4 1.72231682E-2 1.71763673E-2 4.68008147E-5 4.29024522E-6 4.32864577E-3 1.14533026E-3 7.51643271E-21 1.29945809E-4 8.42932695E-6 6.9296425E-6 3.06508468E-7 1.92470779E-7 4.27064113E-3 2.34680739E-3   4.14873427E-3 7.86114542E-4
0.34849 2.61500478E-3 1.7082084E-2 5.28620731E-4 1.70155223E-2 1.69693064E-2 4.62156095E-5 4.24802465E-6 4.24752524E-3 1.19190663E-3 7.44077638E-21 1.30072382E-4 8.69346604E-6 6.90987235E-6 3.03541981E-7 1.90575122E-7 4.15855832E-3 2.34460644E-3   4.08587884E-3 7.90414284E-4
0.353717983 2.61299312E-3 1.70171447E-2 5.15091757E-4 1.67591106E-2 1.67134684E-2 4.56411435E-5 4.20638389E-6 4.11883788E-3 1.24618853E-3 7.36934319E-21 1.29884691E-4 9.00037685E-6 6.90479328E-6 3.0064615E-7 1.88702188E-7 4.04354883E-3 2.34160619E-3   4.01893677E-3 7.93865009E-4
0.358942509 2.61150301E-3 1.68216377E-2 5.0433859E-4 1.64573602E-2 1.64122786E-2 4.50815678E-5 4.16567354E-6 3.94480349E-3 1.3088081E-3 7.30420272E-21 1.29437831E-4 9.34690615E-6 6.91745481E-6 2.97858804E-7 1.86872143E-7 3.92530719E-3 2.33779894E-3  3.94880865E-3 7.96400825E-4
0.364163518 2.60950625E-3 1.65438261E-2 4.92235529E-4 1.61132235E-2 1.60686877E-2 4.45347578E-5 4.12573581E-6 3.72730149E-3 1.38129713E-3 7.24741483E-21 1.28770276E-4 9.73317856E-6 6.95254857E-6 2.95196116E-7 1.85077781E-7 3.80307133E-3 2.33312207E-3  3.87583789E-3 7.97996472E-4
0.369380504 2.60749459E-3 1.58928391E-2 4.7498857E-4 1.57371163E-2 1.56931132E-2 4.40025797E-5 4.08670076E-6 3.47483484E-3 1.46348053E-3 7.20011205E-21 1.27950581E-4 1.01506876E-5 7.0103174E-6 2.92664538E-7 1.83324659E-7 3.67755862E-3 2.32765148E-3  3.80117446E-3 7.98740017E-4
0.374593496 2.60549784E-3 1.58460774E-2 4.69074963E-4 1.53345121E-2 1.52910315E-2 4.34808644E-5 4.04828006E-6 3.19112977E-3 1.5569909E-3 7.16412727E-21 1.26998522E-4 1.05989111E-5 7.09622918E-6 2.90279132E-7 1.8159804E-7 3.54861049E-3 2.32131244E-3  3.72511684E-3 7.98657013E-4
0.379803002 2.60400772E-3 1.55999642E-2 4.6424428E-4 1.49225323E-2 1.48795573E-2 4.29749489E-5 4.01092802E-6 2.88903806E-3 1.66050496E-3 7.1416488E-21 1.25963037E-4 1.10640585E-5 7.21219158E-6 2.8810058E-7 1.79922608E-7 3.41941603E-3 2.31421809E-3  3.64981801E-3 7.97844201E-4
0.385008514 2.60148942E-3 1.49908802E-2 4.4809992E-4 1.45101752E-2 1.44676939E-2 4.24811442E-5 3.97440317E-6 2.57638819E-3 1.7739191E-3 7.13397961E-21 1.24870014E-4 1.15403354E-5 7.36119273E-6 2.86147952E-7 1.78277674E-7 3.29050748E-3 2.30637169E-3  3.57586727E-3 7.96429871E-4
0.390209973 2.59999931E-3 1.42328739E-2 4.3867153E-4 1.41079575E-2 1.40659595E-2 4.19983153E-5 3.93855316E-6 2.26244307E-3 1.89593073E-3 7.14273367E-21 1.23745864E-4 1.20189188E-5 7.54533357E-6 2.84463283E-7 1.76665026E-7 3.16325203E-3 2.29781261E-3  3.50425835E-3 7.94553082E-4
0.395408005 2.59801745E-3 1.40237119E-2 4.32776113E-4 1.37247276E-2 1.36832008E-2 4.15261238E-5 3.90334162E-6 1.95588474E-3 2.02440401E-3 7.16965016E-21 1.22614438E-4 1.24907901E-5 7.76614161E-6 2.83102338E-7 1.7508205E-7 3.03878984E-3 2.28859182E-3  3.43593466E-3 7.92363542E-4
0.40060252 2.59649754E-3 1.30239949E-2 4.20648488E-4 1.33648636E-2 1.33238034E-2 4.10609282E-5 3.86849888E-6 1.66257517E-3 2.15709512E-3 7.21696828E-21 1.21489684E-4 1.29497121E-5 8.02588511E-6 2.82125995E-7 1.73513726E-7 2.91733025E-3 2.2786709E-3  3.37135443E-3 7.89988029E-4
0.405793011 2.59399414E-3 1.35217095E-2 4.18542593E-4 1.30372485E-2 1.29966401E-2 4.0607847E-5 3.8342755E-6 1.39274192E-3 2.28814408E-3 7.28615096E-21 1.20408586E-4 1.33810736E-5 8.32047954E-6 2.81631401E-7 1.71982961E-7 2.80128978E-3 2.26824032E-3  3.31221963E-3 7.87606696E-4
0.410979509 2.59248912E-3 1.28923329E-2 4.08934895E-4 1.274007E-2 1.26999067E-2 4.0163548E-5 3.80077108E-6 1.14856311E-3 2.41368869E-3 7.37975888E-21 1.19383389E-4 1.37810957E-5 8.64959748E-6 2.81703933E-7 1.70480135E-7 2.69022561E-3 2.25727307E-3  3.25875916E-3 7.85329961E-4
0.416162014 2.59001553E-3 1.23820985E-2 4.00348159E-4 1.24717522E-2 1.24320239E-2 3.97284239E-5 3.76786033E-6 9.3260553E-4 2.52840156E-3 7.5006355E-21 1.18434124E-4 1.41441042E-5 9.0102767E-6 2.8245006E-7 1.68997772E-7 2.58447463E-3 2.24580034E-3  3.21166753E-3 7.83266209E-4
0.421340495 2.58848071E-3 1.22161247E-2 3.98340984E-4 1.22285131E-2 1.21892095E-2 3.93038172E-5 3.73562398E-6 7.45773257E-4 2.62668589E-3 7.65228016E-21 1.17543234E-4 1.44660462E-5 9.39834263E-6 2.8399063E-7 1.67546531E-7 2.4842436E-3 2.23384146E-3  3.17158713E-3 7.81483075E-4
0.42651549 2.58651376E-3 1.12778107E-2 3.86204832E-4 1.20048011E-2 1.19659137E-2 3.88880508E-5 3.70399357E-6 5.8700674E-4 2.70326016E-3 7.83995726E-21 1.16783624E-4 1.47455594E-5 9.81029825E-6 2.86468094E-7 1.66124565E-7 2.38951924E-3 2.22135312E-3  3.13921226E-3 7.8006566E-4
0.431686521 2.5845021E-3 1.17346616E-2 3.82830185E-4 1.17963953E-2 1.17579103E-2 3.84847372E-5 3.67329289E-6 4.55579691E-4 2.75257113E-3 8.06851922E-21 1.16176961E-4 1.49803345E-5 1.023804E-5 2.90009808E-7 1.64742062E-7 2.30122986E-3 2.20839237E-3  3.11555387E-3 7.79060589E-4
0.436853528 2.58250535E-3 1.19770821E-2 3.89323948E-4 1.15984324E-2 1.15603376E-2 3.80951424E-5 3.64364223E-6 3.48979549E-4 2.77067884E-3 8.34447604E-21 1.15738389E-4 1.51713321E-5 1.06741754E-5 2.9473739E-7 1.63409027E-7 2.22006324E-3 2.19496177E-3  3.10149021E-3 7.78478046E-4
0.442016482 2.58047879E-3 1.14809414E-2 3.82048107E-4 1.14064924E-2 1.13687711E-2 3.77205251E-5 3.61487832E-6 2.63843132E-4 2.75504426E-3 8.67723206E-21 1.1549225E-4 1.53215933E-5 1.11128984E-5 3.00784023E-7 1.62129567E-7 2.14661076E-3 2.18099798E-3  3.09796142E-3 7.78309186E-4
0.44717598 2.57901847E-3 1.14490539E-2 3.72448587E-4 1.12183914E-2 1.11810304E-2 3.736082E-5 3.58759758E-6 1.97037341E-4 2.70447158E-3 9.07797603E-21 1.1546618E-4 1.54344652E-5 1.1547354E-5 3.08262344E-7 1.60902658E-7 2.08192039E-3 2.16645771E-3  3.10611073E-3 7.78528338E-4
0.452331483 2.57648528E-3 1.12091582E-2 3.70372523E-4 1.1034078E-2 1.09970598E-2 3.70187227E-5 3.56180999E-6 1.45487065E-4 2.61946023E-3 9.56042104E-21 1.15688941E-4 1.55140224E-5 1.19709666E-5 3.17262732E-7 1.59738732E-7 2.02726852E-3 2.15128972E-3  3.12724663E-3 7.79094582E-4
0.457482994 2.57501006E-3 1.17123006E-2 3.7264335E-4 1.08552091E-2 1.0818515E-2 3.66937347E-5 3.53747077E-6 1.0626061E-4 2.50188867E-3 1.01426948E-20 1.16192394E-4 1.5564865E-5 1.23785894E-5 3.27875085E-7 1.58643459E-7 1.98394526E-3 2.13539926E-3  3.16290557E-3 7.79955648E-4
0.46263051 2.57250667E-3 1.10155242E-2 3.63940722E-4 1.06862215E-2 1.06498338E-2 3.63881263E-5 3.51470953E-6 7.68910759E-5 2.35547312E-3 1.08447643E-20 1.17009709E-4 1.55914895E-5 1.27644453E-5 3.40125013E-7 1.57621216E-7 1.95356063E-3 2.11873255E-3  3.21474951E-3 7.81048439E-4
0.467774004 2.57098675E-3 1.10759642E-2 3.65868735E-4 1.05338572E-2 1.04977544E-2 3.61028651E-5 3.49375705E-6 5.52723468E-5 2.18609115E-3 1.16857825E-20 1.1816997E-4 1.55985163E-5 1.31226516E-5 3.53934922E-7 1.5668077E-7 1.93767145E-3 2.1013096E-3  3.28421174E-3 7.82302814E-4
0.47291398 2.56900489E-3 1.00851404E-2 3.53992014E-4 1.04047079E-2 1.03688706E-2 3.58370235E-5 3.47451351E-6 3.94652052E-5 1.99925923E-3 1.26928458E-20 1.19710196E-4 1.55902417E-5 1.3451333E-5 3.69277387E-7 1.55819279E-7 1.93753932E-3 2.08299793E-3  3.37320287E-3 7.83654919E-4
0.478049994 2.56700814E-3 1.04890643E-2 3.54178046E-4 1.03078708E-2 1.02722803E-2 3.55902521E-5 3.45697754E-6 2.81564207E-5 1.80119113E-3 1.38996118E-20 1.21692188E-4 1.55699108E-5 1.37473007E-5 3.86084736E-7 1.55033391E-7 1.95490359E-3 2.06371164E-3  3.48424842E-3 7.85061682E-4
0.483182013 2.56499648E-3 1.06640309E-2 3.56210017E-4 1.02493567E-2 1.02139944E-2 3.53620198E-5 3.44104069E-6 1.99100377E-5 1.59895071E-3 1.53194205E-20 1.24121929E-4 1.55418948E-5 1.40114025E-5 4.0409418E-7 1.54318101E-7 1.98983331E-3 2.04348192E-3  3.61766759E-3 7.86476652E-4
0.488309979 2.56298482E-3 1.034973E-2 3.49795271E-4 1.02374656E-2 1.02023156E-2 3.5150355E-5 3.42656494E-6 1.40260754E-5 1.39827258E-3 1.69839114E-20 1.27072301E-4 1.55080561E-5 1.42423423E-5 4.23148236E-7 1.53672246E-7 2.04348913E-3 2.02224357E-3  3.77558265E-3 7.87875382E-4
0.493433982 2.56100297E-3 1.06714768E-2 3.52760806E-4 1.02781281E-2 1.02431746E-2 3.49530565E-5 3.41341229E-6 9.84955022E-6 1.20455958E-3 1.89136753E-20 1.30608969E-4 1.54702993E-5 1.44404967E-5 4.42991393E-7 1.53086546E-7 2.11609388E-3 1.99999055E-3  3.95890372E-3 7.89248385E-4
0.498554498 2.55951285E-3 1.08894082E-2 3.52873147E-4 1.03759142E-2 1.0341146E-2 3.47681671E-5 3.40128668E-6 6.88715045E-6 1.02151732E-3 2.11325389E-20 1.3483502E-4 1.54297013E-5 1.46074153E-5 4.63419894E-7 1.52550243E-7 2.20775441E-3 1.97663694E-3  4.16877726E-3 7.90683494E-4
0.50367099 2.55697966E-3 1.03127072E-2 3.49649956E-4 1.05309738E-2 1.04963807E-2 3.4593053E-5 3.39001758E-6 4.81064671E-6 8.54131998E-4 2.36227128E-20 1.39818236E-4 1.5387348E-5 1.47429855E-5 4.83935935E-7 1.52054369E-7 2.31650705E-3 1.9524399E-3  4.4023199E-3 7.92196312E-4
0.50878346 2.55551934E-3 1.01520829E-2 3.44048836E-4 1.07411006E-2 1.07066771E-2 3.4423374E-5 3.37921961E-6 3.34981178E-6 7.03810365E-4 2.63782065E-20 1.45704384E-4 1.53433812E-5 1.48495974E-5 5.04276954E-7 1.51584331E-7 2.44056107E-3 1.9273957E-3  4.65774536E-3 7.93882529E-4
0.513891995 2.55298615E-3 1.04027605E-2 3.48539645E-4 1.10002654E-2 1.09660095E-2 3.42560852E-5 3.36848302E-6 2.32398406E-6 5.71648823E-4 2.93671671E-20 1.52661916E-4 1.52976791E-5 1.49289854E-5 5.24109566E-7 1.51121569E-7 2.57682311E-3 1.90162694E-3  4.93083009E-3 7.95824279E-4
0.518996477 2.55149603E-3 1.14538912E-2 3.57330573E-4 1.12986304E-2 1.12645421E-2 3.40880288E-5 3.35745403E-6 1.60527725E-6 4.57808637E-4 3.25367681E-20 1.60904747E-4 1.52499533E-5 1.49828438E-5 5.43096291E-7 1.50656206E-7 2.72109779E-3 1.87529088E-3  5.21542644E-3 7.98124587E-4
0.524097443 2.54949927E-3 1.11559806E-2 3.52536736E-4 1.16228042E-2 1.15888901E-2 3.39142061E-5 3.34587094E-6 1.10303779E-6 3.61649756E-4 3.58126586E-20 1.70702915E-4 1.51997856E-5 1.50128262E-5 5.60929095E-7 1.50172056E-7 2.86815315E-3 1.84857612E-3  5.50354086E-3 8.00894806E-4
0.529194951 2.54800916E-3 1.13798939E-2 3.53460811E-4 1.19563062E-2 1.19225746E-2 3.37321617E-5 3.33330081E-6 7.53357142E-7 2.8194394E-4 3.90995351E-20 1.82392323E-4 1.51468339E-5 1.50205678E-5 5.77333708E-7 1.49657254E-7 3.01183551E-3 1.82169629E-3  5.78547036E-3 8.04254785E-4
0.534288526 2.54550576E-3 1.20985052E-2 3.61666316E-4 1.22804595E-2 1.22469217E-2 3.35383702E-5 3.31949082E-6 5.10973734E-7 2.17061635E-4 4.22841708E-20 1.96381327E-4 1.50908618E-5 1.50075866E-5 5.92081676E-7 1.49101339E-7 3.1453378E-3 1.7948834E-3  6.05025375E-3 8.08333338E-4
0.539377987 2.54398584E-3 1.18493736E-2 3.56806617E-4 1.25757335E-2 1.25424033E-2 3.33303506E-5 3.30427497E-6 3.4387881E-7 1.65148449E-4 4.52416613E-20 2.13159612E-4 1.50319966E-5 1.49754878E-5 6.05002526E-7 1.48497563E-7 3.26160784E-3 1.76837668E-3  6.2864027E-3 8.13298859E-4
0.544463992 2.54201889E-3 1.2574547E-2 3.6633003E-4 1.28230611E-2 1.27899535E-2 3.31074261E-5 3.28720625E-6 2.29498298E-7 1.24267099E-4 4.78432607E-20 2.33303173E-4 1.49705402E-5 1.49257276E-5 6.15986153E-7 1.47841476E-7 3.35380482E-3 1.74238055E-3  6.48268731E-3 8.19334295E-4
0.549546003 2.53999233E-3 1.206691E-2 3.57760524E-4 1.30056068E-2 1.29727414E-2 3.28659844E-5 3.26833151E-6 1.51649829E-7 9.2508024E-5 4.99671632E-20 2.57527194E-4 1.49071866E-5 1.48597419E-5 6.25002713E-7 1.47133107E-7 3.41582275E-3 1.71705184E-3  6.62917225E-3 8.26700125E-4
0.554623961 2.53799558E-3 1.29288118E-2 3.62321472E-4 1.31086474E-2 1.3076039E-2 3.26090194E-5 3.24776647E-6 0 6.83166509E-5 5.14905294E-20 2.86395982E-4 1.48435656E-5 1.47796291E-5 6.32016224E-7 1.46386128E-7 3.44234728E-3 1.69270625E-3 6.71698153E-3  8.35641753E-4
0.559698462 2.53650546E-3 1.23688225E-2 3.56173114E-4 1.31245563E-2 1.30922198E-2 3.23356144E-5 3.22544656E-6 0 5.00508904E-5 5.23342989E-20 3.20697611E-4 1.47811297E-5 1.46870243E-5 6.37130256E-7 1.45608524E-7 3.43047851E-3 1.66940095E-3 6.74158195E-3  8.46533861E-4
0.564769506 2.53450871E-3 1.2631556E-2 3.58835794E-4 1.30498903E-2 1.30178425E-2 3.20472718E-5 3.20156801E-6 0 3.6416237E-5 5.24421652E-20 3.61140119E-4 1.47220007E-5 1.45838476E-5 6.40463725E-7 1.44821215E-7 3.37883364E-3 1.64722721E-3 6.70115277E-3  8.59780121E-4
0.569836497 2.53251195E-3 1.3605549E-2 3.65360145E-4 1.28872609E-2 1.28555149E-2 3.17459562E-5 3.17637227E-6 0 2.63401344E-5 5.17935716E-20 4.08351072E-4 1.46684961E-5 1.44720716E-5 6.42168231E-7 1.4404587E-7 3.28815985E-3 1.62623473E-3 6.59749191E-3  8.75834085E-4
0.574899554 2.53048539E-3 1.32910404E-2 3.58004851E-4 1.26448302E-2 1.26133952E-2 3.14349709E-5 3.14991235E-6 0 1.8957111E-5 5.04058371E-20 4.62817348E-4 1.4623316E-5 1.43537573E-5 6.42424027E-7 1.43310174E-7 3.16122686E-3 1.60642667E-3 6.43588603E-3  8.95168749E-4
0.579959035 2.52899528E-3 1.28704784E-2 3.51979194E-4 1.23354262E-2 1.23043116E-2 3.1115178E-5 3.12253428E-6 0 1.35850105E-5 4.83321244E-20 5.24807372E-4 1.45892072E-5 1.423094E-5 6.41423298E-7 1.42648929E-7 3.00257094E-3 1.58776727E-3 6.22461038E-3  9.18243662E-4
0.585014999 2.52699852E-3 1.29681053E-2 3.54365038E-4 1.19753666E-2 1.19445762E-2 3.07903319E-5 3.09457323E-6 0 9.69862504E-6 4.56575231E-20 5.94279321E-4 1.4569101E-5 1.41056698E-5 6.39362952E-7 1.42099651E-7 2.81815673E-3 1.57018926E-3 5.97425085E-3  9.45450331E-4
0.590067506 2.5255084E-3 1.22874128E-2 3.44645116E-4 1.15829613E-2 1.15524977E-2 3.04633249E-5 3.06633524E-6 0 6.90014076E-6 4.24919773E-20 6.70807261E-4 1.45656231E-5 1.39799085E-5 6.36434606E-7 1.4170341E-7 2.61489209E-3 1.5536017E-3 5.69676887E-3  9.77137825E-4
0.595116496 2.52351165E-3 1.12906089E-2 3.30995128E-4 1.11767296E-2 1.11465938E-2 3.0136036E-5 3.03806178E-6 0 4.8925267E-6 3.8961732E-20 7.53513188E-4 1.45611484E-5 1.38555652E-5 6.32816239E-7 1.41505012E-7 2.40010815E-3 1.53789972E-3 5.40449517E-3  1.0134558E-3
0.600161552 2.52148509E-3 1.10620651E-2 3.27110465E-4 1.07740164E-2 1.07442047E-2 2.98118412E-5 3.01001114E-6 0 3.45693456E-6 3.52006742E-20 8.41019035E-4 1.45902904E-5 1.37344441E-5 6.2867241E-7 1.41553642E-7 2.18106667E-3 1.52296992E-3 5.10918349E-3  1.05440395E-3
0.605203032 2.51999497E-3 1.07391356E-2 3.19556275E-4 1.03893839E-2 1.03598936E-2 2.9490513E-5 2.98240752E-6 0 2.4331971E-6 3.13399961E-20 9.31458548E-4 1.4643655E-5 1.3618207E-5 6.24144263E-7 1.41897885E-7 1.96443615E-3 1.50869682E-3 4.82105324E-3  1.099805E-3
0.610240996 2.51799822E-3 9.57023539E-3 3.0421163E-4 1.00337965E-2 1.0004621E-2 2.91761644E-5 2.95529412E-6 0 1.70523049E-6 2.75016228E-20 1.02248625E-3 1.47219407E-5 1.35084356E-5 6.19353841E-7 1.42593493E-7 1.75597763E-3 1.49496819E-3 4.54823254E-3  1.14930293E-3
0.615275502 2.5165081E-3 9.17231757E-3 2.97443825E-4 9.71411075E-3 9.68524255E-3 2.88679403E-5 2.9290336E-6 0 1.18932792E-6 2.37917598E-20 1.11135619E-3 1.48273148E-5 1.34066322E-5 6.14406019E-7 1.43692631E-7 1.56032876E-3 1.48168835E-3 4.29636007E-3  1.20239845E-3
0.620307028 2.51501799E-3 9.75499023E-3 2.99466104E-4 9.43272002E-3 9.40415263E-3 2.85674523E-5 2.90370781E-6 0 8.2493915E-7 2.02958974E-20 1.19504309E-3 1.49619191E-5 1.33140866E-5 6.09379981E-7 1.45247455E-7 1.38076255E-3 1.46875449E-3 4.06834483E-3  1.25848828E-3
0.625334501 2.51245499E-3 9.23366752E-3 2.93526857E-4 9.18853562E-3 9.16025974E-3 2.82761048E-5 2.87947273E-6 0 5.71538237E-7 1.7082102E-20 1.27016183E-3 1.51292406E-5 1.32323885E-5 6.04336151E-7 1.47333125E-7 1.2195484E-3 1.45609363E-3 3.86486202E-3  1.31702959E-3
0.630358458 2.51153111E-3 8.67094193E-3 2.8421465E-4 8.97624344E-3 8.94825067E-3 2.79925207E-5 2.85641568E-6 0 3.91443166E-7 1.41857097E-20 1.33401528E-3 1.53297606E-5 1.31622837E-5 5.99343423E-7 1.4995527E-7 1.0770784E-3 1.44364021E-3 3.68380244E-3  1.37722516E-3
0.635379493 2.50947475E-3 8.36864859E-3 2.8192121E-4 8.78909882E-3 8.7613808E-3 2.7718359E-5 2.8347074E-6 0 2.66142877E-7 1.16295196E-20 1.38362648E-3 1.5567728E-5 1.31051729E-5 5.94430787E-7 1.53178178E-7 9.53261217E-4 1.43133616E-3 3.52191227E-3  1.43872306E-3
0.640396476 2.5075078E-3 8.32768902E-3 2.81459303E-4 8.61891545E-3 8.59146379E-3 2.74521899E-5 2.81431676E-6 0 1.79584049E-7 9.41692944E-21 1.41662196E-3 1.58468847E-5 1.30621665E-5 5.89630588E-7 1.57037348E-7 8.4706943E-4 1.41914096E-3 3.37477424E-3  1.50120712E-3
0.645410478 2.50649452E-3 8.46703351E-3 2.79002183E-4 8.45726952E-3 8.43007397E-3 2.71953413E-5 2.79550477E-6 0 1.20202486E-7 7.53575028E-21 1.43129239E-3 1.61721055E-5 1.30343942E-5 5.84966074E-7 1.61557978E-7 7.56823225E-4 1.40701677E-3 3.23746633E-3  1.56460656E-3
0.6504215 2.50452757E-3 8.05228576E-3 2.73383979E-4 8.29653163E-3 8.26958474E-3 2.69465418E-5 2.77843333E-6 0 7.97870428E-8 5.96325288E-21 1.42668968E-3 1.65494948E-5 1.30229482E-5 5.8045589E-7 1.66753495E-7 6.80507044E-4 1.39493716E-3 3.10521293E-3  1.6290599E-3
0.655428529 2.50250101E-3 8.17817077E-3 2.74470163E-4 8.13060533E-3 8.10389966E-3 2.67053383E-5 2.76329615E-6 0 0 4.66998668E-21 1.40272605E-3 1.69867471E-5 1.30289154E-5 5.76117657E-7 1.72623714E-7 6.15983037E-4 1.38288364E-3 2.97389715E-3 1.69488229E-3
0.660432518 2.50148773E-3 7.84519315E-3 2.6476552E-4 7.9554785E-3 7.92900659E-3 2.64717328E-5 2.75035109E-6 0 0 3.62198439E-21 1.36017893E-3 1.74938086E-5 1.30534463E-5 5.71965415E-7 1.79151286E-7 5.61111199E-4 1.37084164E-3 2.84030242E-3 1.7625239E-3
0.665433526 2.49949098E-3 7.87025876E-3 2.6669199E-4 7.76914926E-3 7.74290366E-3 2.62455651E-5 2.73991509E-6 0 0 2.78440182E-21 1.30064122E-3 1.80833758E-5 1.30976478E-5 5.68014229E-7 1.86304433E-7 5.13931271E-4 1.35879905E-3 2.70240125E-3 1.83245551E-3
0.670431018 2.49800086E-3 7.31896702E-3 2.55652238E-4 7.57176662E-3 7.54574127E-3 2.60256511E-5 2.73227374E-6 0 0 2.1236077E-21 1.22641795E-3 1.87714795E-5 1.31626903E-5 5.64281208E-7 1.94030534E-7 4.72738117E-4 1.34675461E-3 2.55938875E-3 1.90501707E-3
0.675425529 2.49651074E-3 7.40740495E-3 2.54694518E-4 7.36516668E-3 7.33935414E-3 2.58129039E-5 2.72789316E-6 0 0 1.60822763E-21 1.14034291E-3 1.9578707E-5 1.32325749E-5 5.60783974E-7 2.0226328E-7 4.36113391E-4 1.33470295E-3 2.4115555E-3 1.98033708E-3
0.680416524 2.49451399E-3 7.12784473E-3 2.49256991E-4 7.15251779E-3 7.12691247E-3 2.560547E-5 2.727322E-6 0 0 1.21045614E-21 1.04560505E-3 2.05309934E-5 1.33229032E-5 5.57542933E-7 2.10919652E-7 4.02954989E-4 1.32264849E-3 2.26016715E-3 2.05818703E-3
0.685404539 2.49350071E-3 6.75907964E-3 2.44727737E-4 6.93765795E-3 6.91225333E-3 2.54046536E-5 2.73109708E-6 0 0 9.0623018E-22 9.45519656E-4 2.16613971E-5 1.34451493E-5 5.54583892E-7 2.19902589E-7 3.7244425E-4 1.31059717E-3 2.10715877E-3 2.13792152E-3
0.690389514 2.49147415E-3 7.00215669E-3 2.45047529E-4 6.72448194E-3 6.69927243E-3 2.52093396E-5 2.73991668E-6 0 0 6.75349905E-22 8.43320973E-4 2.30113419E-5 1.35902737E-5 5.5192902E-7 2.29105638E-7 3.44014523E-4 1.29855005E-3 1.95485447E-3 2.21841014E-3
0.695371032 2.49001384E-3 6.5981769E-3 2.42155307E-4 6.5166424E-3 6.49162335E-3 2.50190587E-5 2.7545077E-6 0 0 5.01318707E-22 7.42022938E-4 2.46325526E-5 1.37595744E-5 5.49611002E-7 2.38412468E-7 3.17312835E-4 1.28652039E-3 1.80575706E-3 2.29807524E-3
0.700350046 2.48900056E-3 6.38599787E-3 2.33433035E-4 6.3170027E-3 6.29216852E-3 2.48345132E-5 2.77564982E-6 0 0 3.70825412E-22 6.44208863E-4 2.65898361E-5 1.39546264E-5 5.47659624E-7 2.47706822E-7 2.9213354E-4 1.2745196E-3 1.66220102E-3 2.37498991E-3
0.705325961 2.486974E-3 6.09380938E-3 2.29958096E-4 6.12756424E-3 6.10290933E-3 2.46546842E-5 2.8042009E-6 0 0 2.73422194E-22 5.52001526E-4 2.89623622E-5 1.41774126E-5 5.46109732E-7 2.56871743E-7 2.68385455E-4 1.26256095E-3 1.52624876E-3 2.44696578E-3
0.710298479 2.48551369E-3 6.02467917E-3 2.29149198E-4 5.94942365E-3 5.9249443E-3 2.4479712E-5 2.84101179E-6 0 0 2.00988771E-22 4.66989033E-4 3.18459715E-5 1.44304149E-5 5.44997192E-7 2.65791471E-7 2.46057054E-4 1.25066261E-3 1.39956712E-3 2.5117402E-3
0.715268493 2.48450041E-3 5.7603335E-3 2.22775707E-4 5.78270713E-3 5.75839682E-3 2.43100512E-5 2.88698925E-6 0 0 1.47275547E-22 3.90189991E-4 3.5356381E-5 1.47169148E-5 5.44358556E-7 2.74363771E-7 2.25149575E-4 1.23883714E-3 1.28324341E-3 2.56719789E-3
0.722717047 4.96402383E-3 5.5060857E-3 1.55009388E-4 5.55410003E-3 5.53003605E-3 2.40642803E-5 2.9763753E-6 0 0 9.29036061E-23 2.92536279E-4 4.22227276E-5 1.52244429E-5 5.44439331E-7 2.86301486E-7 1.96686349E-4 1.22129137E-3 1.13080861E-3 2.62745912E-3
0.730161011 2.47997046E-3 5.75134298E-3 2.21822702E-4 5.34451706E-3 5.32068918E-3 2.38278244E-5 3.08805738E-6 0 0 5.66918992E-23 2.12259256E-4 5.10996215E-5 1.58244893E-5 5.45653279E-7 2.97137746E-7 1.71134699E-4 1.20397285E-3 1.00033928E-3 2.6621283E-3
0.737596512 4.95550036E-3 4.70569497E-3 1.45681697E-4 5.15522761E-3 5.1316265E-3 2.36014039E-5 3.22962433E-6 0 0 3.51065349E-23 1.51924804E-4 6.31834846E-5 1.65706406E-5 5.4841928E-7 3.06408481E-7 1.49163723E-4 1.18699891E-3 8.95451289E-4 2.66424916E-3
0.747501969 4.95001674E-3 4.91844444E-3 1.45561527E-4 4.92671505E-3 4.90340218E-3 2.33128121E-5 3.4597017E-6 0 0 1.78739741E-23 9.36242068E-5 8.47251067E-5 1.7830389E-5 5.54391647E-7 3.16555997E-7 1.24341735E-4 1.16488454E-3 7.84626231E-4 2.62903934E-3
0.757396996 4.94498014E-3 4.76405071E-3 1.43807774E-4 4.72741295E-3 4.70437435E-3 2.30385358E-5 3.73804028E-6 0 0 8.86959309E-24 5.59484834E-5 1.14021175E-4 1.95353496E-5 5.63386038E-7 3.24085647E-7 1.04348248E-4 1.14343653E-3 7.01499521E-4 2.56095966E-3
0.767281532 4.93952632E-3 4.62016696E-3 1.41411423E-4 4.56087012E-3 4.53809276E-3 2.27774417E-5 4.05893752E-6 0 0 4.27565214E-24 3.26286499E-5 1.51908112E-4 2.1906515E-5 5.75117383E-7 3.29218523E-7 8.84548645E-5 1.12266536E-3 6.3818536E-4 2.47738068E-3
0.777155519 4.93448973E-3 4.42318106E-3 1.38682226E-4 4.42950102E-3 4.40697279E-3 2.2528302E-5 4.41218526E-6 0 0 1.99739995E-24 1.86774105E-5 1.9802856E-4 2.52906029E-5 5.8899559E-7 3.32307138E-7 7.59019968E-5 1.10254285E-3 5.88027411E-4 2.39317049E-3
0.787019491 4.92948294E-3 4.44227923E-3 1.38171672E-4 4.33024485E-3 4.30795411E-3 2.2290551E-5 4.7840249E-6 0 0 0 1.0534688E-5 2.5032647E-4 3.02268199E-5 6.07466859E-7 3.33759374E-7 6.60229853E-5 1.08298915E-3 5.46051422E-4 2.31607724E-3
0.796873987 4.92501259E-3 4.42099944E-3 1.36443065E-4 4.25300049E-3 4.23093699E-3 2.20632373E-5 5.1582565E-6 0 0 0 5.86651686E-6 3.04750371E-4 3.75266063E-5 6.30161878E-7 3.3397788E-7 5.83094443E-5 1.0639251E-3 5.09056204E-4 2.24538054E-3
0.806719542 4.92051244E-3 3.89269879E-3 1.29644352E-4 4.18200064E-3 4.16015415E-3 2.18464138E-5 5.51776293E-6 0 0 0 3.22917276E-6 3.55459924E-4 4.83501535E-5 6.5803647E-7 3.33319008E-7 5.2310952E-5 1.04528863E-3 4.75223147E-4 2.17378302E-3
0.8165555 4.91550565E-3 4.19000722E-3 1.31810535E-4 4.10061888E-3 4.0789796E-3 2.16390981E-5 5.84816735E-6 0 0 0 1.75046614E-6 3.9600124E-4 6.42397426E-5 6.92675826E-7 3.32078542E-7 4.77354952E-5 1.02698524E-3 4.43985511E-4 2.09140894E-3
0.826382518 4.91148233E-3 3.79284425E-3 1.28258776E-4 3.99664836E-3 3.97520745E-3 2.14412394E-5 6.13831617E-6 0 0 0 9.29662804E-7 4.20467928E-4 8.70681397E-5 7.36571963E-7 3.30477462E-7 4.44056204E-5 1.00895588E-3 4.15761897E-4 1.99041283E-3
0.836201549 4.90751863E-3 3.83268925E-3 1.26991741E-4 3.86578334E-3 3.84453195E-3 2.12515861E-5 6.38124993E-6 0 0 0 4.82538439E-7 4.24889266E-4 1.1886617E-4 7.93697609E-7 3.28669671E-7 4.22105404E-5 9.91166919E-4 3.9154393E-4 1.86786882E-3
0.846011996 4.90295887E-3 3.72970733E-3 1.25413339E-4 3.71232396E-3 3.69125418E-3 2.10698418E-5 6.57475357E-6 0 0 0 2.43888906E-7 4.08284948E-4 1.61384931E-4 8.70269048E-7 3.26759135E-7 4.10496868E-5 9.73603223E-4 3.72411072E-4 1.72650465E-3
0.855814457 4.8995316E-3 3.72259552E-3 1.24753584E-4 3.54718254E-3 3.52628785E-3 2.08948277E-5 6.72042825E-6 0 0 0 1.19798528E-7 3.72961367E-4 2.15384585E-4 9.75833927E-7 3.24820888E-7 4.07892621E-5 9.56300762E-4 3.5908242E-4 1.57362851E-3
0.865609527 4.89547849E-3 3.30479303E-3 1.18554686E-4 3.383426E-3 3.36269941E-3 2.07266658E-5 6.82296559E-6 0 0 0 5.71328371E-8 3.24042165E-4 2.79824104E-4 1.12489295E-6 3.22909045E-7 4.12180816E-5 9.39331658E-4 3.51424358E-4 1.41853117E-3
0.875396967 4.89202142E-3 3.35347373E-3 1.1885089E-4 3.23074521E-3 3.21018021E-3 2.05651231E-5 6.88922864E-6 0 0 0 0 2.67976488E-4 3.51520721E-4 1.34003483E-6 3.21060838E-7 4.20342294E-5 9.22733569E-4 3.48157133E-4 1.26920769E-3
0.885177493 4.88847494E-3 2.99542909E-3 1.14386195E-4 3.09314439E-3 3.07273516E-3 2.04092667E-5 6.92648155E-6 0 0 0 0 2.11206469E-4 4.24804632E-4 1.65532219E-6 3.19311823E-7 4.28689782E-5 9.06563131E-4 3.4709787E-4 1.1312929E-3
0.897392511 7.32651353E-3 2.7683198E-3 9.0185531E-5 2.9369893E-3 2.91676726E-3 2.02220817E-5 6.94192295E-6 0 0 0 0 1.47382147E-4 5.06159093E-4 2.28258091E-6 3.17324663E-7 4.32881934E-5 8.87006114E-4 3.44126456E-4 9.79263452E-4
0.912038445 7.31948018E-3 2.69274414E-3 8.93517281E-5 2.75116484E-3 2.73115723E-3 2.00076993E-5 6.93190577E-6 0 0 0 0 8.76113481E-5 5.69139025E-4 3.54758731E-6 3.15326503E-7 4.21254554E-5 8.64549249E-4 3.31475923E-4 8.25461291E-4
0.926671505 7.31351972E-3 2.46356474E-3 8.55943508E-5 2.54374812E-3 2.52394564E-3 1.98024736E-5 6.90267507E-6 0 0 0 0 4.7908663E-5 5.75479586E-4 5.71263809E-6 3.13934208E-7 3.86590436E-5 8.43173475E-4 3.03941866E-4 7.01853656E-4
0.941291988 7.30699301E-3 2.42852862E-3 8.41792062E-5 2.30989489E-3 2.29029008E-3 1.96048422E-5 6.86329895E-6 0 0 0 0 2.44589064E-5 5.22217888E-4 9.17231409E-6 3.13402495E-7 3.32213895E-5 8.22737871E-4 2.62671092E-4 6.08633971E-4
0.95590049 7.30150938E-3 2.16321344E-3 7.99692425E-5 2.07110192E-3 2.05168803E-3 1.94138975E-5 6.81931579E-6 0 0 0 0 1.18914959E-5 4.25678358E-4 1.41553319E-5 3.14055853E-7 2.68319618E-5 8.03171948E-4 2.14587213E-4 5.48238284E-4
0.970498502 7.29650259E-3 2.0022986E-3 7.81158233E-5 1.85727444E-3 1.83804601E-3 1.92284588E-5 6.77385788E-6 0 0 0 0 5.57541443E-6 3.12441291E-4 2.0482983E-5 3.16253704E-7 2.0629237E-5 7.84283446E-4 1.68026992E-4 5.1951647E-4
0.989947498 1.2152493E-2 1.47977436E-3 5.54132421E-5 1.64575072E-3 1.62676233E-3 1.89884522E-5 6.71476073E-6 0 0 0 0 2.03450804E-6 1.79430062E-4 2.93343001E-5 3.2233072E-7 1.41270639E-5 7.60022725E-4 1.19403034E-4 5.1537354E-4
1.01424003 1.21400356E-2 1.36303913E-3 5.38742061E-5 1.46788324E-3 1.44918729E-3 1.86959805E-5 6.64889512E-6 0 0 0 0 5.0498852E-7 7.22504919E-5 3.6218622E-5 3.35362273E-7 9.08772381E-6 7.30802363E-4 8.19099441E-5 5.11428923E-4
1.03851008 1.21299624E-2 1.31057482E-3 5.30272227E-5 1.32028421E-3 1.3018758E-3 1.84083929E-5 6.60360638E-6 0 0 0 0 1.10477906E-7 2.4328363E-5 3.38329774E-5 3.55437152E-7 6.57778764E-6 7.02739751E-4 6.32227675E-5 4.64104669E-4
1.062765 1.21250153E-2 1.18364091E-3 5.05950884E-5 1.1710393E-3 1.15291553E-3 1.8123781E-5 6.60000978E-6 0 0 0 0 1.88227638E-8 7.32976241E-6 2.38760185E-5 3.8353312E-7 5.22061509E-6 6.75826101E-4 5.29347126E-5 3.80725978E-4
1.08701003 1.21200085E-2 1.15567178E-3 4.85889759E-5 1.03919022E-3 1.0213441E-3 1.78461778E-5 6.66773167E-6 0 0 0 0 0 2.03858099E-6 1.29044574E-5 4.20058853E-7 4.2465299E-6 6.50144182E-4 4.5277513E-5 2.99645006E-4
1.11125004 1.21200085E-2 9.12557531E-4 4.57835049E-5 9.38261044E-4 9.20679129E-4 1.75819168E-5 6.83633516E-6 0 0 0 0 0 5.14464148E-7 5.51907033E-6 4.79760786E-7 3.4044142E-6 6.25760702E-4 3.82703111E-5 2.39894027E-4
1.13548493 1.21149421E-2 8.53157311E-4 4.4940618E-5 8.61435256E-4 8.4410049E-4 1.73347798E-5 7.12472911E-6 0 0 0 0 0 1.13493236E-7 1.97352006E-6 5.93982236E-7 2.66879238E-6 6.02675311E-4 3.16999285E-5 1.97250702E-4
1.15971494 1.21150017E-2 7.79182301E-4 4.37391391E-5 7.99248286E-4 7.82143965E-4 1.7104343E-5 7.54283656E-6 0 0 0 0 0 1.6827066E-8 6.29262559E-7 8.52595406E-7 2.06178379E-6 5.80836553E-4 2.58559103E-5 1.64348152E-4
1.18394494 1.21150613E-2 7.57149479E-4 4.33969362E-5 7.46855221E-4 7.29965861E-4 1.6889333E-5 8.11728387E-6 0 0 0 0 0 0 1.85837152E-7 1.49494758E-6 1.59102706E-6 5.60176442E-4 2.09949339E-5 1.37405383E-4
1.20818508 1.21250153E-2 6.83609513E-4 4.3045231E-5 7.0219906E-4 6.85508188E-4 1.66908922E-5 8.84394103E-6 0 0 0 0 0 0 5.03032211E-8 3.13747137E-6 1.24418875E-6 5.40611218E-4 1.72346554E-5 1.14386392E-4
1.23243499 1.21249557E-2 6.54928037E-4 4.27186351E-5 6.67178072E-4 6.5066875E-4 1.65093097E-5 9.88644024E-6 0 0 0 0 0 0 1.20598074E-8 7.13965164E-6 1.00255079E-6 5.22061775E-4 1.46098173E-5 9.59564495E-5
1.25669003 1.21299624E-2 6.44158223E-4 4.22176927E-5 6.47857145E-4 6.31513598E-4 1.63435416E-5 1.17751979E-5 0 0 0 0 0 0 2.48822185E-9 1.55668477E-5 8.49731975E-7 5.04434283E-4 1.31174938E-5 8.57675623E-5
1.28095496 1.21350288E-2 5.70434902E-4 4.08914093E-5 6.49217167E-4 6.33026473E-4 1.61907337E-5 1.5836802E-5 0 0 0 0 0 0 0 2.94563088E-5 7.69950475E-7 4.8764894E-4 1.26645855E-5 8.66498594E-5
1.30523491 1.21449828E-2 6.09318784E-4 3.69039481E-5 6.6807773E-4 6.52028946E-4 1.60487525E-5 2.56658113E-5 0 0 0 0 0 0 0 4.5507637E-5 7.34287937E-7 4.71663458E-4 1.28340471E-5 9.56237345E-5
1.32953501 1.21549964E-2 7.16485549E-4 3.70956768E-5 6.95116469E-4 6.79201214E-4 1.59152842E-5 5.05549542E-5 0 0 0 0 0 0 0 5.5591725E-5 6.95518906E-7 4.56476555E-4 1.2789812E-5 1.03092629E-4
1.35385489 1.216501E-2 7.770753E-4 3.77261313E-5 7.35948212E-4 7.20160024E-4 1.57881695E-5 1.13353701E-4 0 0 0 0 0 0 0 5.2989737E-5 6.13213615E-7 4.4208148E-4 1.17520185E-5 9.93698995E-5
1.37819505 1.21750236E-2 8.0224016E-4 3.79181838E-5 8.37807078E-4 8.2214037E-4 1.56667138E-5 2.60894216E-4 0 0 0 0 0 0 0 3.93737027E-5 4.86999397E-7 4.28441388E-4 9.68119639E-6 8.32628575E-5
1.40254998 1.21799707E-2 1.03524828E-3 4.05727224E-5 1.07970624E-3 1.06415502E-3 1.55512025E-5 5.55243576E-4 0 0 0 0 0 0 0 2.30822261E-5 3.53056663E-7 4.15509799E-4 7.28623945E-6 6.26800611E-5
1.42448497 9.75501537E-3 1.40749337E-3 4.97304682E-5 1.44466071E-3 1.42920646E-3 1.54542013E-5 9.59846831E-4 0 0 0 0 0 0 0 1.18211901E-5 2.54551281E-7 4.04397462E-4 5.46106412E-6 4.7425372E-5
1.44156003 7.31998682E-3 1.69191044E-3 6.1050443E-5 1.78278179E-3 1.76739669E-3 1.53850724E-5 1.32089097E-3 0 0 0 0 0 0 0 6.33416539E-6 1.99101407E-7 3.96075717E-4 4.41996372E-6 3.94768067E-5
1.45376492 4.88501787E-3 2.01487541E-3 7.94672669E-5 2.0049701E-3 1.98962959E-3 1.53403889E-5 1.55577983E-3 0 0 0 0 0 0 0 3.88423769E-6 1.6979233E-7 3.90286761E-4 3.86841521E-6 3.5640649E-5
1.46353507 4.88501787E-3 2.12181592E-3 8.0970749E-5 2.14000209E-3 2.12469394E-3 1.5308302E-5 1.69927557E-3 0 0 0 0 0 0 0 2.59374087E-6 1.51530344E-7 3.85756925E-4 3.52522602E-6 3.33909229E-5
1.47330499 4.88495827E-3 2.17807642E-3 8.18460321E-5 2.21972563E-3 2.20444566E-3 1.52799821E-5 1.78643328E-3 0 0 0 0 0 0 0 1.71047452E-6 1.36748199E-7 3.81307793E-4 3.24809935E-6 3.16092337E-5
1.48307991 4.89002466E-3 2.35309335E-3 8.40480134E-5 2.23349268E-3 2.21823645E-3 1.52560633E-5 1.80690212E-3 0 0 0 0 0 0 0 1.11592863E-6 1.24688015E-7 3.76932119E-4 3.02269382E-6 3.01389682E-5
1.49286008 4.89002466E-3 2.31970334E-3 8.34862512E-5 2.17821402E-3 2.16297689E-3 1.52371313E-5 1.75780186E-3 0 0 0 0 0 0 0 7.2054695E-7 1.14713409E-7 3.72621609E-4 2.83694385E-6 2.88811716E-5
1.50264502 4.89497185E-3 2.0497709E-3 7.96727545E-5 2.0597321E-3 2.0445087E-3 1.5223427E-5 1.64507853E-3 0 0 0 0 0 0 0 4.61027582E-7 1.063433E-7 3.68387584E-4 2.68173335E-6 2.77934287E-5
1.51487994 7.34001398E-3 1.8254735E-3 6.2308347E-5 1.84141903E-3 1.82620436E-3 1.52146913E-5 1.43347727E-3 0 0 0 0 0 0 0 2.62282327E-7 9.75223315E-8 3.63187515E-4 2.51900701E-6 2.66607094E-5
1.5295701 7.35002756E-3 1.6617506E-3 6.02482651E-5 1.52785075E-3 1.51263748E-3 1.52133207E-5 1.12739694E-3 0 0 0 0 0 0 0 1.27880895E-7 8.84084912E-8 3.57058889E-4 2.35146285E-6 2.56138337E-5
1.54672003 9.79995728E-3 1.22790039E-3 4.71625754E-5 1.16386963E-3 1.14864879E-3 1.52207595E-5 7.71500112E-4 0 0 0 0 0 0 0 5.35972653E-8 7.8978772E-8 3.50055518E-4 2.17655725E-6 2.47840726E-5
1.56878495 1.22650266E-2 7.23318837E-4 3.60193662E-5 7.9571252E-4 7.80485687E-4 1.52268476E-5 4.13211004E-4 0 0 0 0 0 0 0 1.61101923E-8 6.77294452E-8 3.41281586E-4 1.95831512E-6 2.39509154E-5
1.59332502 1.22749805E-2 5.21582668E-4 3.30583425E-5 5.47703763E-4 5.32497594E-4 1.52061957E-5 1.76225571E-4 0 0 0 0 0 0 0 3.600926E-9 5.59416335E-8 3.31840245E-4 1.70755527E-6 2.2664668E-5
1.61789 1.22900009E-2 4.4395763E-4 3.18069397E-5 4.27263265E-4 4.12119494E-4 1.51437671E-5 6.71492962E-5 0 0 0 0 0 0 0 0 4.51736142E-8 3.22790554E-4 1.45177114E-6 2.06826971E-5
1.64248002 1.23000145E-2 4.54194233E-4 3.20906402E-5 3.72615992E-4 3.57567624E-4 1.50483593E-5 2.3779523E-5 0 0 0 0 0 0 0 0 3.58146082E-8 3.14142788E-4 1.20961829E-6 1.83998873E-5
1.66708994 1.23099685E-2 3.55502358E-4 3.30350813E-5 3.46145593E-4 3.31208255E-4 1.49373345E-5 7.87679346E-6 0 0 0 0 0 0 0 0 2.80948118E-8 3.05874768E-4 1.00015006E-6 1.6428452E-5
1.69172502 1.23250484E-2 3.73644201E-4 3.31605006E-5 3.31096351E-4 3.16272664E-4 1.48236822E-5 2.38487746E-6 0 0 0 0 0 0 0 0 2.20312E-8 2.97945924E-4 8.32606133E-7 1.5087232E-5
1.71638501 1.23349428E-2 3.60230391E-4 3.233401E-5 3.20853316E-4 3.06138798E-4 1.47145302E-5 6.42121393E-7 0 0 0 0 0 0 0 0 1.74540684E-8 2.90332333E-4 7.07210404E-7 1.44396699E-5
1.74106503 1.2345016E-2 3.33172386E-4 3.19516221E-5 3.13073135E-4 2.98447674E-4 1.46254661E-5 1.51570532E-7 0 0 0 0 0 0 0 0 1.40997036E-8 2.83057976E-4 6.21689708E-7 1.46023476E-5
1.76575994 1.23500228E-2 2.70010321E-4 3.03750348E-5 3.07193637E-4 2.92594981E-4 1.45986523E-5 1.08439018E-8 0 0 0 0 0 0 0 0 1.16902745E-8 2.7614148E-4 5.73780994E-7 1.58571911E-5
1.79047501 1.23649836E-2 3.17425118E-4 3.18443272E-5 3.03148583E-4 2.88450072E-4 1.4698513E-5 0 0 0 0 0 0 0 0 0 9.96422411E-9 2.69539683E-4 5.57131614E-7 1.83432876E-5
1.81521499 1.23749971E-2 3.57467186E-4 3.15861435E-5 3.00138345E-4 2.8516489E-4 1.49734542E-5 0 0 0 0 0 0 0 0 0 8.64945626E-9 2.63124792E-4 5.54433086E-7 2.14769989E-5
1.839975 1.23850107E-2 2.56317988E-4 3.27782291E-5 2.96429294E-4 2.81027489E-4 1.54018126E-5 0 0 0 0 0 0 0 0 0 7.47732898E-9 2.56745581E-4 5.38474296E-7 2.37359473E-5
1.86475003 1.23900175E-2 3.023319E-4 3.31491065E-5 2.90173193E-4 2.74297141E-4 1.5876054E-5 0 0 0 0 0 0 0 0 0 6.27527896E-9 2.50358047E-4 4.87154693E-7 2.34456602E-5
1.88953996 1.23999715E-2 3.11751326E-4 3.45021872E-5 2.8097129E-4 2.64710834E-4 1.62604792E-5 0 0 0 0 0 0 0 0 0 5.04857178E-9 2.44084207E-4 4.01740607E-7 2.02198353E-5
1.91435003 1.24099851E-2 3.21945961E-4 3.45421358E-5 2.70346674E-4 2.53863313E-4 1.64833382E-5 0 0 0 0 0 0 0 0 0 3.92951005E-9 2.38101071E-4 3.06195147E-7 1.5452124E-5
1.93917489 1.24149919E-2 2.62168032E-4 3.38936079E-5 2.60347297E-4 2.43780625E-4 1.65666788E-5 0 0 0 0 0 0 0 0 0 3.03079162E-9 2.32490347E-4 2.25521418E-7 1.10617266E-5
1.96401501 1.24250054E-2 2.55205814E-4 3.33559474E-5 2.51992053E-4 2.35418222E-4 1.65738384E-5 0 0 0 0 0 0 0 0 0 2.36516229E-9 2.27209035E-4 1.68924728E-7 8.03789408E-6
1.98886502 1.2425065E-2 2.60686298E-4 3.35116092E-5 2.45168369E-4 2.28612524E-4 1.65558449E-5 0 0 0 0 0 0 0 0 0 1.88120231E-9 2.2218097E-4 1.32400615E-7 6.29727811E-6
2.01372504 1.24349594E-2 3.23142653E-4 3.46908273E-5 2.39354486E-4 2.2281523E-4 1.65392539E-5 0 0 0 0 0 0 0 0 0 1.5213133E-9 2.17351582E-4 1.0859381E-7 5.35353638E-6
2.03859997 1.24399662E-2 2.70694814E-4 3.3952274E-5 2.3414701E-4 2.17609093E-4 1.65379224E-5 0 0 0 0 0 0 0 0 0 1.24574584E-9 2.12693063E-4 9.22293282E-8 4.82255064E-6
2.06348991 1.24499798E-2 2.68950098E-4 3.43077845E-5 2.29359983E-4 2.12796265E-4 1.65637121E-5 0 0 0 0 0 0 0 0 0 1.03071207E-9 2.08193582E-4 8.04970597E-8 4.52115228E-6
2.08838987 1.2450099E-2 2.15043896E-4 3.40586157E-5 2.24931006E-4 2.08298588E-4 1.66324116E-5 0 0 0 0 0 0 0 0 0 8.60727767E-10 2.03850635E-4 7.17809954E-8 4.37531071E-6
2.11329508 1.24549866E-2 2.09648453E-4 3.38186474E-5 2.20826332E-4 2.04057214E-4 1.67691214E-5 0 0 0 0 0 0 0 0 0 7.23592242E-10 1.99665446E-4 6.47310401E-8 4.32631714E-6
2.13820982 1.24598742E-2 2.3556345E-4 3.55929405E-5 2.17004243E-4 1.99990973E-4 1.70132753E-5 0 0 0 0 0 0 0 0 0 6.09338746E-10 1.95636239E-4 5.81641082E-8 4.29595684E-6
2.16312981 1.24601126E-2 2.28414894E-4 3.54589174E-5 2.1343166E-4 1.96010631E-4 1.74210181E-5 0 0 0 0 0 0 0 0 0 5.11555576E-10 1.91752857E-4 5.14797591E-8 4.20578317E-6
2.18806005 1.24700069E-2 1.60241383E-4 3.649051E-5 2.10095692E-4 1.92037725E-4 1.80579646E-5 0 0 0 0 0 0 0 0 0 4.27357177E-10 1.87977916E-4 4.47979502E-8 4.01458146E-6
2.21300006 1.24700069E-2 2.23872354E-4 3.93499104E-5 2.06989906E-4 1.88018923E-4 1.89709826E-5 0 0 0 0 0 0 0 0 0 3.55551255E-10 1.84244345E-4 3.85522299E-8 3.73566468E-6
2.23794508 1.24748945E-2 1.59433082E-4 3.99537166E-5 2.04076583E-4 1.83928321E-4 2.01482635E-5 0 0 0 0 0 0 0 0 0 2.9452138E-10 1.80474031E-4 3.29683623E-8 3.42101839E-6
2.26289511 1.24751329E-2 1.96740977E-4 4.26550105E-5 2.01262461E-4 1.79778508E-4 2.14839674E-5 0 0 0 0 0 0 0 0 0 2.42055848E-10 1.76623114E-4 2.79594268E-8 3.12719044E-6
2.28784513 1.24750137E-2 1.73357956E-4 4.53021312E-5 1.98434602E-4 1.75642985E-4 2.27916207E-5 0 0 0 0 0 0 0 0 0 1.96631794E-10 1.72724191E-4 2.34003856E-8 2.89519062E-6
2.31280518 1.24849081E-2 2.8390938E-4 4.74731751E-5 1.95521439E-4 1.7164828E-4 2.38731682E-5 0 0 0 0 0 0 0 0 0 1.57925256E-10 1.68872153E-4 1.93280982E-8 2.75663797E-6
2.33776999 1.24800205E-2 2.11890525E-4 4.85176388E-5 1.92535415E-4 1.67931954E-4 2.46034597E-5 0 0 0 0 0 0 0 0 0 1.26076122E-10 1.65168152E-4 1.5875683E-8 2.74780268E-6
2.36273503 1.24850273E-2 2.36099775E-4 4.88018231E-5 1.89537997E-4 1.64580168E-4 2.49578316E-5 0 0 0 0 0 0 0 0 0 1.00732575E-10 1.61671269E-4 1.31019275E-8 2.89568538E-6
2.38770485 1.24849081E-2 1.21420824E-4 4.71792482E-5 1.86567908E-4 1.61576463E-4 2.4991441E-5 0 0 0 0 0 0 0 0 0 8.09481024E-11 1.58395516E-4 1.09372955E-8 3.16993942E-6
2.41267991 1.24900341E-2 9.94480943E-5 4.82642899E-5 1.83590135E-4 1.58783805E-4 2.48063316E-5 0 0 0 0 0 0 0 0 0 6.55641236E-11 1.55326692E-4 9.24111543E-9 3.44779892E-6
2.43765998 1.24900341E-2 1.5835237E-4 4.69777515E-5 1.80507588E-4 1.55991947E-4 2.45156498E-5 0 0 0 0 0 0 0 0 0 5.35174058E-11 1.52430002E-4 7.87249288E-9 3.55401585E-6
2.46263981 1.24899149E-2 1.77469687E-4 4.65569356E-5 1.77247872E-4 1.53040208E-4 2.42076549E-5 0 0 0 0 0 0 0 0 0 4.39522654E-11 1.49663028E-4 6.72913414E-9 3.37041956E-6
2.48761988 1.24901533E-2 3.03409586E-4 4.65499215E-5 1.73848617E-4 1.49917425E-4 2.39311903E-5 0 0 0 0 0 0 0 0 0 3.62385712E-11 1.46989478E-4 5.75328363E-9 2.92215668E-6
2.51260519 1.24949217E-2 1.94397115E-4 4.46640988E-5 1.70449668E-4 1.46747596E-4 2.37020631E-5 0 0 0 0 0 0 0 0 0 2.99361334E-11 1.44386824E-4 4.91699659E-9 2.35583275E-6
2.53759503 1.24950409E-2 2.05021963E-4 4.50949301E-5 1.6719634E-4 1.4368353E-4 2.35127991E-5 0 0 0 0 0 0 0 0 0 2.47454956E-11 1.41845798E-4 4.20452917E-9 1.83351312E-6
2.56258011 1.24900341E-2 1.49123298E-4 4.54277688E-5 1.64161815E-4 1.40812321E-4 2.33494902E-5 0 0 0 0 0 0 0 0 0 2.04556701E-11 1.39365438E-4 3.60075325E-9 1.44326896E-6
2.58757019 1.24999285E-2 1.83783297E-4 4.46456543E-5 1.61340009E-4 1.38138741E-4 2.32012626E-5 0 0 0 0 0 0 0 0 0 1.69072655E-11 1.36947478E-4 3.08910764E-9 1.18816263E-6
2.61256504 1.24950409E-2 8.80217267E-5 4.37519811E-5 1.58695053E-4 1.35627764E-4 2.3067294E-5 0 0 0 0 0 0 0 0 0 1.39771467E-11 1.34595743E-4 2.65451749E-9 1.02935849E-6
2.63755512 1.24950409E-2 1.94171225E-4 4.40550612E-5 1.56203067E-4 1.33241701E-4 2.29613725E-5 0 0 0 0 0 0 0 0 0 1.15638193E-11 1.32312562E-4 2.28458763E-9 9.26838197E-7
2.6625452 1.24949217E-2 9.80178738E-5 4.17465599E-5 1.5385286E-4 1.309488E-4 2.2904067E-5 0 0 0 0 0 0 0 0 0 9.57615758E-12 1.30091881E-4 1.96861216E-9 8.54932921E-7
2.68754005 1.25000477E-2 2.02372801E-4 4.41161537E-5 1.51633198E-4 1.28724787E-4 2.29084162E-5 0 0 0 0 0 0 0 0 0 7.93441788E-12 1.27922132E-4 1.69745495E-9 8.00957082E-7
2.7125349 1.24949217E-2 2.11229068E-4 4.41471202E-5 1.49522326E-4 1.2655204E-4 2.29702873E-5 0 0 0 0 0 0 0 0 0 6.57226834E-12 1.25791164E-4 1.46356238E-9 7.59401871E-7
2.73752999 1.25000477E-2 8.37529151E-5 4.4417251E-5 1.47482337E-4 1.24418424E-4 2.30639107E-5 0 0 0 0 0 0 0 0 0 5.43672876E-12 1.23689751E-4 1.26088073E-9 7.27416932E-7
2.76252508 1.24950409E-2 1.71394029E-4 4.56721864E-5 1.45468439E-4 1.22321522E-4 2.31469221E-5 0 0 0 0 0 0 0 0 0 4.48831033E-12 1.21618279E-4 1.08495857E-9 7.02152249E-7
2.78751993 1.24999285E-2 1.32793284E-4 4.40781296E-5 1.43447411E-4 1.20266501E-4 2.31809045E-5 0 0 0 0 0 0 0 0 0 3.6984092E-12 1.19585995E-4 9.32596333E-10 6.79570178E-7
2.81252003 1.25000477E-2 1.80005358E-4 4.36772207E-5 1.41406897E-4 1.18261021E-4 2.31458835E-5 0 0 0 0 0 0 0 0 0 3.04450584E-12 1.17605319E-4 8.01154365E-10 6.54896382E-7
2.83751488 1.24949217E-2 1.83963173E-4 4.30383843E-5 1.39357449E-4 1.16310606E-4 2.30468504E-5 0 0 0 0 0 0 0 0 0 2.50683675E-12 1.15685332E-4 6.88188118E-10 6.2457724E-7
2.86250997 1.25000477E-2 1.33466121E-4 4.27011582E-5 1.37318566E-4 1.14414732E-4 2.29038251E-5 0 0 0 0 0 0 0 0 0 2.06613979E-12 1.13825983E-4 5.91243499E-10 5.88156183E-7
2.88751006 1.25000477E-2 1.15400326E-4 4.32475717E-5 1.35308175E-4 1.12571135E-4 2.27370347E-5 0 0 0 0 0 0 0 0 0 1.70484362E-12 1.12022302E-4 5.08127651E-10 5.4831952E-7
2.91250992 1.24999285E-2 1.42644814E-4 4.47054954E-5 1.33341426E-4 1.10778688E-4 2.25627336E-5 0 0 0 0 0 0 0 0 0 1.40816666E-12 1.10269197E-4 4.36982062E-10 5.09052597E-7
2.93751001 1.25000477E-2 1.01584577E-4 4.47771163E-5 1.31429231E-4 1.0903638E-4 2.23928473E-5 0 0 0 0 0 0 0 0 0 1.16409736E-12 1.08562439E-4 3.76129572E-10 4.73565819E-7
2.96251011 1.24999285E-2 5.56664309E-5 4.25764811E-5 1.29577413E-4 1.07342661E-4 2.22347444E-5 0 0 0 0 0 0 0 0 0 9.62985009E-13 1.06898849E-4 3.24013427E-10 4.43487636E-7
2.98750997 1.25000477E-2 9.84793805E-5 4.3493721E-5 1.27790903E-4 1.05695435E-4 2.2095468E-5 0 0 0 0 0 0 0 0 0 7.97067111E-13 1.05275845E-4 2.79250956E-10 4.19312101E-7
3.01250505 1.24950409E-2 1.50174121E-4 4.2668642E-5 1.26040395E-4 1.04092549E-4 2.19478443E-5 0 0 0 0 0 0 0 0 0 6.60036641E-13 1.0369128E-4 2.40695103E-10 4.01032054E-7
3.0374999 1.24999285E-2 1.021481E-4 4.28382264E-5 1.24326296E-4 1.02530663E-4 2.17956258E-5 0 0 0 0 0 0 0 0 0 5.46728027E-13 1.02142454E-4 2.07425813E-10 3.88000643E-7
3.0625 1.25000477E-2 1.3287917E-4 4.16275107E-5 1.22676764E-4 1.01005018E-4 2.1671749E-5 0 0 0 0 0 0 0 0 0 4.52931963E-13 1.00626705E-4 1.78709464E-10 3.78136463E-7
3.0875001 1.24999285E-2 8.14448067E-5 4.14979149E-5 1.21083038E-4 9.95096343E-5 2.15734017E-5 0 0 0 0 0 0 0 0 0 3.75230635E-13 9.91419074E-5 1.53942484E-10 3.67572284E-7
3.11249995 1.25000477E-2 8.35309329E-5 4.15821705E-5 1.19534685E-4 9.80380792E-5 2.14966112E-5 0 0 0 0 0 0 0 0 0 3.10817968E-13 9.76860974E-5 1.32597697E-10 3.51846467E-7
3.13750005 1.25000477E-2 7.68381287E-5 4.17837546E-5 1.18020289E-4 9.65861691E-5 2.14341217E-5 0 0 0 0 0 0 0 0 0 2.57378916E-13 9.62577324E-5 1.14205034E-10 3.28320851E-7
3.1624999 1.24999285E-2 6.53040261E-5 4.0238956E-5 1.16532115E-4 9.51540642E-5 2.1378055E-5 0 0 0 0 0 0 0 0 0 2.13039791E-13 9.48560119E-5 9.83562606E-11 2.979545E-7
3.1875 1.25000477E-2 1.36351169E-4 4.1631014E-5 1.15066301E-4 9.37454897E-5 2.13208077E-5 0 0 0 0 0 0 0 0 0 1.76253611E-13 9.34806303E-5 8.46953688E-11 2.64775139E-7
3.2125001 1.24999285E-2 1.00263889E-4 4.20780889E-5 1.13620139E-4 9.23659609E-5 2.12541727E-5 0 0 0 0 0 0 0 0 0 1.45749921E-13 9.21324317E-5 7.29203017E-11 2.33459005E-7
3.23749995 1.25000477E-2 1.63928373E-4 4.23137535E-5 1.1219328E-4 9.10195231E-5 2.11737606E-5 0 0 0 0 0 0 0 0 0 1.20487211E-13 9.08124493E-5 6.27779079E-11 2.070134E-7
3.26250005 1.25000477E-2 1.20950201E-4 4.02185578E-5 1.10786568E-4 8.97083155E-5 2.10782564E-5 0 0 0 0 0 0 0 0 0 9.95928261E-14 8.95221601E-5 5.40508922E-11 1.86100465E-7
3.2874999 1.24999285E-2 1.56185721E-4 4.13660273E-5 1.09403431E-4 8.84322435E-5 2.0971187E-5 0 0 0 0 0 0 0 0 0 8.233928E-14 8.82623863E-5 4.65513045E-11 1.69805915E-7
3.3125 1.25000477E-2 1.56244787E-4 4.17224837E-5 1.08049062E-4 8.71894372E-5 2.08596211E-5 0 0 0 0 0 0 0 0 0 6.81032786E-14 8.7032633E-5 4.01099848E-11 1.56761573E-7
3.3375001 1.24999285E-2 9.18882361E-5 3.96067153E-5 1.06727079E-4 8.59773427E-5 2.07497342E-5 0 0 0 0 0 0 0 0 0 5.63569306E-14 8.58314743E-5 3.45763418E-11 1.45832303E-7
3.36249995 1.25000477E-2 1.49589643E-4 4.13901798E-5 1.05440413E-4 8.47929841E-5 2.06474288E-5 0 0 0 0 0 0 0 0 0 4.66557843E-14 8.46566763E-5 2.9817409E-11 1.3627934E-7
3.38750005 1.25000477E-2 1.23241873E-4 3.99461314E-5 1.04187551E-4 8.3633633E-5 2.05539181E-5 0 0 0 0 0 0 0 0 0 3.86332235E-14 8.35059327E-5 2.57189964E-11 1.27676969E-7
3.4124999 1.24999285E-2 1.64101279E-4 4.17395677E-5 1.0296439E-4 8.24970048E-5 2.0467387E-5 0 0 0 0 0 0 0 0 0 3.19901881E-14 8.23771916E-5 2.21846638E-11 1.19789135E-7
3.4375 1.25000477E-2 1.06626219E-4 4.00824792E-5 1.01765334E-4 8.13816441E-5 2.03836862E-5 0 0 0 0 0 0 0 0 0 2.6483654E-14 8.12691433E-5 1.91335905E-11 1.12481075E-7
3.4625001 1.24999285E-2 1.1173309E-4 4.19342578E-5 1.00583035E-4 8.02870054E-5 2.02960309E-5 0 0 0 0 0 0 0 0 0 2.19176229E-14 8.01813076E-5 1.64988457E-11 1.05678055E-7
3.48749995 1.25000477E-2 1.32886213E-4 4.18200143E-5 9.94137736E-5 7.92135397E-5 2.0200232E-5 0 0 0 0 0 0 0 0 0 1.8133444E-14 7.9114172E-5 1.42248088E-11 9.93534073E-8
3.51250005 1.25000477E-2 1.9232526E-5 4.07787338E-5 9.82555212E-5 7.81619383E-5 2.00935847E-5 0 0 0 0 0 0 0 0 0 1.50001742E-14 7.80684131E-5 1.22639641E-11 9.35104651E-8
3.5374999 1.24999285E-2 2.71338031E-5 4.14622737E-5 9.71101326E-5 7.71328559E-5 1.99772785E-5 0 0 0 0 0 0 0 0 0 1.24093003E-14 7.70446932E-5 1.0575262E-11 8.8154323E-8
3.5625 1.25000477E-2 7.80659029E-5 3.98206539E-5 9.59816462E-5 7.61261254E-5 1.98555226E-5 0 0 0 0 0 0 0 0 0 1.02685567E-14 7.60428738E-5 9.12191416E-12 8.3239506E-8
3.5875001 1.24999285E-2 5.62098467E-5 3.94320341E-5 9.48729212E-5 7.51409534E-5 1.97319659E-5 0 0 0 0 0 0 0 0 0 8.50001459E-15 7.50623003E-5 7.87119675E-12 7.86474672E-8
3.61249995 1.25000477E-2 1.12748545E-4 4.07914595E-5 9.378705E-5 7.41761178E-5 1.96109377E-5 0 0 0 0 0 0 0 0 0 7.03844018E-15 7.41018885E-5 6.79436889E-12 7.42188391E-8
3.63750005 1.25000477E-2 3.19788705E-5 4.10581597E-5 9.27247529E-5 7.32304979E-5 1.94942495E-5 0 0 0 0 0 0 0 0 0 5.82959372E-15 7.3160656E-5 5.86651431E-12 6.9835977E-8
3.6624999 1.24999285E-2 5.98330735E-5 3.90605383E-5 9.16862991E-5 7.23032863E-5 1.93830165E-5 0 0 0 0 0 0 0 0 0 4.82930795E-15 7.22377881E-5 5.06658604E-12 6.54930901E-8
3.6875 1.25000477E-2 1.03656173E-4 4.02430887E-5 9.06723799E-5 7.1393908E-5 1.92784682E-5 0 0 0 0 0 0 0 0 0 4.00121635E-15 7.13326081E-5 4.37659848E-12 6.12950899E-8
3.7125001 1.24999285E-2 1.21374003E-4 3.99452765E-5 8.96824786E-5 7.05020357E-5 1.91804374E-5 0 0 0 0 0 0 0 0 0 3.31548728E-15 7.04446429E-5 3.78122663E-12 5.73882204E-8
3.73749995 1.25000477E-2 1.06639076E-4 3.91100912E-5 8.87170172E-5 6.96271236E-5 1.90898936E-5 0 0 0 0 0 0 0 0 0 2.74752416E-15 6.95732451E-5 3.26732066E-12 5.38746967E-8
3.76250005 1.25000477E-2 1.43155892E-4 3.97125295E-5 8.77745915E-5 6.87685242E-5 1.90060691E-5 0 0 0 0 0 0 0 0 0 2.27688894E-15 6.87177526E-5 2.82351182E-12 5.07656459E-8
3.7874999 1.24999285E-2 8.13673032E-5 3.98951197E-5 8.68534407E-5 6.79255172E-5 1.89279272E-5 0 0 0 0 0 0 0 0 0 1.88683005E-15 6.7877525E-5 2.44012883E-12 4.7985818E-8
3.8125 1.25000477E-2 1.27851905E-4 3.92475777E-5 8.59517968E-5 6.70974769E-5 1.88543163E-5 0 0 0 0 0 0 0 0 0 1.56345574E-15 6.70520676E-5 2.10884804E-12 4.54093048E-8
3.8375001 1.24999285E-2 7.98119945E-5 3.87570944E-5 8.50663491E-5 6.62839011E-5 1.87824517E-5 0 0 0 0 0 0 0 0 0 1.29532948E-15 6.62409948E-5 1.82255188E-12 4.29033342E-8
3.86249995 1.25000477E-2 1.24342143E-4 3.87773689E-5 8.41957226E-5 6.54845862E-5 1.87111345E-5 0 0 0 0 0 0 0 0 0 1.07307735E-15 6.54442119E-5 1.57518909E-12 4.03684268E-8
3.88750005 1.25000477E-2 8.63881796E-5 3.94949857E-5 8.33379381E-5 6.46993431E-5 1.86385969E-5 0 0 0 0 0 0 0 0 0 8.88858905E-16 6.46615736E-5 1.36147647E-12 3.77674212E-8
3.9124999 1.24999285E-2 1.41969023E-4 3.96685791E-5 8.24924718E-5 6.39281934E-5 1.85642821E-5 0 0 0 0 0 0 0 0 0 7.36249879E-16 6.38930578E-5 1.17690786E-12 3.51353648E-8
3.9375 1.25000477E-2 3.46741726E-5 3.8311784E-5 8.16598113E-5 6.31709845E-5 1.84888304E-5 0 0 0 0 0 0 0 0 0 6.09857581E-16 6.31384246E-5 1.01752764E-12 3.25582796E-8
3.9625001 1.24999285E-2 7.16618451E-5 3.8491642E-5 8.08396362E-5 6.24275708E-5 1.84120709E-5 0 0 0 0 0 0 0 0 0 5.05194431E-16 6.23974338E-5 8.79899018E-13 3.01310337E-8
3.98749995 1.25000477E-2 9.73300776E-5 3.75320633E-5 8.00331472E-5 6.16976831E-5 1.83354623E-5 0 0 0 0 0 0 0 0 0 4.18535893E-16 6.16697653E-5 7.61048993E-13 2.79174177E-8
4.01249981 1.25000477E-2 1.51930173E-4 3.82520739E-5 7.92408246E-5 6.09810886E-5 1.8259736E-5 0 0 0 0 0 0 0 0 0 3.4677685E-16 6.09551535E-5 6.58396135E-13 2.59343249E-8
4.03750038 1.25000477E-2 1.06868909E-4 3.81424725E-5 7.84639778E-5 6.02774489E-5 1.81865325E-5 0 0 0 0 0 0 0 0 0 2.87360718E-16 6.02532855E-5 5.69726937E-13 2.41621549E-8
4.0625 1.24998093E-2 8.01781789E-5 3.86932334E-5 7.77032401E-5 5.9586353E-5 1.81168871E-5 0 0 0 0 0 0 0 0 0 2.38154563E-16 5.95637866E-5 4.93113146E-13 2.25653753E-8
4.08749962 1.25000477E-2 -2.53714438E-6 3.87562068E-5 7.69595135E-5 5.8907186E-5 1.80523257E-5 0 0 0 0 0 0 0 0 0 1.97385491E-16 5.88860785E-5 4.26879045E-13 2.11097397E-8
4.11250019 1.25000477E-2 6.32980009E-5 3.83885017E-5 7.62304262E-5 5.82394969E-5 1.79909293E-5 0 0 0 0 0 0 0 0 0 1.63596221E-16 5.82197245E-5 3.69591483E-13 1.97695034E-8
4.13749981 1.25000477E-2 8.80354492E-5 4.00103054E-5 7.55141373E-5 5.75828999E-5 1.79312392E-5 0 0 0 0 0 0 0 0 0 1.35575326E-16 5.75643717E-5 3.20014197E-13 1.85270501E-8
4.16250038 1.25000477E-2 -2.62504836E-5 3.78764998E-5 7.48087041E-5 5.69373951E-5 1.7871309E-5 0 0 0 0 0 0 0 0 0 1.12343409E-16 5.69200238E-5 2.77114784E-13 1.73706578E-8
4.1875 1.24998093E-2 1.20521945E-4 4.05202918E-5 7.41128169E-5 5.63030007E-5 1.7809818E-5 0 0 0 0 0 0 0 0 0 9.3087293E-17 5.62867099E-5 2.40003465E-13 1.62917537E-8
4.21249962 1.25000477E-2 6.61901431E-5 3.92184666E-5 7.34276546E-5 5.56796949E-5 1.77479596E-5 0 0 0 0 0 0 0 0 0 7.7130979E-17 5.56644118E-5 2.07907815E-13 1.52835877E-8
4.23750019 1.25000477E-2 5.44372051E-5 3.9320792E-5 7.27528895E-5 5.50672339E-5 1.7685652E-5 0 0 0 0 0 0 0 0 0 6.39109057E-17 5.5052893E-5 1.80152592E-13 1.43404355E-8
4.26249981 1.25000477E-2 6.72732494E-5 3.80055681E-5 7.2089555E-5 5.44652648E-5 1.76242902E-5 0 0 0 0 0 0 0 0 0 5.29548786E-17 5.4451808E-5 1.56144385E-13 1.34572726E-8
4.28750038 1.25000477E-2 3.82093822E-5 3.70642701E-5 7.14379566E-5 5.3873322E-5 1.75646292E-5 0 0 0 0 0 0 0 0 0 4.3870791E-17 5.38606946E-5 1.35366192E-13 1.26296058E-8
4.3125 1.24998093E-2 1.5116254E-5 3.70963207E-5 7.07978979E-5 5.32911217E-5 1.75067798E-5 0 0 0 0 0 0 0 0 0 3.63382131E-17 5.32792692E-5 1.17376866E-13 1.18536212E-8
4.33749962 1.25000477E-2 7.01254903E-5 3.87502951E-5 7.01705285E-5 5.27183947E-5 1.74521338E-5 0 0 0 0 0 0 0 0 0 3.00933733E-17 5.27072661E-5 1.01796941E-13 1.11262262E-8
4.36250019 1.25000477E-2 1.37981973E-4 3.94574272E-5 6.95552299E-5 5.21550028E-5 1.74002271E-5 0 0 0 0 0 0 0 0 0 2.49198979E-17 5.21445545E-5 8.83025207E-14 1.04451088E-8
4.38749981 1.25000477E-2 5.07094192E-5 3.89615125E-5 6.89525841E-5 5.16007058E-5 1.73518747E-5 0 0 0 0 0 0 0 0 0 2.06367583E-17 5.15908978E-5 7.66119956E-14 9.80823867E-9
4.41250038 1.25000477E-2 1.12019025E-5 3.98574084E-5 6.8362373E-5 5.10552636E-5 1.73071057E-5 0 0 0 0 0 0 0 0 0 1.70924118E-17 5.10460522E-5 6.64816374E-14 9.2132888E-9
4.4375 1.24998093E-2 7.69843755E-5 4.06602958E-5 6.77833887E-5 5.05183707E-5 1.72650161E-5 0 0 0 0 0 0 0 0 0 1.41594064E-17 5.05097123E-5 5.76998437E-14 8.65706884E-9
4.46249962 1.25000477E-2 9.86741361E-5 3.86632164E-5 6.72153401E-5 4.9989816E-5 1.72255222E-5 0 0 0 0 0 0 0 0 0 1.17317645E-17 4.99816815E-5 5.00850175E-14 8.13549494E-9
4.48750019 1.25000477E-2 4.75109991E-5 3.91487229E-5 6.66559063E-5 4.94694577E-5 1.71864503E-5 0 0 0 0 0 0 0 0 0 9.72194638E-18 4.94618143E-5 4.34815724E-14 7.64416352E-9
4.51249981 1.25000477E-2 8.27997574E-5 3.95336028E-5 6.61046361E-5 4.8957223E-5 1.71474112E-5 0 0 0 0 0 0 0 0 0 8.05752251E-18 4.89500453E-5 3.77550164E-14 7.17931758E-9
4.53750038 1.25000477E-2 3.04032728E-5 3.95913776E-5 6.55611439E-5 4.84529883E-5 1.71081574E-5 0 0 0 0 0 0 0 0 0 6.67880764E-18 4.84462507E-5 3.27888487E-14 6.73867051E-9
4.5625 1.24998093E-2 6.638179E-6 3.96918585E-5 6.50251968E-5 4.79566479E-5 1.70685489E-5 0 0 0 0 0 0 0 0 0 5.53661308E-18 4.79503251E-5 2.84820351E-14 6.32159303E-9
4.58749962 1.25000477E-2 1.14454051E-4 3.9470644E-5 6.44978645E-5 4.74679764E-5 1.70298881E-5 0 0 0 0 0 0 0 0 0 4.58997931E-18 4.74620501E-5 2.47458846E-14 5.92843286E-9
4.61250019 1.25000477E-2 8.18173285E-5 3.805917E-5 6.39780628E-5 4.69868319E-5 1.69912291E-5 0 0 0 0 0 0 0 0 0 3.80539188E-18 4.69812694E-5 2.15043624E-14 5.55968471E-9
4.63749981 1.25000477E-2 8.4459527E-5 3.94321687E-5 6.346585E-5 4.65130433E-5 1.6952803E-5 0 0 0 0 0 0 0 0 0 3.15498928E-18 4.65078301E-5 1.86912965E-14 5.21519539E-9
4.66250038 1.25000477E-2 7.27059742E-5 3.7687747E-5 6.29611022E-5 4.60465271E-5 1.69145751E-5 0 0 0 0 0 0 0 0 0 2.61579056E-18 4.60416341E-5 1.62496495E-14 4.89395413E-9
4.6875 1.24998093E-2 4.30057698E-5 3.67096727E-5 6.24634413E-5 4.55872068E-5 1.68762363E-5 0 0 0 0 0 0 0 0 0 2.168905E-18 4.55826121E-5 1.41305043E-14 4.59427207E-9
4.71249962 1.25000477E-2 1.40953853E-5 3.83489059E-5 6.19739803E-5 4.51349297E-5 1.6839047E-5 0 0 0 0 0 0 0 0 0 1.79842755E-18 4.51306187E-5 1.22906293E-14 4.31404867E-9
4.73750019 1.25000477E-2 2.45953088E-5 3.77876968E-5 6.14916498E-5 4.46895247E-5 1.68021215E-5 0 0 0 0 0 0 0 0 0 1.49133499E-18 4.46854756E-5 1.06930007E-14 4.05123091E-9
4.76249981 1.25000477E-2 5.3337284E-5 3.77577198E-5 6.10165334E-5 4.42508208E-5 1.67657108E-5 0 0 0 0 0 0 0 0 0 1.23673324E-18 4.42470191E-5 9.30524223E-15 3.80405396E-9
4.78750038 1.25000477E-2 9.27060955E-6 3.82933322E-5 6.05484056E-5 4.38186835E-5 1.67297203E-5 0 0 0 0 0 0 0 0 0 1.02561917E-18 4.38151146E-5 8.0994273E-15 3.57120666E-9
4.8125 1.24998093E-2 1.20952376E-4 3.88698681E-5 6.0086888E-5 4.33930363E-5 1.66938498E-5 0 0 0 0 0 0 0 0 0 8.50585688E-19 4.33896857E-5 7.05161747E-15 3.35182793E-9
4.83749962 1.25000477E-2 1.05354011E-4 3.75106647E-5 5.96332284E-5 4.29737884E-5 1.665944E-5 0 0 0 0 0 0 0 0 0 7.05467913E-19 4.29706452E-5 6.14097828E-15 3.14533599E-9
4.86250019 1.25000477E-2 1.12730258E-5 3.72180075E-5 5.91868811E-5 4.25608087E-5 1.66260725E-5 0 0 0 0 0 0 0 0 0 5.85160128E-19 4.25578583E-5 5.34942938E-15 2.95127256E-9
4.88749981 1.25000477E-2 -1.17906256E-5 3.6820391E-5 5.87485338E-5 4.21539553E-5 1.65945785E-5 0 0 0 0 0 0 0 0 0 4.85405145E-19 4.21511868E-5 4.6611808E-15 2.76917156E-9
4.91250038 1.25000477E-2 3.95430616E-5 3.7064201E-5 5.8318481E-5 4.17530791E-5 1.65654019E-5 0 0 0 0 0 0 0 0 0 4.02682431E-19 4.1750478E-5 4.06257034E-15 2.5985043E-9
4.9375 1.24998093E-2 5.25367504E-5 3.85581661E-5 5.78967883E-5 4.13580965E-5 1.65386919E-5 0 0 0 0 0 0 0 0 0 3.34088427E-19 4.13556591E-5 3.54184138E-15 2.43868237E-9
4.96500015 1.50001049E-2 6.28411944E-5 3.37886886E-5 5.74444057E-5 4.09303684E-5 1.65140373E-5 0 0 0 0 0 0 0 0 0 2.72252462E-19 4.0928091E-5 3.04785007E-15 2.27479169E-9
4.99250031 1.25000477E-2 9.47056324E-5 3.66526474E-5 5.70029115E-5 4.05091996E-5 1.64937119E-5 0 0 0 0 0 0 0 0 0 2.21602281E-19 4.0507075E-5 2.62182193E-15 2.1219857E-9
5.01749992 1.25000477E-2 5.47820091E-5 3.89195739E-5 5.66121162E-5 4.01320794E-5 1.64800385E-5 0 0 0 0 0 0 0 0 0 1.83899789E-19 4.01300858E-5 2.28776145E-15 1.9924169E-9
5.04250002 1.24998093E-2 1.1232742E-4 3.83220322E-5 5.62306413E-5 3.97601834E-5 1.64704597E-5 0 0 0 0 0 0 0 0 0 1.52619864E-19 3.97583099E-5 1.99674592E-15 1.87097182E-9
5.06750011 1.25000477E-2 3.38575956E-5 3.87883338E-5 5.58590582E-5 3.93933587E-5 1.64657013E-5 0 0 0 0 0 0 0 0 0 1.26654315E-19 3.93916016E-5 1.74307755E-15 1.75706893E-9
5.09249973 1.25000477E-2 6.74859766E-5 3.87584114E-5 5.54958642E-5 3.90314999E-5 1.64643625E-5 0 0 0 0 0 0 0 0 0 1.05103184E-19 3.90298483E-5 1.52193154E-15 1.65018477E-9
5.11750031 1.25000477E-2 2.65678318E-5 3.81596074E-5 5.51406883E-5 3.86745232E-5 1.64661651E-5 0 0 0 0 0 0 0 0 0 8.72149705E-20 3.86729735E-5 1.3290903E-15 1.5498326E-9
5.14249992 1.25000477E-2 3.94311719E-5 3.7040656E-5 5.47924792E-5 3.83222432E-5 1.6470236E-5 0 0 0 0 0 0 0 0 0 7.23657343E-20 3.8320788E-5 1.16087475E-15 1.45556645E-9
5.16750002 1.24998093E-2 9.69258908E-5 3.74250485E-5 5.44494942E-5 3.79745288E-5 1.64749654E-5 0 0 0 0 0 0 0 0 0 6.00393086E-20 3.79731609E-5 1.0140976E-15 1.36699918E-9
5.19250011 1.25000477E-2 2.9940813E-5 3.68248002E-5 5.41108784E-5 3.76312455E-5 1.64796311E-5 0 0 0 0 0 0 0 0 0 4.98053945E-20 3.76299613E-5 8.8597661E-16 1.28378097E-9
5.21749973 1.25000477E-2 6.68205175E-5 3.76850039E-5 5.37739652E-5 3.72923605E-5 1.64816065E-5 0 0 0 0 0 0 0 0 0 4.13093029E-20 3.72911527E-5 7.7412051E-16 1.20559951E-9
5.24250031 1.25000477E-2 1.2986298E-4 3.92529619E-5 5.34378232E-5 3.69579138E-5 1.64799112E-5 0 0 0 0 0 0 0 0 0 3.42569645E-20 3.69567824E-5 6.76461952E-16 1.13216603E-9
5.26749992 1.25000477E-2 3.84819796E-5 3.82679136E-5 5.31019941E-5 3.66279855E-5 1.64740086E-5 0 0 0 0 0 0 0 0 0 2.84055858E-20 3.66269232E-5 5.91214915E-16 1.06321318E-9
5.29250002 1.24998093E-2 6.58841918E-6 3.80260826E-5 5.27665106E-5 3.63026738E-5 1.64638368E-5 0 0 0 0 0 0 0 0 0 2.35535802E-20 3.63016734E-5 5.16823188E-16 9.9849462E-10
5.31750011 1.25000477E-2 5.45997718E-5 3.99058299E-5 5.24332208E-5 3.59819751E-5 1.64512458E-5 0 0 0 0 0 0 0 0 0 1.95316924E-20 3.59810365E-5 4.51907536E-16 9.3777397E-10
5.34249973 1.25000477E-2 1.26646744E-4 4.09023523E-5 5.21024704E-5 3.56658675E-5 1.64366047E-5 0 0 0 0 0 0 0 0 0 1.6198455E-20 3.56649834E-5 3.95252043E-16 8.80822637E-10
5.36750031 1.25000477E-2 7.97114553E-5 4.17996962E-5 5.1775849E-5 3.53542637E-5 1.64215871E-5 0 0 0 0 0 0 0 0 0 1.34367921E-20 3.53534342E-5 3.45799295E-16 8.27416413E-10
5.39249992 1.25000477E-2 6.26842666E-5 4.12704358E-5 5.14546555E-5 3.504704E-5 1.64076155E-5 0 0 0 0 0 0 0 0 0 1.11476514E-20 3.50462615E-5 3.02608635E-16 7.77318598E-10
5.41750002 1.24998093E-2 1.82304328E-4 4.28172643E-5 5.11396174E-5 3.47440837E-5 1.63955356E-5 0 0 0 0 0 0 0 0 0 9.25026789E-21 3.47433524E-5 2.64879246E-16 7.30304428E-10
5.44250011 1.25000477E-2 1.56254173E-4 4.41841257E-5 5.08326739E-5 3.44452783E-5 1.63873938E-5 0 0 0 0 0 0 0 0 0 7.67712062E-21 3.44445943E-5 2.31911877E-16 6.86160184E-10
5.46749973 1.25000477E-2 3.47959976E-5 4.4719156E-5 5.05337957E-5 3.41505147E-5 1.63832829E-5 0 0 0 0 0 0 0 0 0 6.3724088E-21 3.41498708E-5 2.03101375E-16 6.44694187E-10
5.49250031 1.25000477E-2 1.21762256E-4 4.30881737E-5 5.02440125E-5 3.38596947E-5 1.6384316E-5 0 0 0 0 0 0 0 0 0 5.2902122E-21 3.38590908E-5 1.77924763E-16 6.05740236E-10
5.51749992 1.25000477E-2 3.24399371E-5 4.20075048E-5 4.99638081E-5 3.35726909E-5 1.63911154E-5 0 0 0 0 0 0 0 0 0 4.39228422E-21 3.35721234E-5 1.5592074E-16 5.69144676E-10
5.54250002 1.24998093E-2 5.00683782E-5 4.00679783E-5 4.96928551E-5 3.32893433E-5 1.640351E-5 0 0 0 0 0 0 0 0 0 3.64698399E-21 3.32888085E-5 1.36683642E-16 5.34761568E-10
5.56750011 1.25000477E-2 1.56458947E-4 4.06812578E-5 4.94316373E-5 3.30095318E-5 1.64221037E-5 0 0 0 0 0 0 0 0 0 3.02832175E-21 3.30090297E-5 1.1986039E-16 5.02454744E-10
5.59249973 1.25000477E-2 5.68131145E-5 3.84447048E-5 4.91782994E-5 3.2733089E-5 1.64452103E-5 0 0 0 0 0 0 0 0 0 2.51443115E-21 3.27326197E-5 1.05135999E-16 4.72089146E-10
5.61750031 1.25000477E-2 8.28955017E-5 3.89818269E-5 4.89319427E-5 3.24599387E-5 1.64720041E-5 0 0 0 0 0 0 0 0 0 2.08759344E-21 3.24594948E-5 9.22428607E-17 4.43548004E-10
5.64249992 1.25000477E-2 3.54785916E-5 3.92793117E-5 4.86912068E-5 3.21900079E-5 1.65011988E-5 0 0 0 0 0 0 0 0 0 1.73301225E-21 3.21895932E-5 8.09469154E-17 4.16722851E-10
5.66750002 1.24998093E-2 1.55779766E-4 4.06004547E-5 4.84545599E-5 3.19232786E-5 1.65312795E-5 0 0 0 0 0 0 0 0 0 1.43845184E-21 3.19228857E-5 7.10461789E-17 3.91514932E-10
5.69250011 1.25000477E-2 6.01177489E-5 3.95496681E-5 4.82219803E-5 3.16597543E-5 1.65622241E-5 0 0 0 0 0 0 0 0 0 1.19382993E-21 3.16593869E-5 6.23671881E-17 3.67833042E-10
5.71749973 1.25000477E-2 4.55918125E-5 3.97207186E-5 4.79920636E-5 3.1399486E-5 1.65925758E-5 0 0 0 0 0 0 0 0 0 9.90726296E-22 3.13991404E-5 5.47585757E-17 3.45589335E-10
5.74250031 1.25000477E-2 5.38887034E-5 3.93752816E-5 4.77652247E-5 3.11425028E-5 1.66227201E-5 0 0 0 0 0 0 0 0 0 8.22146948E-22 3.11421791E-5 4.80885056E-17 3.24700405E-10
5.76749992 1.25000477E-2 3.54240292E-5 3.95282223E-5 4.75420238E-5 3.08888448E-5 1.6653179E-5 0 0 0 0 0 0 0 0 0 6.82300766E-22 3.08885392E-5 4.22423106E-17 3.05088954E-10
5.79250002 1.24998093E-2 1.19109118E-5 4.0342642E-5 4.73230721E-5 3.06384791E-5 1.66845912E-5 0 0 0 0 0 0 0 0 0 5.66292321E-22 3.06381917E-5 3.71173775E-17 2.86678598E-10
5.81750011 1.25000477E-2 1.13490103E-4 4.05499486E-5 4.71100939E-5 3.03913148E-5 1.67187791E-5 0 0 0 0 0 0 0 0 0 4.70067294E-22 3.03910456E-5 3.2623785E-17 2.69396144E-10
5.84249973 1.25000477E-2 5.42854505E-5 4.02665864E-5 4.69027364E-5 3.01472464E-5 1.67554917E-5 0 0 0 0 0 0 0 0 0 3.90238812E-22 3.01469936E-5 2.86821172E-17 2.53169541E-10
5.86750031 1.25000477E-2 7.08982479E-5 4.10315406E-5 4.67013379E-5 2.99061267E-5 1.67952112E-5 0 0 0 0 0 0 0 0 0 3.23989617E-22 2.99058884E-5 2.5222608E-17 2.37927955E-10
5.89249992 1.25000477E-2 1.54708978E-5 4.1315514E-5 4.65055018E-5 2.96678463E-5 1.68376555E-5 0 0 0 0 0 0 0 0 0 2.68998035E-22 2.96676226E-5 2.21848418E-17 2.23605287E-10
5.91750002 1.24998093E-2 -1.36791823E-5 4.1982501E-5 4.63141769E-5 2.94323072E-5 1.68818697E-5 0 0 0 0 0 0 0 0 0 2.23335055E-22 2.9432098E-5 1.95160312E-17 2.10140363E-10
5.94250011 1.25000477E-2 -1.23060011E-6 4.18821619E-5 4.61274758E-5 2.91994365E-5 1.69280411E-5 0 0 0 0 0 0 0 0 0 1.85409058E-22 2.91992383E-5 1.71704481E-17 1.97478908E-10
5.96749973 1.25000477E-2 -2.06744971E-5 4.38979914E-5 4.59436487E-5 2.89692289E-5 1.69744217E-5 0 0 0 0 0 0 0 0 0 1.53916406E-22 2.89690433E-5 1.51088195E-17 1.85574486E-10
5.99250031 1.25000477E-2 -2.40226418E-5 4.23588244E-5 4.57624919E-5 2.87416606E-5 1.70208314E-5 0 0 0 0 0 0 0 0 0 1.27757084E-22 2.87414878E-5 1.32961756E-17 1.74382925E-10
6.01749992 1.25000477E-2 8.76615741E-5 4.30988475E-5 4.55836635E-5 2.85167589E-5 1.70669064E-5 0 0 0 0 0 0 0 0 0 1.06037269E-22 2.85165952E-5 1.17026634E-17 1.63865532E-10
6.04250002 1.24998093E-2 2.93002158E-5 4.24474638E-5 4.54069523E-5 2.82945657E-5 1.71123866E-5 0 0 0 0 0 0 0 0 0 8.80065911E-23 2.82944129E-5 1.03018554E-17 1.53985102E-10
6.06750011 1.25000477E-2 1.60482687E-5 4.30496548E-5 4.52338827E-5 2.80751174E-5 1.71587653E-5 0 0 0 0 0 0 0 0 0 7.30420827E-23 2.80749719E-5 9.07057722E-18 1.44706733E-10
6.09249973 1.25000477E-2 -2.68705226E-5 4.38234892E-5 4.50643638E-5 2.78584339E-5 1.72059299E-5 0 0 0 0 0 0 0 0 0 6.06277471E-23 2.78582975E-5 7.98852406E-18 1.35998143E-10
6.11750031 1.25000477E-2 5.72942299E-5 4.34467402E-5 4.4900029E-5 2.76445098E-5 1.72555192E-5 0 0 0 0 0 0 0 0 0 5.03308719E-23 2.76443825E-5 7.03763114E-18 1.27828775E-10
6.14249992 1.25000477E-2 3.27291018E-5 4.17628871E-5 4.47421444E-5 2.74332797E-5 1.73088647E-5 0 0 0 0 0 0 0 0 0 4.17902914E-23 2.74331596E-5 6.2018371E-18 1.20169694E-10
6.16750002 1.24998093E-2 4.17119918E-5 4.1455467E-5 4.45913356E-5 2.72246161E-5 1.73667213E-5 0 0 0 0 0 0 0 0 0 3.47061406E-23 2.72245034E-5 5.46695909E-18 1.12994579E-10
6.19250011 1.25000477E-2 2.78927564E-5 4.2850621E-5 4.44488796E-5 2.70183573E-5 1.74305242E-5 0 0 0 0 0 0 0 0 0 2.88274513E-23 2.701825E-5 4.82038385E-18 1.06280429E-10
6.21749973 1.25000477E-2 1.08736123E-4 4.32164452E-5 4.43132885E-5 2.68143212E-5 1.74989655E-5 0 0 0 0 0 0 0 0 0 2.39450539E-23 2.68142212E-5 4.2509734E-18 1.00009064E-10
6.24250031 1.25000477E-2 1.41344499E-4 4.34498288E-5 4.41835109E-5 2.66123807E-5 1.75711284E-5 0 0 0 0 0 0 0 0 0 1.98889E-23 2.66122861E-5 3.74922342E-18 9.41691933E-11
6.26749992 1.25000477E-2 3.76940334E-5 4.33579153E-5 4.40576987E-5 2.64124428E-5 1.7645254E-5 0 0 0 0 0 0 0 0 0 1.65165985E-23 2.64123537E-5 3.30677796E-18 8.8751749E-11
6.29250002 1.24998093E-2 4.72252905E-5 4.14502319E-5 4.39336218E-5 2.6214524E-5 1.77190977E-5 0 0 0 0 0 0 0 0 0 1.3713143E-23 2.62144404E-5 2.91660038E-18 8.37460101E-11
6.31750011 1.25000477E-2 5.76120219E-5 4.21819386E-5 4.381092E-5 2.6018708E-5 1.77922102E-5 0 0 0 0 0 0 0 0 0 1.13829812E-23 2.60186298E-5 2.57256789E-18 7.91296889E-11
6.34249973 1.25000477E-2 5.84465706E-5 4.41180746E-5 4.36881674E-5 2.58251184E-5 1.78630507E-5 0 0 0 0 0 0 0 0 0 9.44720335E-24 2.58250438E-5 2.26935161E-18 7.48618459E-11
6.36750031 1.25000477E-2 5.85942507E-6 4.36547416E-5 4.35663896E-5 2.56338826E-5 1.79325052E-5 0 0 0 0 0 0 0 0 0 7.84055086E-24 2.56338117E-5 2.0022827E-18 7.08809123E-11
6.39249992 1.25000477E-2 2.96625331E-5 4.4124823E-5 4.34473077E-5 2.54450879E-5 1.80022216E-5 0 0 0 0 0 0 0 0 0 6.50793917E-24 2.54450206E-5 1.76714337E-18 6.71102687E-11
6.41750002 1.24998093E-2 -1.24307126E-5 4.41444099E-5 4.33329624E-5 2.52587379E-5 1.80742263E-5 0 0 0 0 0 0 0 0 0 5.40317103E-24 2.52586742E-5 1.56013553E-18 6.34727618E-11
6.44250011 1.25000477E-2 -1.77750935E-5 4.45342557E-5 4.32267625E-5 2.50747562E-5 1.81520063E-5 0 0 0 0 0 0 0 0 0 4.48739069E-24 2.50746962E-5 1.3778363E-18 5.99083283E-11
6.47000027 1.50001049E-2 -3.36664016E-5 3.97922959E-5 4.3120639E-5 2.48749711E-5 1.82456679E-5 0 0 0 0 0 0 0 0 0 3.66192624E-24 2.48749166E-5 1.20254866E-18 5.6039038E-11
6.49750042 1.25000477E-2 5.62250098E-5 4.43237404E-5 4.30263099E-5 2.46775289E-5 1.83487791E-5 0 0 0 0 0 0 0 0 0 2.98527725E-24 2.4677478E-5 1.04919103E-18 5.22314726E-11
6.52250004 1.24998093E-2 2.43302256E-5 4.49904473E-5 4.29505053E-5 2.44999646E-5 1.84505407E-5 0 0 0 0 0 0 0 0 0 2.48094704E-24 2.44999173E-5 9.27136497E-19 4.88672748E-11
6.54749966 1.25000477E-2 7.70295301E-5 4.55640584E-5 4.28833046E-5 2.43240593E-5 1.85592435E-5 0 0 0 0 0 0 0 0 0 2.06163907E-24 2.43240138E-5 8.1926863E-19 4.56447553E-11
6.57250023 1.25000477E-2 1.70361105E-4 4.61335585E-5 4.28214626E-5 2.41497582E-5 1.86717043E-5 0 0 0 0 0 0 0 0 0 1.71280517E-24 2.41497164E-5 7.23898273E-19 4.26071886E-11
6.59749985 1.25000477E-2 1.24177095E-4 4.7833797E-5 4.27630766E-5 2.3977098E-5 1.87859805E-5 0 0 0 0 0 0 0 0 0 1.42261134E-24 2.39770579E-5 6.39588768E-19 3.97823302E-11
6.625 1.49998665E-2 7.96374479E-6 4.13833222E-5 4.27010309E-5 2.37892364E-5 1.89117927E-5 0 0 0 0 0 0 0 0 0 1.16023147E-24 2.37892E-5 5.58292371E-19 3.69345457E-11
6.65250015 1.25000477E-2 -7.70081988E-6 4.74905319E-5 4.26415936E-5 2.36035721E-5 1.90380233E-5 0 0 0 0 0 0 0 0 0 9.44854501E-25 2.36035376E-5 4.87093576E-19 3.4335753E-11
6.67749977 1.25000477E-2 5.88715993E-5 4.83666918E-5 4.25903127E-5 2.34368836E-5 1.91534291E-5 0 0 0 0 0 0 0 0 0 7.84371399E-25 2.34368508E-5 4.30457424E-19 3.21787631E-11
6.70250034 1.25000477E-2 1.34974835E-4 4.95419117E-5 4.25434264E-5 2.3272165E-5 1.92712632E-5 0 0 0 0 0 0 0 0 0 6.51217053E-25 2.32721359E-5 3.80484367E-19 3.01907527E-11
6.72749996 1.24998093E-2 6.37757475E-5 4.89087688E-5 4.25020371E-5 2.31093127E-5 1.93927244E-5 0 0 0 0 0 0 0 0 0 5.40689258E-25 2.31092836E-5 3.36359425E-19 2.8349283E-11
6.75249958 1.25000477E-2 3.28904898E-5 5.19441055E-5 4.24678146E-5 2.29481739E-5 1.9519639E-5 0 0 0 0 0 0 0 0 0 4.48928662E-25 2.29481484E-5 2.97367553E-19 2.66351906E-11
6.77750015 1.25000477E-2 1.58199691E-5 4.88531805E-5 4.24391255E-5 2.27885939E-5 1.96505334E-5 0 0 0 0 0 0 0 0 0 3.72682075E-25 2.27885685E-5 2.62870451E-19 2.50328508E-11
6.80500031 1.50001049E-2 2.01626553E-5 4.42832643E-5 4.24126301E-5 2.26147476E-5 1.97978825E-5 0 0 0 0 0 0 0 0 0 3.03747564E-25 2.2614724E-5 2.29529049E-19 2.3386907E-11
6.83249998 1.24998093E-2 1.14208051E-4 4.94558481E-5 4.23880374E-5 2.24425512E-5 1.9945488E-5 0 0 0 0 0 0 0 0 0 2.47101952E-25 2.24425294E-5 2.0023141E-19 2.18468889E-11
6.85750008 1.25000477E-2 3.94687813E-5 5.04039126E-5 4.23665988E-5 2.22875624E-5 2.00790364E-5 0 0 0 0 0 0 0 0 0 2.04830569E-25 2.22875424E-5 1.76849018E-19 2.05362342E-11
6.88249969 1.25000477E-2 4.55722875E-5 5.22146802E-5 4.23438578E-5 2.21341124E-5 2.02097453E-5 0 0 0 0 0 0 0 0 0 1.69708719E-25 2.21340943E-5 1.56172423E-19 1.93041815E-11
6.90750027 1.25000477E-2 -1.60226027E-5 5.2761643E-5 4.23201709E-5 2.19822705E-5 2.03379004E-5 0 0 0 0 0 0 0 0 0 1.40559335E-25 2.19822523E-5 1.37914828E-19 1.81467133E-11
6.93249989 1.25000477E-2 -3.48851536E-5 5.2412528E-5 4.22963785E-5 2.18320747E-5 2.04643056E-5 0 0 0 0 0 0 0 0 0 1.16400161E-25 2.18320583E-5 1.21817325E-19 1.70600426E-11
6.95749998 1.24998093E-2 1.32110305E-4 5.39842731E-5 4.22735066E-5 2.1683496E-5 2.05900105E-5 0 0 0 0 0 0 0 0 0 9.63887262E-26 2.16834796E-5 1.0763594E-19 1.60401917E-11
6.98250008 1.25000477E-2 5.4296841E-5 5.31478108E-5 4.22541489E-5 2.15364635E-5 2.07176854E-5 0 0 0 0 0 0 0 0 0 7.98200525E-26 2.15364471E-5 9.51472319E-20 1.50832593E-11
