READ SERR 1 2
@0761100401/analysis/pnspec.pco
!
0.332783997 2.61998177E-3 1.70198828E-2 5.99456253E-4 1.75081361E-2 1.74528453E-2 5.52902384E-5 4.37486415E-6 4.35545482E-3 1.07158383E-3 7.66705793E-21 1.2855434E-4 8.02694285E-6 7.00107648E-6 3.12525742E-7 1.96273859E-7 4.49244212E-3 2.34901044E-3   4.26049624E-3 7.75392517E-4
0.338023007 2.61901319E-3 1.76667962E-2 5.86330134E-4 1.73904225E-2 1.73357502E-2 5.46722767E-5 4.33262448E-6 4.36340505E-3 1.105587E-3 7.59301638E-21 1.29456224E-4 8.20812511E-6 6.96097504E-6 3.09511108E-7 1.94374906E-7 4.38105315E-3 2.34825001E-3   4.20691958E-3 7.81073002E-4
0.3432585 2.61649489E-3 1.83233134E-2 5.81486733E-4 1.72303673E-2 1.71763096E-2 5.40574329E-5 4.2902625E-6 4.32861503E-3 1.14533352E-3 7.5164739E-21 1.29946144E-4 8.42935424E-6 6.92967387E-6 3.06510543E-7 1.92472342E-7 4.27062344E-3 2.3468032E-3   4.14872635E-3 7.86114251E-4
0.34849 2.61500478E-3 1.75990406E-2 5.6605757E-4 1.70226991E-2 1.69692505E-2 5.34477549E-5 4.24804102E-6 4.24749404E-3 1.19190977E-3 7.44081596E-21 1.30072687E-4 8.69349242E-6 6.90990191E-6 3.0354397E-7 1.90576642E-7 4.15854156E-3 2.34460225E-3   4.08587093E-3 7.90413993E-4
0.353717983 2.61299312E-3 1.72661617E-2 5.47854987E-4 1.67662613E-2 1.67134143E-2 5.28478886E-5 4.20639935E-6 4.11880668E-3 1.24619156E-3 7.36938116E-21 1.29884982E-4 9.00040322E-6 6.90482193E-6 3.00648082E-7 1.88703652E-7 4.043533E-3 2.34160246E-3   4.01892979E-3 7.93864718E-4
0.358942509 2.61150301E-3 1.73254814E-2 5.4135418E-4 1.64644886E-2 1.64122265E-2 5.2262767E-5 4.16568764E-6 3.94477276E-3 1.30881113E-3 7.30423907E-21 1.29438078E-4 9.34693071E-6 6.91748164E-6 2.97860623E-7 1.86873564E-7 3.92529182E-3 2.33779522E-3   3.94880213E-3 7.96400476E-4
0.364163518 2.60950625E-3 1.73692908E-2 5.27875265E-4 1.61203276E-2 1.60686374E-2 5.16900327E-5 4.12574946E-6 3.72727215E-3 1.38129992E-3 7.24744876E-21 1.28770509E-4 9.73320221E-6 6.95257404E-6 2.95197879E-7 1.85079131E-7 3.80305736E-3 2.33311858E-3  3.87583184E-3 7.97996123E-4
0.369380504 2.60749459E-3 1.5934078E-2 5.04457741E-4 1.57441981E-2 1.56930666E-2 5.11319595E-5 4.08671303E-6 3.47480667E-3 1.46348309E-3 7.20014437E-21 1.27950785E-4 1.01507103E-5 7.01034151E-6 2.92666215E-7 1.83325966E-7 3.67754535E-3 2.32764822E-3   3.80116864E-3 7.98739668E-4
0.374593496 2.60549784E-3 1.58517901E-2 4.972475E-4 1.53415706E-2 1.52909867E-2 5.05838179E-5 4.04829143E-6 3.19110299E-3 1.55699335E-3 7.16415716E-21 1.26998682E-4 1.05989329E-5 7.09625192E-6 2.90280724E-7 1.8159929E-7 3.54859862E-3 2.32130941E-3  3.72511195E-3 7.98656663E-4
0.379803002 2.60400772E-3 1.57139692E-2 4.91220795E-4 1.49295684E-2 1.48795163E-2 5.005192E-5 4.01093803E-6 2.88901315E-3 1.66050717E-3 7.14167788E-21 1.25963168E-4 1.10640785E-5 7.2122134E-6 2.88102086E-7 1.79923802E-7 3.41940508E-3 2.31421529E-3   3.64981359E-3 7.97843852E-4
0.385008514 2.60148942E-3 1.49898808E-2 4.73650551E-4 1.4517189E-2 1.44676566E-2 4.95320637E-5 3.97441227E-6 2.5763656E-3 1.77392107E-3 7.13400708E-21 1.24870116E-4 1.15403527E-5 7.36121319E-6 2.86149373E-7 1.7827881E-7 3.2904977E-3 2.30636913E-3  3.57586332E-3 7.96429522E-4
0.390209973 2.59999931E-3 1.54781798E-2 4.74343513E-4 1.41149489E-2 1.4065926E-2 4.90230159E-5 3.93856135E-6 2.26242258E-3 1.89593248E-3 7.14275871E-21 1.23745936E-4 1.20189352E-5 7.54535313E-6 2.84464647E-7 1.7666612E-7 3.16324318E-3 2.29781028E-3  3.50425486E-3 7.94552732E-4
0.395408005 2.59801745E-3 1.38713997E-2 4.55656409E-4 1.37316957E-2 1.36831719E-2 4.85244782E-5 3.9033489E-6 1.95586658E-3 2.02440517E-3 7.16967439E-21 1.22614481E-4 1.24908038E-5 7.7661598E-6 2.83103617E-7 1.75083102E-7 3.03878216E-3 2.28858949E-3   3.43593187E-3 7.92363193E-4
0.40060252 2.59649754E-3 1.29630938E-2 4.4520438E-4 1.33718094E-2 1.33237774E-2 4.80322669E-5 3.86850525E-6 1.66255934E-3 2.15709605E-3 7.2169909E-21 1.21489706E-4 1.2949723E-5 8.02590239E-6 2.82127246E-7 1.73514735E-7 2.91732349E-3 2.27866881E-3  3.3713521E-3 7.89987738E-4
0.405793011 2.59399414E-3 1.37492735E-2 4.45542682E-4 1.30441701E-2 1.29966177E-2 4.75524357E-5 3.83428096E-6 1.39272842E-3 2.28814455E-3 7.28617196E-21 1.20408578E-4 1.33810827E-5 8.320495E-6 2.81632595E-7 1.71983913E-7 2.80128396E-3 2.26823869E-3  3.31221777E-3 7.87606405E-4
0.410979509 2.59248912E-3 1.18660815E-2 4.22874175E-4 1.27469683E-2 1.26998872E-2 4.70811683E-5 3.80077586E-6 1.14855182E-3 2.41368893E-3 7.37977908E-21 1.1938336E-4 1.37811021E-5 8.64961294E-6 2.8170507E-7 1.70481044E-7 2.69022072E-3 2.25727167E-3  3.25875776E-3 7.85329728E-4
0.416162014 2.59001553E-3 1.27768843E-2 4.27790073E-4 1.24786263E-2 1.24320071E-2 4.66189849E-5 3.76786443E-6 9.32596158E-4 2.52840109E-3 7.50065488E-21 1.18434073E-4 1.41441078E-5 9.01029034E-6 2.82451111E-7 1.68998639E-7 2.58447067E-3 2.24579894E-3  3.2116666E-3 7.83265976E-4
0.421340495 2.58848071E-3 1.2237519E-2 4.19742282E-4 1.2235363E-2 1.21891955E-2 4.61675336E-5 3.73562716E-6 7.45765574E-4 2.62668519E-3 7.65229793E-21 1.17543161E-4 1.4466048E-5 9.39835536E-6 2.83991653E-7 1.6754737E-7 2.48424034E-3 2.23384029E-3  3.17158666E-3 7.81482842E-4
0.42651549 2.58651376E-3 1.25522437E-2 4.25357255E-4 1.20116267E-2 1.19659025E-2 4.57249153E-5 3.7039963E-6 5.87000628E-4 2.703259E-3 7.83997422E-21 1.16783536E-4 1.47455594E-5 9.81031008E-6 2.86469088E-7 1.66125375E-7 2.38951668E-3 2.22135219E-3  3.13921226E-3 7.80065428E-4
0.431686521 2.5845021E-3 1.1713298E-2 4.06766165E-4 1.18031967E-2 1.17579019E-2 4.52954409E-5 3.67329517E-6 4.55574889E-4 2.7525695E-3 8.06853538E-21 1.1617686E-4 1.49803318E-5 1.02380518E-5 2.90010775E-7 1.64742843E-7 2.30122777E-3 2.20839144E-3  3.11555434E-3 7.79060414E-4
0.436853528 2.58250535E-3 1.11458926E-2 4.01492784E-4 1.16052106E-2 1.15603302E-2 4.4880675E-5 3.64364405E-6 3.48975824E-4 2.77067674E-3 8.34449301E-21 1.15738272E-4 1.51713275E-5 1.06741854E-5 2.94738328E-7 1.6340978E-7 2.22006184E-3 2.1949613E-3  3.10149114E-3 7.7847793E-4
0.442016482 2.58047879E-3 1.18919834E-2 4.05903847E-4 1.14132483E-2 1.13687655E-2 4.44821744E-5 3.61487969E-6 2.63840309E-4 2.75504193E-3 8.67724741E-21 1.15492119E-4 1.5321586E-5 1.11129075E-5 3.00784961E-7 1.62130291E-7 2.14660983E-3 2.18099752E-3  3.09796282E-3 7.7830907E-4
0.44717598 2.57901847E-3 1.0955181E-2 3.89163237E-4 1.12251267E-2 1.11810267E-2 4.40999429E-5 3.58759848E-6 1.97035188E-4 2.70446902E-3 9.07799138E-21 1.15466035E-4 1.54344561E-5 1.15473631E-5 3.08263253E-7 1.60903355E-7 2.08191993E-3 2.16645747E-3  3.10611236E-3 7.78528221E-4
0.452331483 2.57648528E-3 1.12399897E-2 3.9262732E-4 1.10407937E-2 1.0997057E-2 4.37372364E-5 3.56181067E-6 1.45485479E-4 2.61945743E-3 9.56043639E-21 1.15688788E-4 1.55140133E-5 1.19709748E-5 3.17263641E-7 1.59739415E-7 2.02726829E-3 2.15128972E-3  3.12724849E-3 7.79094524E-4
0.457482994 2.57501006E-3 1.09851975E-2 3.86023108E-4 1.08619072E-2 1.08185131E-2 4.33935566E-5 3.53747123E-6 1.06259438E-4 2.50188587E-3 1.0142711E-20 1.16192234E-4 1.55648559E-5 1.23785967E-5 3.27875995E-7 1.58644127E-7 1.98394549E-3 2.13539926E-3  3.1629079E-3 7.79955648E-4
0.46263051 2.57250667E-3 1.08878566E-2 3.85073683E-4 1.06929047E-2 1.06498329E-2 4.30716573E-5 3.51470976E-6 7.68902246E-5 2.35547032E-3 1.08447805E-20 1.17009542E-4 1.55914786E-5 1.27644525E-5 3.40125979E-7 1.57621884E-7 1.95356132E-3 2.11873278E-3  3.21475207E-3 7.81048439E-4
0.467774004 2.57098675E-3 1.12305321E-2 3.88088985E-4 1.05405282E-2 1.04977554E-2 4.27727755E-5 3.49375705E-6 5.5271732E-5 2.18608859E-3 1.16857994E-20 1.18169795E-4 1.55985053E-5 1.31226579E-5 3.53935917E-7 1.56681423E-7 1.93767238E-3 2.10131006E-3  3.28421476E-3 7.82302872E-4
0.47291398 2.56900489E-3 1.01986304E-2 3.7565743E-4 1.04113687E-2 1.03688734E-2 4.24958926E-5 3.47451351E-6 3.9464765E-5 1.9992569E-3 1.26928652E-20 1.19710021E-4 1.55902289E-5 1.34513393E-5 3.69278382E-7 1.55819919E-7 1.9375406E-3 2.08299863E-3  3.37320613E-3 7.83655036E-4
0.478049994 2.56700814E-3 1.06486958E-2 3.76555399E-4 1.03145242E-2 1.0272284E-2 4.22406774E-5 3.45697754E-6 2.81561079E-5 1.80118904E-3 1.38996328E-20 1.21692006E-4 1.55698999E-5 1.3747308E-5 3.86085787E-7 1.5503403E-7 1.95490499E-3 2.06371234E-3  3.48425191E-3 7.85061799E-4
0.483182013 2.56499648E-3 1.03648314E-2 3.70489113E-4 1.02560055E-2 1.02139991E-2 4.20065771E-5 3.44104092E-6 1.99098176E-5 1.59894885E-3 1.53194431E-20 1.2412174E-4 1.5541882E-5 1.40114098E-5 4.04095289E-7 1.54318741E-7 1.98983494E-3 2.04348285E-3  3.61767132E-3 7.86476827E-4
0.488309979 2.56298482E-3 1.08210593E-2 3.7505955E-4 1.02441115E-2 1.02023203E-2 4.17913107E-5 3.42656517E-6 1.40259199E-5 1.39827095E-3 1.69839373E-20 1.27072111E-4 1.55080452E-5 1.42423496E-5 4.23149402E-7 1.53672886E-7 2.043491E-3 2.0222445E-3  3.77558661E-3 7.87875557E-4
0.493433982 2.56100297E-3 9.78312828E-3 3.59659549E-4 1.02847731E-2 1.02431811E-2 4.15923387E-5 3.41341274E-6 9.84944108E-6 1.20455818E-3 1.89137044E-20 1.3060878E-4 1.54702902E-5 1.44405049E-5 4.42992643E-7 1.530872E-7 2.11609597E-3 1.99999171E-3  3.95890791E-3 7.89248617E-4
0.498554498 2.55951285E-3 1.02528073E-2 3.65928281E-4 1.0382561E-2 1.03411535E-2 4.14073802E-5 3.40128713E-6 6.88707451E-6 1.02151628E-3 2.11325728E-20 1.34834831E-4 1.54296922E-5 1.46074244E-5 4.6342123E-7 1.52550882E-7 2.20775697E-3 1.9766381E-3  4.16878192E-3 7.90683785E-4
0.50367099 2.55697966E-3 9.73754935E-3 3.62358289E-4 1.05376216E-2 1.04963891E-2 4.12333466E-5 3.39001804E-6 4.81059396E-6 8.54131125E-4 2.36227516E-20 1.39818047E-4 1.53873389E-5 1.47429946E-5 4.83937356E-7 1.52055023E-7 2.31650984E-3 1.95244106E-3  4.40232502E-3 7.92196603E-4
0.50878346 2.55551934E-3 1.10350214E-2 3.71466042E-4 1.07477512E-2 1.07066864E-2 4.10651046E-5 3.37922029E-6 3.34977517E-6 7.03809725E-4 2.63782517E-20 1.45704209E-4 1.53433739E-5 1.48496083E-5 5.04278432E-7 1.51584999E-7 2.44056387E-3 1.9273971E-3  4.65775048E-3 7.9388282E-4
0.513891995 2.55298615E-3 1.1191329E-2 3.74614028E-4 1.10069187E-2 1.09660197E-2 4.08990418E-5 3.36848416E-6 2.32395882E-6 5.71648299E-4 2.93672188E-20 1.52661742E-4 1.52976718E-5 1.49289972E-5 5.24111101E-7 1.51122237E-7 2.57682637E-3 1.90162822E-3  4.93083568E-3 7.95824628E-4
0.518996477 2.55149603E-3 1.07816886E-2 3.70566646E-4 1.13052847E-2 1.12645533E-2 4.07314074E-5 3.35745517E-6 1.60525997E-6 4.57808259E-4 3.25368263E-20 1.60904572E-4 1.5249947E-5 1.49828566E-5 5.43097997E-7 1.50656874E-7 2.72110128E-3 1.87529228E-3  5.21543296E-3 7.98124936E-4
0.524097443 2.54949927E-3 1.19941318E-2 3.82652885E-4 1.16294585E-2 1.15889022E-2 4.05562387E-5 3.3458723E-6 1.10302597E-6 3.61649494E-4 3.58127265E-20 1.7070274E-4 1.5199781E-5 1.50128408E-5 5.60930857E-7 1.50172738E-7 2.86815711E-3 1.84857752E-3  5.50354738E-3 8.00895155E-4
0.529194951 2.54800916E-3 1.12518594E-2 3.72493203E-4 1.19629577E-2 1.19225876E-2 4.03705817E-5 3.3333024E-6 7.53349184E-7 2.81943736E-4 3.90996126E-20 1.82392148E-4 1.51468312E-5 1.50205833E-5 5.77335584E-7 1.49657964E-7 3.0118397E-3 1.82169769E-3  5.78547781E-3 8.04255134E-4
0.534288526 2.54550576E-3 1.14682186E-2 3.74711468E-4 1.22871054E-2 1.22469356E-2 4.01702055E-5 3.31949286E-6 5.10968391E-7 2.17061519E-4 4.22842612E-20 1.96381166E-4 1.509086E-5 1.50076039E-5 5.92083666E-7 1.4910205E-7 3.14534246E-3 1.79488491E-3  6.05026167E-3 8.08333687E-4
0.539377987 2.54398584E-3 1.14571974E-2 3.72978247E-4 1.2582371E-2 1.25424182E-2 3.99521123E-5 3.30427724E-6 3.43875229E-7 1.65148376E-4 4.52417615E-20 2.13159452E-4 1.50319956E-5 1.4975506E-5 6.0500463E-7 1.48498273E-7 3.26161273E-3 1.76837808E-3  6.28641155E-3 8.13299266E-4
0.544463992 2.54201889E-3 1.21575631E-2 3.84499697E-4 1.28296856E-2 1.27899703E-2 3.97154654E-5 3.28720898E-6 2.29495924E-7 1.24267041E-4 4.78433705E-20 2.33303013E-4 1.49705402E-5 1.49257476E-5 6.15988313E-7 1.47842201E-7 3.35381017E-3 1.74238195E-3  6.48269616E-3 8.19334702E-4
0.549546003 2.53999233E-3 1.26941912E-2 3.88017594E-4 1.30122136E-2 1.29727582E-2 3.94558956E-5 3.26833447E-6 1.51648266E-7 9.25079949E-5 4.99672828E-20 2.57527048E-4 1.49071884E-5 1.48597628E-5 6.25004986E-7 1.47133846E-7 3.41582834E-3 1.71705324E-3  6.62918203E-3 8.26700532E-4
0.554623961 2.53799558E-3 1.22625055E-2 3.76766897E-4 1.31152337E-2 1.30760567E-2 3.91769572E-5 3.24776988E-6 0 6.83166363E-5 5.14906587E-20 2.86395865E-4 1.48435693E-5 1.47796509E-5 6.32018555E-7 1.46386881E-7 3.4423531E-3 1.69270765E-3 6.71699177E-3  8.3564216E-4
0.559698462 2.53650546E-3 1.30542144E-2 3.86345084E-4 1.31311165E-2 1.30922385E-2 3.88775225E-5 3.2254502E-6 0 5.00508868E-5 5.23344346E-20 3.20697465E-4 1.47811343E-5 1.4687047E-5 6.37132644E-7 1.45609278E-7 3.43048456E-3 1.66940223E-3 6.74159313E-3  8.46534269E-4
0.564769506 2.53450871E-3 1.31437648E-2 3.83605133E-4 1.30564217E-2 1.30178621E-2 3.85593594E-5 3.20157164E-6 0 3.6416237E-5 5.24423073E-20 3.61140032E-4 1.47220071E-5 1.45838721E-5 6.40466226E-7 1.44821996E-7 3.37883993E-3 1.64722838E-3 6.70116395E-3  8.59780586E-4
0.569836497 2.53251195E-3 1.36459032E-2 3.89517925E-4 1.28937596E-2 1.28555344E-2 3.82248181E-5 3.17637637E-6 0 2.63401362E-5 5.17937137E-20 4.08350985E-4 1.46685043E-5 1.44720971E-5 6.42170846E-7 1.44046652E-7 3.28816636E-3 1.6262359E-3 6.59750355E-3  8.75834492E-4
0.574899554 2.53048539E-3 1.31275486E-2 3.76884709E-4 1.26512926E-2 1.26134148E-2 3.78778386E-5 3.14991667E-6 0 1.89571128E-5 5.04059793E-20 4.6281729E-4 1.46233251E-5 1.43537836E-5 6.42426642E-7 1.4331097E-7 3.16123338E-3 1.60642783E-3 6.4358972E-3  8.95169214E-4
0.579959035 2.52899528E-3 1.26742702E-2 3.71795177E-4 1.23418495E-2 1.23043302E-2 3.75194613E-5 3.12253883E-6 0 1.35850141E-5 4.83322666E-20 5.24807372E-4 1.45892172E-5 1.42309682E-5 6.4142597E-7 1.42649725E-7 3.00257723E-3 1.58776832E-3 6.22462155E-3  9.1824407E-4
0.585014999 2.52699852E-3 1.20455669E-2 3.6615241E-4 1.1981749E-2 1.19445948E-2 3.7154201E-5 3.09457801E-6 0 9.69862867E-6 4.56576621E-20 5.9427938E-4 1.45691129E-5 1.41056989E-5 6.3936568E-7 1.42100447E-7 2.81816279E-3 1.5701903E-3 5.97426202E-3  9.45450796E-4
0.590067506 2.5255084E-3 1.19921649E-2 3.61282E-4 1.15893018E-2 1.15525164E-2 3.678555E-5 3.06634024E-6 0 6.90014349E-6 4.24921097E-20 6.70807378E-4 1.45656359E-5 1.39799386E-5 6.36437335E-7 1.4170422E-7 2.61489791E-3 1.55360263E-3 5.69677958E-3  9.77138174E-4
0.595116496 2.52351165E-3 1.17709087E-2 3.55390541E-4 1.11830272E-2 1.11466115E-2 3.64157786E-5 3.03806701E-6 0 4.89252943E-6 3.8961858E-20 7.53513363E-4 1.4561163E-5 1.38555961E-5 6.32819081E-7 1.41505836E-7 2.40011374E-3 1.53790053E-3 5.40450541E-3  1.01345638E-3
0.600161552 2.52148509E-3 1.12502137E-2 3.47019522E-4 1.07802702E-2 1.07442215E-2 3.6048983E-5 3.0100166E-6 0 3.45693684E-6 3.52007905E-20 8.41019326E-4 1.4590305E-5 1.37344759E-5 6.28675252E-7 1.4155448E-7 2.18107179E-3 1.52297074E-3 5.1091928E-3  1.05440442E-3
0.605203032 2.51999497E-3 1.10039013E-2 3.40259139E-4 1.03955939E-2 1.03599085E-2 3.56849087E-5 2.98241298E-6 0 2.43319869E-6 3.13401027E-20 9.31458897E-4 1.46436714E-5 1.36182389E-5 6.24147106E-7 1.41898738E-7 1.9644408E-3 1.50869752E-3 4.82106209E-3  1.09980546E-3
0.610240996 2.51799822E-3 9.92492121E-3 3.26335808E-4 1.00399638E-2 1.0004635E-2 3.53285504E-5 2.95530003E-6 0 1.70523174E-6 2.75017197E-20 1.02248671E-3 1.47219589E-5 1.35084692E-5 6.1935674E-7 1.42594359E-7 1.75598194E-3 1.49496889E-3 4.54824092E-3  1.14930351E-3
0.615275502 2.5165081E-3 9.45574511E-3 3.18351551E-4 9.72023513E-3 9.68525559E-3 3.4978897E-5 2.92903951E-6 0 1.18932883E-6 2.37918421E-20 1.11135677E-3 1.4827333E-5 1.34066659E-5 6.14408918E-7 1.43693526E-7 1.5603326E-3 1.48168905E-3 4.29636799E-3  1.20239903E-3
0.620307028 2.51501799E-3 8.63923412E-3 3.04458896E-4 9.43880342E-3 9.40416474E-3 3.46379347E-5 2.90371372E-6 0 8.24939889E-7 2.02959685E-20 1.19504379E-3 1.49619391E-5 1.33141202E-5 6.0938288E-7 1.4524835E-7 1.38076593E-3 1.46875519E-3 4.06835228E-3  1.25848886E-3
0.625334501 2.51245499E-3 9.54450201E-3 3.15403187E-4 9.19457898E-3 9.16027091E-3 3.4307388E-5 2.87947887E-6 0 5.71538749E-7 1.7082165E-20 1.27016264E-3 1.51292616E-5 1.3232423E-5 6.04339107E-7 1.47334049E-7 1.21955131E-3 1.45609421E-3 3.86486854E-3  1.31703017E-3
0.630358458 2.51153111E-3 8.77257623E-3 3.033955E-4 8.98224674E-3 8.94826185E-3 3.3985616E-5 2.85642204E-6 0 3.91443535E-7 1.41857614E-20 1.33401621E-3 1.53297824E-5 1.31623192E-5 5.99346379E-7 1.49956207E-7 1.07708096E-3 1.44364068E-3 3.68380849E-3  1.37722574E-3
0.635379493 2.50947475E-3 8.4804669E-3 2.99060834E-4 8.79506487E-3 8.76139104E-3 3.36746634E-5 2.83471377E-6 0 2.66143161E-7 1.16295625E-20 1.38362753E-3 1.55677517E-5 1.31052093E-5 5.94433743E-7 1.53179158E-7 9.53263487E-4 1.43133663E-3 3.52191785E-3  1.43872376E-3
0.640396476 2.5075078E-3 8.00532009E-3 2.94649188E-4 8.62484612E-3 8.5914731E-3 3.3372824E-5 2.81432335E-6 0 1.79584248E-7 9.41696579E-21 1.41662313E-3 1.58469084E-5 1.30622029E-5 5.89633544E-7 1.57038357E-7 8.47071409E-4 1.41914142E-3 3.37477936E-3  1.50120782E-3
0.645410478 2.50649452E-3 7.90242199E-3 2.86307855E-4 8.46316479E-3 8.43008328E-3 3.30817384E-5 2.79551136E-6 0 1.20202614E-7 7.53577936E-21 1.43129355E-3 1.61721309E-5 1.30344315E-5 5.84969087E-7 1.61559015E-7 7.56824913E-4 1.40701723E-3 3.23747122E-3  1.56460714E-3
0.6504215 2.50452757E-3 8.34636949E-3 2.91622157E-4 8.30239337E-3 8.26959312E-3 3.27998896E-5 2.77843992E-6 0 7.97871351E-8 5.9632759E-21 1.42669096E-3 1.65495221E-5 1.30229855E-5 5.80458845E-7 1.66754575E-7 6.80508558E-4 1.39493751E-3 3.10521759E-3  1.6290606E-3
0.655428529 2.50250101E-3 7.9660872E-3 2.88584211E-4 8.13643448E-3 8.10390804E-3 3.25267465E-5 2.76330275E-6 0 0 4.67000486E-21 1.40272733E-3 1.69867744E-5 1.30289536E-5 5.76120669E-7 1.72624837E-7 6.15984318E-4 1.3828841E-3 2.97390134E-3 1.69488287E-3
0.660432518 2.50148773E-3 8.01127963E-3 2.81008281E-4 7.96127692E-3 7.92901404E-3 3.22623382E-5 2.75035791E-6 0 0 3.62199853E-21 1.36018032E-3 1.74938377E-5 1.30534845E-5 5.71968371E-7 1.79152465E-7 5.61112305E-4 1.37084199E-3 2.84030638E-3 1.76252448E-3
0.665433526 2.49949098E-3 7.73677463E-3 2.79295578E-4 7.77491694E-3 7.74291065E-3 3.20064973E-5 2.73992191E-6 0 0 2.78441273E-21 1.3006425E-3 1.80834068E-5 1.30976869E-5 5.68017185E-7 1.8630567E-7 5.1393226E-4 1.3587994E-3 2.70240498E-3 1.8324561E-3
0.670431018 2.49800086E-3 7.6894816E-3 2.75961036E-4 7.57750543E-3 7.54574733E-3 3.17577978E-5 2.73228056E-6 0 0 2.12361618E-21 1.22641912E-3 1.87715123E-5 1.31627294E-5 5.64284107E-7 1.94031813E-7 4.7273899E-4 1.34675484E-3 2.55939201E-3 1.90501765E-3
0.675425529 2.49651074E-3 7.49552576E-3 2.70367629E-4 7.37087708E-3 7.33935973E-3 3.15173747E-5 2.72789998E-6 0 0 1.60823409E-21 1.14034407E-3 1.95787416E-5 1.3232614E-5 5.6078693E-7 2.0226463E-7 4.36114147E-4 1.33470329E-3 2.41155853E-3 1.98033755E-3
0.680416524 2.49451399E-3 7.21072406E-3 2.64575705E-4 7.15820072E-3 7.1269176E-3 3.12829834E-5 2.72732882E-6 0 0 1.21046099E-21 1.0456061E-3 2.05310298E-5 1.33229432E-5 5.57545889E-7 2.10921058E-7 4.02955659E-4 1.32264884E-3 2.26016995E-3 2.05818727E-3
0.685404539 2.49350071E-3 6.72989991E-3 2.59227672E-4 6.94331434E-3 6.91225799E-3 3.10562427E-5 2.7311039E-6 0 0 9.06233815E-22 9.45520645E-4 2.16614353E-5 1.34451902E-5 5.54586791E-7 2.19904052E-7 3.72444862E-4 1.31059741E-3 2.1071611E-3 2.13792198E-3
0.690389514 2.49147415E-3 7.02060293E-3 2.61534238E-4 6.73011271E-3 6.69927662E-3 3.0835803E-5 2.7399235E-6 0 0 6.75352631E-22 8.43321905E-4 2.30113837E-5 1.35903156E-5 5.51931919E-7 2.29107172E-7 3.44015047E-4 1.29855028E-3 1.95485656E-3 2.21841014E-3
0.695371032 2.49001384E-3 6.56011142E-3 2.55119638E-4 6.52224803E-3 6.49162661E-3 3.06211077E-5 2.75451475E-6 0 0 5.01320727E-22 7.42023753E-4 2.46325963E-5 1.37596162E-5 5.49613901E-7 2.3841406E-7 3.17313272E-4 1.28652062E-3 1.80575904E-3 2.29807547E-3
0.700350046 2.48900056E-3 6.3481424E-3 2.48472497E-4 6.32258458E-3 6.29217131E-3 3.04130317E-5 2.77565687E-6 0 0 3.70826901E-22 6.44209504E-4 2.65898834E-5 1.39546692E-5 5.47662523E-7 2.47708471E-7 2.92133889E-4 1.27451983E-3 1.66220265E-3 2.37498991E-3
0.705325961 2.486974E-3 6.29733689E-3 2.45933188E-4 6.13312237E-3 6.10291213E-3 3.02103472E-5 2.80420795E-6 0 0 2.73423304E-22 5.52002108E-4 2.89624131E-5 1.41774563E-5 5.46112574E-7 2.56873449E-7 2.68385746E-4 1.26256119E-3 1.52625027E-3 2.44696578E-3
0.712782979 4.9700141E-3 5.85286971E-3 1.67963386E-4 5.87160746E-3 5.84168965E-3 2.99177736E-5 2.86400314E-6 0 0 1.74138331E-22 4.28597763E-4 3.36008779E-5 1.45736794E-5 5.44680802E-7 2.70078544E-7 2.35605679E-4 1.24475115E-3 1.34141825E-3 2.53946334E-3
0.722717047 4.96402383E-3 5.59979444E-3 1.64808254E-4 5.55958319E-3 5.53003745E-3 2.95458303E-5 2.9763828E-6 0 0 9.29039721E-23 2.9253657E-4 4.22228004E-5 1.52244884E-5 5.44442173E-7 2.86303361E-7 1.96686509E-4 1.22129149E-3 1.13080943E-3 2.62745889E-3
0.732639551 4.9584806E-3 5.23346663E-3 1.61305259E-4 5.28565003E-3 5.25645539E-3 2.91946035E-5 3.13318765E-6 0 0 4.87894819E-23 1.90939361E-4 5.48802382E-5 1.60617528E-5 5.46468414E-7 3.00339082E-7 1.63580728E-4 1.19829108E-3 9.63809667E-4 2.66491249E-3
0.742550492 4.95249033E-3 5.16888825E-3 1.5639457E-4 5.04285656E-3 5.01399441E-3 2.88621159E-5 3.33847311E-6 0 0 2.512436E-23 1.19771328E-4 7.306716E-5 1.71551401E-5 5.5105113E-7 3.11818127E-7 1.36107512E-4 1.17586111E-3 8.36059742E-4 2.65177083E-3
0.752450466 4.94751334E-3 5.03741624E-3 1.55419199E-4 4.82860534E-3 4.80005844E-3 2.85469614E-5 3.59307796E-6 0 0 1.26348499E-23 7.26258077E-5 9.83299615E-5 1.86157322E-5 5.5849182E-7 3.20639799E-7 1.13785994E-4 1.15407631E-3 7.40116986E-4 2.59803538E-3
0.762340546 4.94250655E-3 4.58711525E-3 1.49135187E-4 4.64515202E-3 4.61690454E-3 2.82475776E-5 3.89370962E-6 0 0 6.18168839E-24 4.28402054E-5 1.31878158E-4 2.06196364E-5 5.69131657E-7 3.26933844E-7 9.59364406E-5 1.13296753E-3 6.67817774E-4 2.52005504E-3
0.772220016 4.93699312E-3 4.28759074E-3 1.45105936E-4 4.49611153E-3 4.46814857E-3 2.79627602E-5 4.23234269E-6 0 0 2.93412238E-24 2.47361568E-5 1.74025379E-4 2.34439103E-5 5.81438314E-7 3.30995761E-7 8.18015978E-5 1.11252628E-3 6.11805997E-4 2.43466464E-3
0.782088995 4.93198633E-3 4.39900439E-3 1.46569728E-4 4.38162871E-3 4.35393769E-3 2.7691045E-5 4.59670537E-6 0 0 8.06790185E-25 1.4051624E-5 2.2360342E-4 2.75205202E-5 5.97747146E-7 3.33213649E-7 7.06664796E-5 1.09270273E-3 5.66265197E-4 2.35359976E-3
0.791947961 4.92700934E-3 3.94682912E-3 1.40244549E-4 4.29501338E-3 4.26758174E-3 2.74319355E-5 4.97201881E-6 0 0 0 7.87221143E-6 2.7761783E-4 3.35198711E-5 6.18246474E-7 3.34001044E-7 6.19269777E-5 1.07339537E-3 5.27071476E-4 2.28025368E-3
0.801797509 4.92247939E-3 4.19298001E-3 1.40870485E-4 4.22305334E-3 4.19586804E-3 2.71850495E-5 5.34081119E-6 0 0 0 4.35828633E-6 3.30972514E-4 4.24039972E-5 6.43361432E-7 3.33740417E-7 5.51166595E-5 1.05456181E-3 4.91807703E-4 2.21032929E-3
0.811638474 4.91851568E-3 4.16133134E-3 1.38756033E-4 4.14872682E-3 4.12177807E-3 2.69491193E-5 5.68737096E-6 0 0 0 2.3841817E-6 3.77392513E-4 5.55568986E-5 6.74392822E-7 3.32756969E-7 4.98597583E-5 1.03609986E-3 4.59275354E-4 2.13451474E-3
0.821470499 4.91347909E-3 4.05404577E-3 1.3793855E-4 4.057121E-3 4.03039623E-3 2.67245123E-5 5.9988447E-6 0 0 0 1.27901967E-6 4.10555542E-4 7.46588921E-5 7.1326258E-7 3.31314254E-7 4.5922392E-5 1.0179386E-3 4.29441716E-4 2.04355665E-3
0.831292987 4.90903854E-3 3.96752311E-3 1.36605871E-4 3.93965794E-3 3.91314737E-3 2.65104354E-5 6.26593965E-6 0 0 0 6.71843281E-7 4.25321981E-4 1.01725287E-4 7.63162404E-7 3.29593718E-7 4.31722219E-5 1.00003229E-3 4.03080805E-4 1.93178444E-3
0.841107488 4.90549207E-3 3.93863721E-3 1.33875932E-4 3.79651086E-3 3.77020589E-3 2.63050406E-5 6.48409423E-6 0 0 0 3.44320284E-7 4.19155811E-4 1.38688469E-4 8.29022895E-7 3.27724166E-7 4.15081304E-5 9.82362195E-4 3.81288643E-4 1.79921743E-3
0.850914001 4.90099192E-3 3.4740488E-3 1.29961234E-4 3.63545073E-3 3.60934273E-3 2.61079294E-5 6.65340531E-6 0 0 0 1.71503316E-7 3.92684829E-4 1.86983365E-4 9.18699925E-7 3.25790779E-7 4.0817853E-5 9.64908919E-4 3.6499952E-4 1.65087893E-3
0.860712528 4.89750504E-3 3.53278592E-3 1.27560648E-4 3.46953259E-3 3.44361342E-3 2.59191747E-5 6.77667686E-6 0 0 0 8.30546867E-8 3.49817827E-4 2.46434298E-4 1.04372782E-6 3.23860718E-7 4.09341992E-5 9.47774271E-4 3.54597898E-4 1.49582769E-3
0.870504022 4.89401817E-3 3.50435451E-3 1.2720516E-4 3.31037655E-3 3.28463898E-3 2.57375086E-5 6.86018529E-6 0 0 0 2.32225688E-8 2.96483719E-4 3.15064099E-4 1.22239771E-6 3.21976358E-7 4.15992945E-5 9.30982816E-4 3.49355338E-4 1.34272582E-3
0.882732034 7.33396411E-3 2.83655059E-3 9.65901636E-5 3.13199987E-3 3.10647883E-3 2.55210234E-5 6.91825699E-6 0 0 0 0 2.2533763E-4 4.06519364E-4 1.57166585E-6 3.19745737E-7 4.26659353E-5 9.10588249E-4 3.47315654E-4 1.1652424E-3
0.897392511 7.32651353E-3 2.77870172E-3 9.5059353E-5 2.94204033E-3 2.91676726E-3 2.52731406E-5 6.94191976E-6 0 0 0 0 1.47381972E-4 5.06159151E-4 2.28258614E-6 3.17325828E-7 4.32882152E-5 8.8700623E-4 3.44126602E-4 9.79263335E-4
0.912038445 7.31948018E-3 2.62661162E-3 9.31416726E-5 2.75619538E-3 2.731157E-3 2.50384292E-5 6.93190077E-6 0 0 0 0 8.76112172E-5 5.69138909E-4 3.54759436E-6 3.15327554E-7 4.21254736E-5 8.64549307E-4 3.3147604E-4 8.25461175E-4
0.926671505 7.31351972E-3 2.68972479E-3 9.30230308E-5 2.5487591E-3 2.52394518E-3 2.48139695E-5 6.90266734E-6 0 0 0 0 4.79085757E-5 5.75479236E-4 5.71264763E-6 3.13935146E-7 3.86590509E-5 8.43173591E-4 3.03941924E-4 7.01853598E-4
0.941291988 7.30699301E-3 2.36128783E-3 8.86097623E-5 2.31488748E-3 2.29028962E-3 2.45978808E-5 6.8632894E-6 0 0 0 0 2.44588537E-5 5.22217422E-4 9.17232592E-6 3.13403348E-7 3.32213895E-5 8.22737929E-4 2.62671092E-4 6.08633913E-4
0.958333492 9.73451138E-3 1.95639627E-3 7.0861206E-5 2.03896943E-3 2.01461418E-3 2.4355144E-5 6.81173651E-6 0 0 0 0 1.06832013E-5 4.06843319E-4 1.51722479E-5 3.14357578E-7 2.5770556E-5 8.00004345E-4 2.06615616E-4 5.42398833E-4
0.977793455 9.72548127E-3 1.85984059E-3 7.03347614E-5 1.7733213E-3 1.74923474E-3 2.40866229E-5 6.75128831E-6 0 0 0 0 3.84850637E-6 2.58341053E-4 2.39091696E-5 3.18107908E-7 1.79214439E-5 7.75075343E-4 1.47749146E-4 5.15320629E-4
0.999664426 1.21454895E-2 1.56759692E-3 5.90100062E-5 1.57103629E-3 1.54724251E-3 2.3793742E-5 6.68687062E-6 0 0 0 0 1.1802407E-6 1.28000625E-4 3.29751929E-5 3.26751319E-7 1.17139689E-5 7.4819685E-4 1.01425947E-4 5.16736065E-4
1.02394998 1.21400356E-2 1.38383231E-3 5.67900024E-5 1.4136025E-3 1.39012816E-3 2.34743275E-5 6.62735738E-6 0 0 0 0 2.79880311E-7 4.75777633E-5 3.64598964E-5 3.42484213E-7 7.86740748E-6 7.19446864E-4 7.284397E-5 4.98682552E-4
1.04821491 1.21249557E-2 1.18766399E-3 5.40844885E-5 1.26504386E-3 1.24188734E-3 2.31565609E-5 6.59560965E-6 0 0 0 0 5.75446677E-8 1.52049661E-5 3.0422736E-5 3.65804283E-7 5.95446045E-6 6.91825931E-4 5.85309208E-5 4.32929344E-4
1.07246494 1.21250153E-2 1.1829884E-3 5.20567337E-5 1.11969316E-3 1.09685143E-3 2.28416829E-5 6.61673766E-6 0 0 0 0 6.21022256E-9 4.43538056E-6 1.92471689E-5 3.96486655E-7 4.80706558E-6 6.6539715E-4 4.97260262E-5 3.46219196E-4
1.09670997 1.21200085E-2 9.54642543E-4 4.89295999E-5 1.00001425E-3 9.77477292E-4 2.25368913E-5 6.72167607E-6 0 0 0 0 0 1.19174206E-6 9.42480438E-6 4.40213682E-7 3.89779007E-6 6.40234153E-4 4.24310274E-5 2.73135927E-4
1.12094498 1.21150613E-2 9.18649777E-4 4.86577374E-5 9.10049712E-4 8.87800299E-4 2.22494036E-5 6.93662196E-6 0 0 0 0 0 2.86172167E-7 3.72356908E-6 5.15731131E-7 3.09620259E-6 6.1637623E-4 3.5576777E-5 2.2128901E-4
1.14517498 1.21149421E-2 8.25396855E-4 4.71559179E-5 8.39897548E-4 8.17915366E-4 2.19821977E-5 7.2757507E-6 0 0 0 0 0 5.92973031E-8 1.26239161E-6 6.71634155E-7 2.40957252E-6 5.93792473E-4 2.92574859E-5 1.83186756E-4
1.16940498 1.21150017E-2 8.01794522E-4 4.61255549E-5 7.81996816E-4 7.60263123E-4 2.17336856E-5 7.75060107E-6 0 0 0 0 0 3.79869247E-9 3.89721919E-7 1.04113985E-6 1.85746399E-6 5.72434219E-4 2.37838158E-5 1.53002344E-4
1.19363999 1.21200085E-2 7.22304394E-4 4.55769805E-5 7.32787186E-4 7.11283588E-4 2.15035707E-5 8.40276516E-6 0 0 0 0 0 0 1.11571708E-7 1.9763911E-6 1.43849172E-6 5.5222481E-4 1.93559117E-5 1.27773645E-4
1.21788001 1.21200085E-2 6.0909224E-4 4.39764626E-5 6.91435125E-4 6.70141773E-4 2.12933483E-5 9.18766636E-6 0 0 0 0 0 0 2.88974107E-8 4.34575759E-6 1.13603403E-6 5.33083337E-4 1.604924E-5 1.06310828E-4
1.24213004 1.2130022E-2 6.54778967E-4 4.45574151E-5 6.61841419E-4 6.40738406E-4 2.11030147E-5 1.04963465E-5 0 0 0 0 0 0 6.53743992E-9 9.86406849E-6 9.31552677E-7 5.14906598E-4 1.38783316E-5 9.0654954E-5
1.26639509 1.21349692E-2 6.36841636E-4 4.35115217E-5 6.50510774E-4 6.29580172E-4 2.09305817E-5 1.30118087E-5 0 0 0 0 0 0 9.9454156E-10 2.05240267E-5 8.10202664E-7 4.97620087E-4 1.28246947E-5 8.47884003E-5
1.29067004 1.21400356E-2 6.48261106E-4 4.29076354E-5 6.59824349E-4 6.39051897E-4 2.07724279E-5 1.8743327E-5 0 0 0 0 0 0 0 3.60031481E-5 7.52744654E-7 4.81158146E-4 1.26973127E-5 8.96972342E-5
1.31496 1.214993E-2 7.2625617E-4 3.97003241E-5 6.82900834E-4 6.62274775E-4 2.06260083E-5 3.29592149E-5 0 0 0 0 0 0 0 5.07663535E-5 7.22006462E-7 4.65490681E-4 1.28955598E-5 9.94409711E-5
1.33926499 1.2155056E-2 7.08356383E-4 3.92333641E-5 7.12904788E-4 6.92416856E-4 2.0487947E-5 6.9144975E-5 0 0 0 0 0 0 0 5.62011628E-5 6.68911241E-7 4.50619118E-4 1.25171782E-5 1.03265476E-4
1.363585 1.21649504E-2 7.01931887E-4 3.89710804E-5 7.69744685E-4 7.49387778E-4 2.03569143E-5 1.58686322E-4 0 0 0 0 0 0 0 4.8466718E-5 5.66463541E-7 4.36539849E-4 1.10189512E-5 9.41094841E-5
1.38792992 1.21800303E-2 9.61773156E-4 4.21856421E-5 9.18196165E-4 8.97963997E-4 2.02321407E-5 3.57931684E-4 0 0 0 0 0 0 0 3.26879999E-5 4.32012627E-7 4.23194288E-4 8.71398697E-6 7.50040417E-5
1.41229999 1.21899843E-2 1.17542013E-3 4.46040249E-5 1.23179459E-3 1.21167966E-3 2.01149869E-5 7.21621094E-4 0 0 0 0 0 0 0 1.75357418E-5 3.05868696E-7 4.10512206E-4 6.41664019E-6 5.52881065E-5
1.43424499 9.75501537E-3 1.52208214E-3 5.41723093E-5 1.64182449E-3 1.62180502E-3 2.00194845E-5 1.16623263E-3 0 0 0 0 0 0 0 8.39197401E-6 2.20883166E-7 3.99613578E-4 4.82954056E-6 4.25163671E-5
1.45132494 7.32499361E-3 1.89119473E-3 6.73711547E-5 1.96727342E-3 1.94731879E-3 1.99545048E-5 1.51108345E-3 0 0 0 0 0 0 0 4.3172131E-6 1.7522909E-7 3.91435839E-4 3.97071835E-6 3.63364416E-5
1.46353507 4.88501787E-3 2.17384379E-3 8.66880073E-5 2.14461214E-3 2.12469697E-3 1.99152382E-5 1.69927801E-3 0 0 0 0 0 0 0 2.5937552E-6 1.51530827E-7 3.85757361E-4 3.52523671E-6 3.33910066E-5
1.47330499 4.88495827E-3 2.22484814E-3 8.75353726E-5 2.22433847E-3 2.20444915E-3 1.98892521E-5 1.7864363E-3 0 0 0 0 0 0 0 1.71048453E-6 1.36748639E-7 3.81308229E-4 3.24810912E-6 3.16093101E-5
1.48307991 4.89002466E-3 2.18890049E-3 8.67297204E-5 2.23810948E-3 2.21824064E-3 1.98688977E-5 1.80690573E-3 0 0 0 0 0 0 0 1.11593545E-6 1.24688412E-7 3.76932527E-4 3.02270291E-6 3.01390428E-5
1.49286008 4.89002466E-3 2.24480871E-3 8.76614795E-5 2.18283618E-3 2.16298131E-3 1.98549478E-5 1.75780582E-3 0 0 0 0 0 0 0 7.20551554E-7 1.14713764E-7 3.72622046E-4 2.83695226E-6 2.88812425E-5
1.50264502 4.89497185E-3 2.21431698E-3 8.69136857E-5 2.064361E-3 2.04451312E-3 1.98477301E-5 1.64508261E-3 0 0 0 0 0 0 0 4.61030623E-7 1.06343634E-7 3.68387991E-4 2.68174131E-6 2.7793496E-5
1.51487994 7.34001398E-3 1.99103565E-3 6.83004473E-5 1.84605841E-3 1.82620878E-3 1.98495418E-5 1.43348135E-3 0 0 0 0 0 0 0 2.62284118E-7 9.75226442E-8 3.63187923E-4 2.51901452E-6 2.66607749E-5
1.53201997 9.79995728E-3 1.49925833E-3 5.32427439E-5 1.47872162E-3 1.45885407E-3 1.98674552E-5 1.07479235E-3 0 0 0 0 0 0 0 1.14906037E-7 8.70263577E-8 3.56051838E-4 2.32598404E-6 2.54819497E-5
1.554075 1.2255013E-2 1.01346325E-3 4.20795732E-5 1.03202963E-3 1.01212633E-3 1.99033166E-5 6.38298981E-4 0 0 0 0 0 0 0 3.69060302E-8 7.51604929E-8 3.47105553E-4 2.10399116E-6 2.45056654E-5
1.57859993 1.22700334E-2 6.83503051E-4 3.75623349E-5 6.81725971E-4 6.61797996E-4 1.99279675E-5 2.98889063E-4 0 0 0 0 0 0 0 9.00655017E-9 6.29184385E-8 3.37461999E-4 1.85934221E-6 2.35156604E-5
1.60315001 1.22799873E-2 4.75906971E-4 3.43372267E-5 4.92759398E-4 4.72854881E-4 1.99045407E-5 1.21079349E-4 0 0 0 0 0 0 0 1.47528034E-9 5.1487266E-8 3.28171038E-4 1.60496575E-6 2.19465564E-5
1.62772501 1.22950077E-2 3.28097231E-4 3.16097176E-5 4.04942839E-4 3.85115098E-4 1.98277448E-5 4.46686463E-5 0 0 0 0 0 0 0 0 4.12437728E-8 3.19284562E-4 1.35206903E-6 1.9768584E-5
1.65232503 1.23050213E-2 3.33319942E-4 3.31308474E-5 3.6462376E-4 3.44907894E-4 1.97158643E-5 1.54167847E-5 0 0 0 0 0 0 0 0 3.25223972E-8 3.10790521E-4 1.12108194E-6 1.75469613E-5
1.67694497 1.23149753E-2 4.17881354E-4 3.50354094E-5 3.43962776E-4 3.24371853E-4 1.9590927E-5 4.94466576E-6 0 0 0 0 0 0 0 0 2.5475714E-8 3.02663626E-4 9.27927488E-7 1.58101338E-5
1.70158505 1.23249888E-2 3.46424291E-4 3.3843382E-5 3.31301766E-4 3.11835844E-4 1.94659078E-5 1.43271018E-6 0 0 0 0 0 0 0 0 2.0035996E-8 2.94862955E-4 7.7753009E-7 1.47426044E-5
1.72624993 1.23400092E-2 3.20725754E-4 3.37177153E-5 3.22178676E-4 3.02827044E-4 1.93516371E-5 3.66448802E-7 0 0 0 0 0 0 0 0 1.59823994E-8 2.8738199E-4 6.68353948E-7 1.43942734E-5
1.75094008 1.23500228E-2 3.36422556E-4 3.32431555E-5 3.15171434E-4 2.95890961E-4 1.92804819E-5 7.40519681E-8 0 0 0 0 0 0 0 0 1.30374458E-8 2.8024934E-4 5.98198767E-7 1.49563075E-5
1.77564502 1.235497E-2 3.47080146E-4 3.32422605E-5 3.10081727E-4 2.90758238E-4 1.93235119E-5 0 0 0 0 0 0 0 0 0 1.09326335E-8 2.73468788E-4 5.64043773E-7 1.67144572E-5
1.80036998 1.23699903E-2 3.0909921E-4 3.28743517E-5 3.06678412E-4 2.87111878E-4 1.95665307E-5 0 0 0 0 0 0 0 0 0 9.40464329E-9 2.66959862E-4 5.55781185E-7 1.9586827E-5
1.82511997 1.23800039E-2 2.82658933E-4 3.35115801E-5 3.03769863E-4 2.83725531E-4 2.00443355E-5 0 0 0 0 0 0 0 0 0 8.17645329E-9 2.60574656E-4 5.51224105E-7 2.25914791E-5
1.84988499 1.23850107E-2 3.25392117E-4 3.47888817E-5 2.99388805E-4 2.78707914E-4 2.06809073E-5 0 0 0 0 0 0 0 0 0 7.00396807E-9 2.54187791E-4 5.22766697E-7 2.39903347E-5
1.87466502 1.23950243E-2 2.84581474E-4 3.5327841E-5 2.92053417E-4 2.70748773E-4 2.13046569E-5 0 0 0 0 0 0 0 0 0 5.78150239E-9 2.47824355E-4 4.56067113E-7 2.24625528E-5
1.89946508 1.24049783E-2 2.75528902E-4 3.58275283E-5 2.82153051E-4 2.60396395E-4 2.17566449E-5 0 0 0 0 0 0 0 0 0 4.5795967E-9 2.41647474E-4 3.63076083E-7 1.83812754E-5
1.92427993 1.24099851E-2 2.99816777E-4 3.58855723E-5 2.71646684E-4 2.49653327E-4 2.19933372E-5 0 0 0 0 0 0 0 0 0 3.54062091E-9 2.35812535E-4 2.71218596E-7 1.35660512E-5
1.94911003 1.24199986E-2 2.83132016E-4 3.5761921E-5 2.6229705E-4 2.40220557E-4 2.20764905E-5 0 0 0 0 0 0 0 0 0 2.73873968E-9 2.3034279E-4 2.0003236E-7 9.67499909E-6
1.97395492 1.24250054E-2 3.22855572E-4 3.65838605E-5 2.54628685E-4 2.32539096E-4 2.20895799E-5 0 0 0 0 0 0 0 0 0 2.15329599E-9 2.25171199E-4 1.52332106E-7 7.21340257E-6
1.99881005 1.24300122E-2 3.32629395E-4 3.61118291E-5 2.48287222E-4 2.26201024E-4 2.20861912E-5 0 0 0 0 0 0 0 0 0 1.72499881E-9 2.20227113E-4 1.21711651E-7 5.85048656E-6
2.02367496 1.24349594E-2 2.72874167E-4 3.53934083E-5 2.4276966E-4 2.20676899E-4 2.20927632E-5 0 0 0 0 0 0 0 0 0 1.40255796E-9 2.15468477E-4 1.01354111E-7 5.10566178E-6
2.0485549 1.24450922E-2 2.87231233E-4 3.55407574E-5 2.37768443E-4 2.15642649E-4 2.2125796E-5 0 0 0 0 0 0 0 0 0 1.15345478E-9 2.10874612E-4 8.70845156E-8 4.67980408E-6
2.07345009 1.24498606E-2 2.63670139E-4 3.61363818E-5 2.33164305E-4 2.10962273E-4 2.2202039E-5 0 0 0 0 0 0 0 0 0 9.58035429E-10 2.06437486E-4 7.67251933E-8 4.44710122E-6
2.09835005 1.2450099E-2 2.40642039E-4 3.60387166E-5 2.28922945E-4 2.06575744E-4 2.2347198E-5 0 0 0 0 0 0 0 0 0 8.0256285E-10 2.02158059E-4 6.88354049E-8 4.34805952E-6
2.12325501 1.24549866E-2 3.03778303E-4 3.68929068E-5 2.25018302E-4 2.02415831E-4 2.26024749E-5 0 0 0 0 0 0 0 0 0 6.75624501E-10 1.98036301E-4 6.20991401E-8 4.31675653E-6
2.148175 1.24650002E-2 1.8757768E-4 3.63343061E-5 2.21423863E-4 1.98394031E-4 2.30298374E-5 0 0 0 0 0 0 0 0 0 5.68491865E-10 1.94067354E-4 5.55127215E-8 4.27059103E-6
2.173105 1.24650002E-2 1.67775666E-4 3.70398629E-5 2.18136469E-4 1.94423716E-4 2.37127515E-5 0 0 0 0 0 0 0 0 0 4.76313433E-10 1.90232589E-4 4.87821836E-8 4.1418707E-6
2.198035 1.24650002E-2 2.2791943E-4 4.01048237E-5 2.15174063E-4 1.90438092E-4 2.47359658E-5 0 0 0 0 0 0 0 0 0 3.97221256E-10 1.86484307E-4 4.22268087E-8 3.91116873E-6
2.22297502 1.24750137E-2 2.79742817E-4 4.17047086E-5 2.12531522E-4 1.86392412E-4 2.61391069E-5 0 0 0 0 0 0 0 0 0 3.2998107E-10 1.82745076E-4 3.62404009E-8 3.61075558E-6
2.2479248 1.24748945E-2 1.48484396E-4 4.32427732E-5 2.10133483E-4 1.82273056E-4 2.78604221E-5 0 0 0 0 0 0 0 0 0 2.72626172E-10 1.78943548E-4 3.09058272E-8 3.2983246E-6
2.27287483 1.24751329E-2 2.33253624E-4 4.6173951E-5 2.07822901E-4 1.78116417E-4 2.97064835E-5 0 0 0 0 0 0 0 0 0 2.2308641E-10 1.7506491E-4 2.60841642E-8 3.02520994E-6
2.2978301 1.24800205E-2 1.88311533E-4 4.9004957E-5 2.05424731E-4 1.74019689E-4 3.14050521E-5 0 0 0 0 0 0 0 0 0 1.80331972E-10 1.71171123E-4 2.17056453E-8 2.82667793E-6
2.32279015 1.24799013E-2 1.64350859E-4 4.93824264E-5 2.02839248E-4 1.70121668E-4 3.2717584E-5 0 0 0 0 0 0 0 0 0 1.44368947E-10 1.67368242E-4 1.78667463E-8 2.73541195E-6
2.34775496 1.24850273E-2 2.21279086E-4 5.01830509E-5 2.00073293E-4 1.66545535E-4 3.35277509E-5 0 0 0 0 0 0 0 0 0 1.15202584E-10 1.63742763E-4 1.46862433E-8 2.78796665E-6
2.37272501 1.24850273E-2 2.92709214E-4 5.2513893E-5 1.97190573E-4 1.63341261E-4 3.38493046E-5 0 0 0 0 0 0 0 0 0 9.22143542E-11 1.60333962E-4 1.21699166E-8 2.99504222E-6
2.39769506 1.24849081E-2 1.48650113E-4 5.08442427E-5 1.94231805E-4 1.60444877E-4 3.37869169E-5 0 0 0 0 0 0 0 0 0 7.43288972E-11 1.57144299E-4 1.02109761E-8 3.29030036E-6
2.42266989 1.24900341E-2 1.24283906E-4 5.06571705E-5 1.91167986E-4 1.57678354E-4 3.34896285E-5 0 0 0 0 0 0 0 0 0 6.03988665E-11 1.54149559E-4 8.6612415E-9 3.52007896E-6
2.44764996 1.24900341E-2 2.38697277E-4 4.98784175E-5 1.87937156E-4 1.54834779E-4 3.31023803E-5 0 0 0 0 0 0 0 0 0 4.9434231E-11 1.51309825E-4 7.39228856E-9 3.51750919E-6
2.47263002 1.24900341E-2 2.34496882E-4 4.88706537E-5 1.84530276E-4 1.51806642E-4 3.27236339E-5 0 0 0 0 0 0 0 0 0 4.06734715E-11 1.48583815E-4 6.32079633E-9 3.21645848E-6
2.4976151 1.24950409E-2 2.25952317E-4 4.76123096E-5 1.81045572E-4 1.48645326E-4 3.24002394E-5 0 0 0 0 0 0 0 0 0 3.35668195E-11 1.45940154E-4 5.40290124E-9 2.69973407E-6
2.52260017 1.24899149E-2 2.66934978E-4 4.86712561E-5 1.7764089E-4 1.45502316E-4 3.21385669E-5 0 0 0 0 0 0 0 0 0 2.77399406E-11 1.43363126E-4 4.61798155E-9 2.13454723E-6
2.54758501 1.24950409E-2 1.29895256E-4 4.56065682E-5 1.74433822E-4 1.42510326E-4 3.19235078E-5 0 0 0 0 0 0 0 0 0 2.29320157E-11 1.4084643E-4 3.95098798E-9 1.6599131E-6
2.57257509 1.24950409E-2 2.31083133E-4 4.74183289E-5 1.71456268E-4 1.3972052E-4 3.17357371E-5 0 0 0 0 0 0 0 0 0 1.89548949E-11 1.38390329E-4 3.38594841E-9 1.32679008E-6
2.59756517 1.24949217E-2 1.32856614E-4 4.59622461E-5 1.68682775E-4 1.37117197E-4 3.1565578E-5 0 0 0 0 0 0 0 0 0 1.56673546E-11 1.35998678E-4 2.90681812E-9 1.11559939E-6
2.62255502 1.24950409E-2 1.18800825E-4 4.63881261E-5 1.66080674E-4 1.34660731E-4 3.14199351E-5 0 0 0 0 0 0 0 0 0 1.29557823E-11 1.3367481E-4 2.49952037E-9 9.83412747E-7
2.64755011 1.25000477E-2 2.13957697E-4 4.59238727E-5 1.63637451E-4 1.32314628E-4 3.13228265E-5 0 0 0 0 0 0 0 0 0 1.07224646E-11 1.31417124E-4 2.15227525E-9 8.95341486E-7
2.67254496 1.24949217E-2 1.15113973E-4 4.51886081E-5 1.61353033E-4 1.30051645E-4 3.13013807E-5 0 0 0 0 0 0 0 0 0 8.88181542E-12 1.29218199E-4 1.85520288E-9 8.31595798E-7
2.69753504 1.24950409E-2 1.76177418E-4 4.6241159E-5 1.59215793E-4 1.27850493E-4 3.13652999E-5 0 0 0 0 0 0 0 0 0 7.35947067E-12 1.27065854E-4 1.59983293E-9 7.83033215E-7
2.72252989 1.24999285E-2 2.38140448E-4 4.61893214E-5 1.57191098E-4 1.25694278E-4 3.14968311E-5 0 0 0 0 0 0 0 0 0 6.09351068E-12 1.24947284E-4 1.37905387E-9 7.45602506E-7
2.74752498 1.24950409E-2 7.16984287E-5 4.67205791E-5 1.55225658E-4 1.2357517E-4 3.16504957E-5 0 0 0 0 0 0 0 0 0 5.03682512E-12 1.22857266E-4 1.18752352E-9 7.16704733E-7
2.77252007 1.25000477E-2 1.58514609E-4 4.64545701E-5 1.53260436E-4 1.21494028E-4 3.1766398E-5 0 0 0 0 0 0 0 0 0 4.15476291E-12 1.20799938E-4 1.021356E-9 6.93064521E-7
2.79752016 1.24999285E-2 2.44335853E-4 4.73412947E-5 1.51256943E-4 1.19457705E-4 3.1799249E-5 0 0 0 0 0 0 0 0 0 3.42165055E-12 1.18786622E-4 8.77644402E-10 6.70201644E-7
2.82252002 1.25000477E-2 1.97181871E-4 4.59811417E-5 1.4921109E-4 1.17473821E-4 3.17372724E-5 0 0 0 0 0 0 0 0 0 2.81654452E-12 1.16829513E-4 7.53881957E-10 6.43550379E-7
2.84751511 1.24949217E-2 2.41853122E-4 4.65230987E-5 1.47141502E-4 1.15545452E-4 3.15960569E-5 0 0 0 0 0 0 0 0 0 2.31991813E-12 1.14934162E-4 6.47608911E-10 6.10642644E-7
2.87250996 1.25000477E-2 1.65189704E-4 4.46154882E-5 1.45076789E-4 1.13670867E-4 3.14059253E-5 0 0 0 0 0 0 0 0 0 1.91297564E-12 1.130979E-4 5.56445279E-10 5.72410158E-7
2.89751005 1.25000477E-2 1.04738196E-4 4.54055844E-5 1.43040335E-4 1.11847869E-4 3.11924705E-5 0 0 0 0 0 0 0 0 0 1.57914935E-12 1.11315057E-4 4.78329265E-10 5.32330432E-7
2.92251015 1.24999285E-2 1.298141E-4 4.68738181E-5 1.41050652E-4 1.1007562E-4 3.09750358E-5 0 0 0 0 0 0 0 0 0 1.30481303E-12 1.09580928E-4 4.11495532E-10 4.94277856E-7
2.94751 1.25000477E-2 9.42500628E-5 4.53817265E-5 1.39121126E-4 1.08352971E-4 3.07681439E-5 0 0 0 0 0 0 0 0 0 1.07896472E-12 1.07891778E-4 3.54315882E-10 4.60840539E-7
2.97250986 1.24999285E-2 7.62411655E-5 4.55502777E-5 1.3725883E-4 1.06678141E-4 3.05806825E-5 0 0 0 0 0 0 0 0 0 8.92777334E-13 1.06244734E-4 3.05295955E-10 4.3310115E-7
2.99750996 1.25000477E-2 1.01898462E-4 4.52185595E-5 1.35413153E-4 1.05048843E-4 3.03643083E-5 0 0 0 0 0 0 0 0 0 7.39092923E-13 1.04637271E-4 2.63137706E-10 4.11305848E-7
3.02250504 1.24950409E-2 1.30120563E-4 4.51056185E-5 1.33124093E-4 1.03462793E-4 2.96613034E-5 0 0 0 0 0 0 0 0 0 6.12111436E-13 1.03067301E-4 2.26794444E-10 3.95263299E-7
3.04750013 1.24999285E-2 8.1487924E-5 4.2365049E-5 1.30806744E-4 1.01916179E-4 2.88905649E-5 0 0 0 0 0 0 0 0 0 5.07073658E-13 1.01532132E-4 1.95428437E-10 3.8385528E-7
3.07249999 1.25000477E-2 1.93647618E-4 4.44120051E-5 1.28582906E-4 1.00403449E-4 2.81794601E-5 0 0 0 0 0 0 0 0 0 4.20088823E-13 1.00029029E-4 1.68359521E-10 3.74254512E-7
3.09749985 1.24999285E-2 8.97366845E-5 4.39369542E-5 1.26438346E-4 9.89183245E-5 2.75200273E-5 0 0 0 0 0 0 0 0 0 3.48012282E-13 9.85560619E-5 1.45021814E-10 3.62117078E-7
3.12249994 1.25000477E-2 7.4560834E-5 4.33604655E-5 1.24358645E-4 9.74548893E-5 2.69037537E-5 0 0 0 0 0 0 0 0 0 2.88238021E-13 9.7111355E-5 1.24910263E-10 3.43405475E-7
3.14750004 1.25000477E-2 1.11907058E-4 4.29255633E-5 1.22329555E-4 9.60106627E-5 2.63188849E-5 0 0 0 0 0 0 0 0 0 2.38645285E-13 9.56937365E-5 1.07581562E-10 3.16817477E-7
3.17250013 1.24999285E-2 5.3472937E-5 4.30585314E-5 1.2034156E-4 9.45873471E-5 2.57542197E-5 0 0 0 0 0 0 0 0 0 1.97495991E-13 9.43025079E-5 9.264748E-11 2.84742271E-7
3.19749999 1.25000477E-2 1.73195862E-4 4.47267739E-5 1.18390031E-4 9.31897739E-5 2.52002537E-5 0 0 0 0 0 0 0 0 0 1.63360739E-13 9.29378875E-5 7.97741179E-11 2.51803243E-7
3.22249985 1.24999285E-2 1.12237962E-4 4.27523519E-5 1.16470896E-4 9.18230871E-5 2.46478066E-5 0 0 0 0 0 0 0 0 0 1.35068741E-13 9.16008066E-5 6.86804225E-11 2.22210545E-7
3.24749994 1.25000477E-2 1.52685112E-4 4.31003282E-5 1.14584676E-4 9.04906337E-5 2.40940462E-5 0 0 0 0 0 0 0 0 0 1.11648307E-13 9.02925603E-5 5.91281676E-11 1.98012998E-7
3.27250004 1.25000477E-2 1.45815764E-4 4.2574582E-5 1.12733447E-4 8.91936143E-5 2.35398365E-5 0 0 0 0 0 0 0 0 0 9.22918358E-14 8.90144584E-5 5.09137003E-11 1.79105086E-7
3.29750013 1.24999285E-2 1.87143465E-4 4.28305211E-5 1.1092209E-4 8.79311265E-5 2.29909656E-5 0 0 0 0 0 0 0 0 0 7.63144702E-14 8.77668135E-5 4.38566648E-11 1.64270688E-7
3.32249999 1.25000477E-2 8.71714437E-5 4.23257516E-5 1.09156594E-4 8.67009439E-5 2.24556516E-5 0 0 0 0 0 0 0 0 0 6.31325707E-14 8.65487236E-5 3.77954161E-11 1.5218572E-7
3.34749985 1.24999285E-2 1.7756944E-4 4.29410284E-5 1.07439701E-4 8.55002872E-5 2.19394151E-5 0 0 0 0 0 0 0 0 0 5.22532287E-14 8.5358377E-5 3.2586607E-11 1.41875262E-7
3.37249994 1.25000477E-2 5.65602604E-5 4.17194678E-5 1.05772757E-4 8.43262678E-5 2.1446489E-5 0 0 0 0 0 0 0 0 0 4.32633733E-14 8.41935034E-5 2.81045274E-11 1.32740553E-7
3.39750004 1.25000477E-2 1.85645549E-4 4.26494516E-5 1.04151804E-4 8.317623E-5 2.09755708E-5 0 0 0 0 0 0 0 0 0 3.58253297E-14 8.30517602E-5 2.42424674E-11 1.24445265E-7
3.42250013 1.24999285E-2 1.21676676E-4 4.32882043E-5 1.02570943E-4 8.20482383E-5 2.05227061E-5 0 0 0 0 0 0 0 0 0 2.96631684E-14 8.19314155E-5 2.09102943E-11 1.16801587E-7
3.44749999 1.25000477E-2 1.01908481E-4 4.31870503E-5 1.01023455E-4 8.09411576E-5 2.00822997E-5 0 0 0 0 0 0 0 0 0 2.45538622E-14 8.08314362E-5 1.80330108E-11 1.09701496E-7
3.47249985 1.24999285E-2 -1.42119288E-5 4.27562118E-5 9.95024457E-5 7.98549445E-5 1.96475012E-5 0 0 0 0 0 0 0 0 0 2.03181622E-14 7.97518369E-5 1.55488296E-11 1.03091288E-7
3.49749994 1.25000477E-2 2.13397943E-5 4.22922203E-5 9.8005301E-5 7.87901008E-5 1.92151947E-5 0 0 0 0 0 0 0 0 0 1.68084642E-14 7.86931341E-5 1.34052743E-11 9.69574216E-8
3.52250004 1.25000477E-2 -2.09827867E-5 4.3719665E-5 9.6531614E-5 7.77474706E-5 1.8784147E-5 0 0 0 0 0 0 0 0 0 1.39042762E-14 7.76561428E-5 1.15579898E-11 9.13105964E-8
3.54750013 1.24999285E-2 1.02041588E-4 4.26317602E-5 9.50841495E-5 7.6727425E-5 1.83567208E-5 0 0 0 0 0 0 0 0 0 1.15036756E-14 7.66412777E-5 9.96761527E-12 8.61404672E-8
3.57249999 1.25000477E-2 1.0465255E-4 4.22787598E-5 9.36666111E-5 7.57294183E-5 1.79371946E-5 0 0 0 0 0 0 0 0 0 9.52034285E-15 7.56480367E-5 8.59898264E-12 8.13726473E-8
3.59749985 1.24999285E-2 7.84482181E-5 4.17124284E-5 9.2280985E-5 7.47525628E-5 1.75284222E-5 0 0 0 0 0 0 0 0 0 7.8818779E-15 7.4675685E-5 7.4211106E-12 7.68649571E-8
3.62249994 1.25000477E-2 9.74026989E-5 4.35895818E-5 9.09289956E-5 7.37955052E-5 1.71334887E-5 0 0 0 0 0 0 0 0 0 6.52722784E-15 7.37230366E-5 6.40659661E-12 7.24633722E-8
3.64750004 1.25000477E-2 6.28651687E-5 4.2162701E-5 8.96103302E-5 7.28573577E-5 1.67529706E-5 0 0 0 0 0 0 0 0 0 5.40666763E-15 7.2789262E-5 5.53227429E-12 6.80901451E-8
3.67250013 1.24999285E-2 1.27742431E-4 4.20266188E-5 8.83243847E-5 7.19373347E-5 1.63870573E-5 0 0 0 0 0 0 0 0 0 4.47922076E-15 7.18735391E-5 4.77831793E-12 6.37882636E-8
3.69749999 1.25000477E-2 6.31997827E-5 4.23442507E-5 8.70712101E-5 7.10349923E-5 1.60362142E-5 0 0 0 0 0 0 0 0 0 3.71130535E-15 7.09753003E-5 4.12786602E-12 5.96899028E-8
3.72249985 1.24999285E-2 1.42161676E-4 4.19581447E-5 8.5849606E-5 7.0150003E-5 1.56996084E-5 0 0 0 0 0 0 0 0 0 3.07542607E-15 7.00940654E-5 3.56657954E-12 5.59328406E-8
3.74749994 1.25000477E-2 1.41109835E-4 4.13986709E-5 8.46590992E-5 6.9281683E-5 1.53774181E-5 0 0 0 0 0 0 0 0 0 2.5485953E-15 6.92290923E-5 3.0819583E-12 5.25851149E-8
3.77250004 1.25000477E-2 1.06684129E-4 4.24120553E-5 8.34976236E-5 6.84294209E-5 1.50682044E-5 0 0 0 0 0 0 0 0 0 2.11204298E-15 6.83797989E-5 2.66340942E-12 4.96206383E-8
3.79750013 1.24999285E-2 5.53863247E-5 4.12711161E-5 8.23629307E-5 6.75924675E-5 1.47704668E-5 0 0 0 0 0 0 0 0 0 1.75017378E-15 6.75455231E-5 2.30179244E-12 4.69385881E-8
3.82249999 1.25000477E-2 8.85310801E-5 3.99218152E-5 8.12530416E-5 6.67702625E-5 1.44827818E-5 0 0 0 0 0 0 0 0 0 1.45013925E-15 6.67258573E-5 1.98929089E-12 4.44051658E-8
3.84749985 1.24999285E-2 9.28890222E-5 4.04964849E-5 8.01650385E-5 6.59624129E-5 1.42026283E-5 0 0 0 0 0 0 0 0 0 1.20140295E-15 6.5920518E-5 1.71925419E-12 4.18965982E-8
3.87249994 1.25000477E-2 7.77454406E-5 4.11755063E-5 7.9097852E-5 6.51687369E-5 1.39291114E-5 0 0 0 0 0 0 0 0 0 9.95209926E-16 6.51294031E-5 1.48593182E-12 3.93355499E-8
3.89750004 1.25000477E-2 5.15335778E-5 4.02093137E-5 7.80500413E-5 6.43891399E-5 1.36608969E-5 0 0 0 0 0 0 0 0 0 8.24349881E-16 6.43524254E-5 1.28438915E-12 3.67143009E-8
3.92250013 1.24999285E-2 1.61541131E-4 4.22912963E-5 7.70212719E-5 6.36236E-5 1.33976728E-5 0 0 0 0 0 0 0 0 0 6.82819464E-16 6.35895049E-5 1.11033968E-12 3.40923663E-8
3.94749999 1.25000477E-2 6.78168508E-5 4.01901852E-5 7.60118346E-5 6.28719208E-5 1.31399156E-5 0 0 0 0 0 0 0 0 0 5.65606833E-16 6.28403504E-5 9.60040966E-13 3.15648414E-8
3.97249985 1.24999285E-2 9.1665177E-5 4.02756632E-5 7.50213658E-5 6.21339641E-5 1.28874008E-5 0 0 0 0 0 0 0 0 0 4.6856195E-16 6.21047438E-5 8.30263592E-13 2.92180324E-8
3.99749994 1.25001669E-2 1.59962554E-4 4.0128165E-5 7.40506948E-5 6.1409417E-5 1.26412779E-5 0 0 0 0 0 0 0 0 0 3.88197503E-16 6.1382314E-5 7.1817514E-13 2.70970251E-8
4.02250004 1.24998093E-2 5.96813079E-5 3.86740903E-5 7.30993779E-5 6.06980648E-5 1.24013104E-5 0 0 0 0 0 0 0 0 0 3.21659359E-16 6.06728645E-5 6.21367053E-13 2.52020698E-8
4.04749966 1.25000477E-2 5.00248934E-5 3.9682589E-5 7.21690085E-5 5.99995037E-5 1.21695039E-5 0 0 0 0 0 0 0 0 0 2.66561295E-16 5.99759987E-5 5.37736305E-13 2.35045192E-8
4.07250023 1.25000477E-2 3.86011961E-5 3.97807016E-5 7.12587716E-5 5.93132463E-5 1.19455253E-5 0 0 0 0 0 0 0 0 0 2.20922392E-16 5.92912766E-5 4.65459648E-13 2.19678622E-8
4.09749985 1.25000477E-2 7.21439574E-5 4.1808853E-5 7.03680198E-5 5.8638725E-5 1.1729293E-5 0 0 0 0 0 0 0 0 0 1.83106619E-16 5.86181632E-5 4.02965882E-13 2.0560984E-8
4.12250042 1.25000477E-2 7.94786683E-5 4.00426834E-5 6.94952178E-5 5.7975496E-5 1.15197217E-5 0 0 0 0 0 0 0 0 0 1.51754423E-16 5.79562329E-5 3.48896747E-13 1.92615595E-8
4.14750004 1.24998093E-2 4.35574366E-5 4.10747634E-5 6.86384374E-5 5.7323341E-5 1.13150918E-5 0 0 0 0 0 0 0 0 0 1.25757658E-16 5.73052857E-5 3.0210727E-13 1.80547435E-8
4.17249966 1.25000477E-2 9.11841635E-5 4.05914034E-5 6.77971839E-5 5.66822855E-5 1.11148984E-5 0 0 0 0 0 0 0 0 0 1.04205176E-16 5.66653544E-5 2.61622646E-13 1.69302528E-8
4.19750023 1.25000477E-2 1.76034355E-5 4.14250098E-5 6.69704023E-5 5.60523295E-5 1.09180755E-5 0 0 0 0 0 0 0 0 0 8.63425549E-17 5.6036446E-5 2.26603336E-13 1.58803637E-8
4.22249985 1.25000477E-2 3.29487411E-5 4.04874518E-5 6.61584854E-5 5.5433411E-5 1.07250771E-5 0 0 0 0 0 0 0 0 0 7.15434467E-17 5.54185099E-5 1.96320784E-13 1.48988599E-8
4.24750042 1.25000477E-2 4.30441032E-5 4.00700374E-5 6.53616444E-5 5.48251919E-5 1.05364552E-5 0 0 0 0 0 0 0 0 0 5.92805736E-17 5.48112112E-5 1.70130701E-13 1.39802587E-8
4.27250004 1.24998093E-2 1.08761553E-4 3.85965068E-5 6.45797481E-5 5.42272974E-5 1.03524517E-5 0 0 0 0 0 0 0 0 0 4.91162874E-17 5.42141788E-5 1.47472461E-13 1.31198181E-8
4.30000019 1.50001049E-2 -2.97212482E-5 3.49060538E-5 6.37375997E-5 5.35811887E-5 1.01564074E-5 0 0 0 0 0 0 0 0 0 3.99542563E-17 5.35689542E-5 1.26095952E-13 1.22363168E-8
4.32750034 1.25000477E-2 6.37238554E-6 3.93357404E-5 6.29124115E-5 5.29463432E-5 9.96607014E-6 0 0 0 0 0 0 0 0 0 3.24517844E-17 5.29349309E-5 1.07762161E-13 1.14115473E-8
4.35249996 1.24998093E-2 4.70866617E-5 4.00152203E-5 6.2177729E-5 5.23792478E-5 9.79847937E-6 0 0 0 0 0 0 0 0 0 2.68731261E-17 5.23685339E-5 9.34692997E-14 1.07121636E-8
4.37749958 1.25000477E-2 3.37206657E-5 4.01033067E-5 6.14579549E-5 5.18213419E-5 9.63661296E-6 0 0 0 0 0 0 0 0 0 2.22535805E-17 5.18112865E-5 8.10885037E-14 1.00578443E-8
4.40250015 1.25000477E-2 3.23831046E-5 4.12607696E-5 6.0752307E-5 5.12724037E-5 9.47990611E-6 0 0 0 0 0 0 0 0 0 1.84303285E-17 5.12629558E-5 7.03612787E-14 9.44645695E-9
4.42749977 1.25000477E-2 -3.33439639E-5 4.12402806E-5 6.00603053E-5 5.07321092E-5 9.32819603E-6 0 0 0 0 0 0 0 0 0 1.52665198E-17 5.07232362E-5 6.10631947E-14 8.87518059E-9
4.45250034 1.25000477E-2 7.45491634E-5 4.14555107E-5 5.9381091E-5 5.02002476E-5 9.18084243E-6 0 0 0 0 0 0 0 0 0 1.26482649E-17 5.01919058E-5 5.30017179E-14 8.34028135E-9
4.47749996 1.24998093E-2 7.94749867E-5 4.03684026E-5 5.87135364E-5 4.96766224E-5 9.03691489E-6 0 0 0 0 0 0 0 0 0 1.04807233E-17 4.96687826E-5 4.60108128E-14 7.83735921E-9
4.50249958 1.25000477E-2 8.84848414E-5 4.10117209E-5 5.80574961E-5 4.91611536E-5 8.89634157E-6 0 0 0 0 0 0 0 0 0 8.68597215E-18 4.9153794E-5 3.99484556E-14 7.36229211E-9
4.52750015 1.25000477E-2 4.91667706E-5 4.05724677E-5 5.74120313E-5 4.86537319E-5 8.75830028E-6 0 0 0 0 0 0 0 0 0 7.19941113E-18 4.86468198E-5 3.46910441E-14 6.91212509E-9
4.55249977 1.25000477E-2 4.04744169E-5 4.15600116E-5 5.67771713E-5 4.81542556E-5 8.62291745E-6 0 0 0 0 0 0 0 0 0 5.96795799E-18 4.81477691E-5 3.01317944E-14 6.48561249E-9
4.57750034 1.25000477E-2 7.30405663E-5 4.1117306E-5 5.61528286E-5 4.76625355E-5 8.49029402E-6 0 0 0 0 0 0 0 0 0 4.94749463E-18 4.76564528E-5 2.61771382E-14 6.08280981E-9
4.60249996 1.24998093E-2 1.020497E-4 4.06137333E-5 5.55386832E-5 4.71784042E-5 8.36027994E-6 0 0 0 0 0 0 0 0 0 4.10170535E-18 4.71726999E-5 2.27461821E-14 5.70426728E-9
4.62749958 1.25000477E-2 8.26155956E-5 4.01133475E-5 5.49349388E-5 4.67016871E-5 8.23325081E-6 0 0 0 0 0 0 0 0 0 3.40063793E-18 4.66963356E-5 1.97690629E-14 5.35014877E-9
4.65250015 1.25000477E-2 8.96635393E-5 4.13506023E-5 5.43408969E-5 4.62322787E-5 8.1086182E-6 0 0 0 0 0 0 0 0 0 2.81945091E-18 4.62272583E-5 1.71851855E-14 5.01978281E-9
4.67749977 1.25000477E-2 2.39190031E-5 3.88199078E-5 5.37565611E-5 4.57700808E-5 7.98647761E-6 0 0 0 0 0 0 0 0 0 2.33767486E-18 4.57653696E-5 1.4942432E-14 4.71170702E-9
4.70250034 1.25000477E-2 2.29158868E-5 3.9454575E-5 5.3181855E-5 4.5315006E-5 7.86684996E-6 0 0 0 0 0 0 0 0 0 1.93835301E-18 4.53105822E-5 1.2995636E-14 4.42395631E-9
4.72749996 1.24998093E-2 4.48040009E-5 3.96483665E-5 5.26165313E-5 4.48668907E-5 7.74963792E-6 0 0 0 0 0 0 0 0 0 1.60731957E-18 4.48627361E-5 1.13052293E-14 4.15441059E-9
4.75249958 1.25000477E-2 2.37915883E-5 3.97694239E-5 5.20606991E-5 4.44255129E-5 7.63518619E-6 0 0 0 0 0 0 0 0 0 1.33289857E-18 4.44216093E-5 9.83710438E-15 3.90115984E-9
4.77750015 1.25000477E-2 5.5468332E-5 3.9900031E-5 5.15137181E-5 4.39907708E-5 7.52294773E-6 0 0 0 0 0 0 0 0 0 1.10536693E-18 4.39871073E-5 8.56161506E-15 3.66270969E-9
4.80249977 1.25000477E-2 -1.31550007E-6 3.82456092E-5 5.09755264E-5 4.35625261E-5 7.41299846E-6 0 0 0 0 0 0 0 0 0 9.16696134E-19 4.35590882E-5 7.45322756E-15 3.43802053E-9
4.82750034 1.25000477E-2 8.52703015E-5 4.00640856E-5 5.04461132E-5 4.31407316E-5 7.3053784E-6 0 0 0 0 0 0 0 0 0 7.60277779E-19 4.31375083E-5 6.49002404E-15 3.22643068E-9
4.85249996 1.24998093E-2 8.36724357E-5 3.95109018E-5 4.99253765E-5 4.27252671E-5 7.20010848E-6 0 0 0 0 0 0 0 0 0 6.30602949E-19 4.27222403E-5 5.65286496E-15 3.02745051E-9
4.87749958 1.25000477E-2 6.84752886E-5 4.08966735E-5 4.94137566E-5 4.23159836E-5 7.09777396E-6 0 0 0 0 0 0 0 0 0 5.23085083E-19 4.23131423E-5 4.92503961E-15 2.84062374E-9
4.90250015 1.25000477E-2 8.85429181E-5 3.95910392E-5 4.89108024E-5 4.19127282E-5 6.99807379E-6 0 0 0 0 0 0 0 0 0 4.33932073E-19 4.19100616E-5 4.29209424E-15 2.66545142E-9
4.92749977 1.25000477E-2 9.75805378E-5 4.03349732E-5 4.84166703E-5 4.15153991E-5 6.90127035E-6 0 0 0 0 0 0 0 0 0 3.59998929E-19 4.15128998E-5 3.74150589E-15 2.501364E-9
4.95250034 1.25000477E-2 1.06002575E-4 3.97773038E-5 4.79313785E-5 4.11238834E-5 6.8074969E-6 0 0 0 0 0 0 0 0 0 2.98691068E-19 4.11215369E-5 3.2624825E-15 2.34773334E-9
4.97749996 1.24998093E-2 1.02281825E-4 3.90932692E-5 4.74548615E-5 4.07380576E-5 6.716803E-6 0 0 0 0 0 0 0 0 0 2.47847868E-19 4.07358566E-5 2.84560592E-15 2.20388885E-9
5.00249958 1.25000477E-2 8.61624794E-5 3.98406883E-5 4.69874176E-5 4.03577251E-5 6.62969296E-6 0 0 0 0 0 0 0 0 0 2.05673587E-19 4.03556551E-5 2.48266013E-15 2.06915818E-9
5.02750015 1.25000477E-2 6.12030053E-5 3.98115189E-5 4.65284684E-5 3.9982715E-5 6.54575115E-6 0 0 0 0 0 0 0 0 0 1.70687026E-19 3.99807723E-5 2.16655527E-15 1.94291072E-9
5.05249977 1.25000477E-2 6.16363905E-5 3.94019626E-5 4.60778283E-5 3.96128526E-5 6.46497392E-6 0 0 0 0 0 0 0 0 0 1.41650996E-19 3.96110299E-5 1.89109592E-15 1.8245454E-9
5.07750034 1.25000477E-2 6.24738605E-5 3.96941759E-5 4.56351554E-5 3.92480324E-5 6.38712254E-6 0 0 0 0 0 0 0 0 0 1.17551076E-19 3.92463189E-5 1.65098347E-15 1.71351189E-9
5.10249996 1.24998093E-2 4.11191468E-5 3.96051109E-5 4.51999549E-5 3.88881417E-5 6.31181183E-6 0 0 0 0 0 0 0 0 0 9.7547374E-20 3.88865337E-5 1.44163239E-15 1.60929681E-9
5.13249969 1.75001621E-2 -4.57195119E-6 3.27649796E-5 4.46876438E-5 3.84628001E-5 6.22484413E-6 0 0 0 0 0 0 0 0 0 7.80855267E-20 3.84613086E-5 1.22634055E-15 1.49281387E-9
5.16250038 1.25000477E-2 6.6845736E-5 3.92334041E-5 4.41837947E-5 3.80437268E-5 6.14006785E-6 0 0 0 0 0 0 0 0 0 6.23258103E-20 3.80423407E-5 1.04189171E-15 1.38428435E-9
5.1875 1.24998093E-2 1.75077494E-5 3.78448858E-5 4.37701237E-5 3.76995558E-5 6.07056791E-6 0 0 0 0 0 0 0 0 0 5.17031795E-20 3.76982534E-5 9.10236111E-16 1.30002009E-9
5.21249962 1.25000477E-2 7.09735832E-5 3.94096023E-5 4.33614659E-5 3.73597977E-5 6.00166686E-6 0 0 0 0 0 0 0 0 0 4.28854083E-20 3.7358579E-5 7.95306922E-16 1.2208573E-9
5.23750019 1.25000477E-2 4.77733338E-5 3.98714219E-5 4.29569773E-5 3.70244525E-5 5.9325248E-6 0 0 0 0 0 0 0 0 0 3.55646046E-20 3.70233029E-5 6.94954534E-16 1.14649423E-9
5.26249981 1.25000477E-2 6.15285317E-5 4.00953577E-5 4.25566359E-5 3.6693622E-5 5.86301576E-6 0 0 0 0 0 0 0 0 0 2.94906012E-20 3.66925451E-5 6.0735841E-16 1.07666664E-9
5.28750038 1.25000477E-2 4.94469241E-5 4.02351943E-5 4.21605801E-5 3.63673753E-5 5.79320613E-6 0 0 0 0 0 0 0 0 0 2.44531585E-20 3.63663639E-5 5.30910405E-16 1.01111963E-9
5.3125 1.24998093E-2 4.44030011E-5 4.10927314E-5 4.17690571E-5 3.60457561E-5 5.72330009E-6 0 0 0 0 0 0 0 0 0 2.02770516E-20 3.60448066E-5 4.64198513E-16 9.49616497E-10
5.33749962 1.25000477E-2 9.01531021E-5 4.20592187E-5 4.13827875E-5 3.57287354E-5 5.65405162E-6 0 0 0 0 0 0 0 0 0 1.6816346E-20 3.57278441E-5 4.05982203E-16 8.91930307E-10
5.36250019 1.25000477E-2 2.47272073E-5 4.29639767E-5 4.10018547E-5 3.54162439E-5 5.58561305E-6 0 0 0 0 0 0 0 0 0 1.39487063E-20 3.54154035E-5 3.55166473E-16 8.37833192E-10
5.38749981 1.25000477E-2 4.29859429E-5 4.30118344E-5 4.06266954E-5 3.51081508E-5 5.51854464E-6 0 0 0 0 0 0 0 0 0 1.15720556E-20 3.5107365E-5 3.10791556E-16 7.87092169E-10
5.41250038 1.25000477E-2 9.81357662E-5 4.40942131E-5 4.02575715E-5 3.48043504E-5 5.453222E-6 0 0 0 0 0 0 0 0 0 9.60210077E-21 3.48036119E-5 2.72028681E-16 7.39478756E-10
5.4375 1.24998093E-2 1.09582536E-4 4.46513368E-5 3.98945958E-5 3.45047229E-5 5.38987342E-6 0 0 0 0 0 0 0 0 0 7.96878014E-21 3.4504028E-5 2.38158374E-16 6.94775515E-10
5.46249962 1.25000477E-2 5.93656514E-5 4.55978443E-5 3.95382449E-5 3.42091662E-5 5.3290787E-6 0 0 0 0 0 0 0 0 0 6.61440033E-21 3.42085114E-5 2.08561521E-16 6.52788767E-10
5.48750019 1.25000477E-2 6.78463693E-5 4.36790942E-5 3.91883113E-5 3.3917564E-5 5.27074735E-6 0 0 0 0 0 0 0 0 0 5.49097718E-21 3.39169528E-5 1.82696722E-16 6.13344986E-10
5.51249981 1.25000477E-2 7.4139738E-5 4.44108191E-5 3.88449334E-5 3.36298071E-5 5.21512811E-6 0 0 0 0 0 0 0 0 0 4.55883591E-21 3.36292287E-5 1.60091067E-16 5.76288683E-10
5.53750038 1.25000477E-2 6.17134865E-5 4.25072976E-5 3.85079547E-5 3.33457428E-5 5.16221189E-6 0 0 0 0 0 0 0 0 0 3.78528228E-21 3.33452008E-5 1.40330754E-16 5.41474587E-10
5.5625 1.24998093E-2 4.7040463E-5 4.09944369E-5 3.81769933E-5 3.30652365E-5 5.11175904E-6 0 0 0 0 0 0 0 0 0 3.14312901E-21 3.30647272E-5 1.23050528E-16 5.08762921E-10
5.58749962 1.25000477E-2 7.45797734E-5 4.07513762E-5 3.78519071E-5 3.27881316E-5 5.06377637E-6 0 0 0 0 0 0 0 0 0 2.60982188E-21 3.27876551E-5 1.07929223E-16 4.78019291E-10
5.61250019 1.25000477E-2 1.18651828E-4 4.17460215E-5 3.75319105E-5 3.25143264E-5 5.01758359E-6 0 0 0 0 0 0 0 0 0 2.16683738E-21 3.2513879E-5 9.46894492E-17 4.49122101E-10
5.64000034 1.50001049E-2 6.78004726E-5 3.72868453E-5 3.71854076E-5 3.22169362E-5 4.96847224E-6 0 0 0 0 0 0 0 0 0 1.76676893E-21 3.22165142E-5 8.20388269E-17 4.19367124E-10
5.67000008 1.49998665E-2 1.83167431E-5 3.63649051E-5 3.68130059E-5 3.18968559E-5 4.91614674E-6 0 0 0 0 0 0 0 0 0 1.41285448E-21 3.18964667E-5 7.01502827E-17 3.89113575E-10
5.69999981 1.50001049E-2 1.63345539E-5 3.69037334E-5 3.64463267E-5 3.15814068E-5 4.86491763E-6 0 0 0 0 0 0 0 0 0 1.12964781E-21 3.15810466E-5 5.99992281E-17 3.61044417E-10
5.72749996 1.24998093E-2 5.61156849E-5 4.08923515E-5 3.61147104E-5 3.12963093E-5 4.81840061E-6 0 0 0 0 0 0 0 0 0 9.19535449E-22 3.12959746E-5 5.1986217E-17 3.37080863E-10
5.75249958 1.25000477E-2 -4.23509919E-5 4.05640421E-5 3.58175457E-5 3.10406576E-5 4.77689036E-6 0 0 0 0 0 0 0 0 0 7.63090271E-22 3.10403411E-5 4.56587188E-17 3.16712212E-10
5.77999973 1.50001049E-2 2.47790049E-5 3.84543055E-5 3.549537E-5 3.07633309E-5 4.73203818E-6 0 0 0 0 0 0 0 0 0 6.22018717E-22 3.07630362E-5 3.96094146E-17 2.95765024E-10
5.80749989 1.25000477E-2 1.0525604E-5 4.0527666E-5 3.51781709E-5 3.04898113E-5 4.68836197E-6 0 0 0 0 0 0 0 0 0 5.06436534E-22 3.04895348E-5 3.43518811E-17 2.76182938E-10
5.83249998 1.24998093E-2 8.51433942E-5 4.32449342E-5 3.48944341E-5 3.02445223E-5 4.64991081E-6 0 0 0 0 0 0 0 0 0 4.20414117E-22 3.02442622E-5 3.019824E-17 2.59542499E-10
5.85750008 1.25000477E-2 5.66408889E-5 4.23240454E-5 3.46151901E-5 3.00022384E-5 4.61295349E-6 0 0 0 0 0 0 0 0 0 3.49038033E-22 3.00019947E-5 2.65536276E-17 2.43915277E-10
5.88500023 1.50001049E-2 1.51335453E-5 3.92691545E-5 3.4312794E-5 2.97391016E-5 4.57369197E-6 0 0 0 0 0 0 0 0 0 2.84631945E-22 2.97388742E-5 2.3063119E-17 2.2782988E-10
5.91250038 1.25000477E-2 5.53647033E-6 4.4574168E-5 3.40148545E-5 2.94792007E-5 4.5356519E-6 0 0 0 0 0 0 0 0 0 2.31812368E-22 2.94789879E-5 2.00232335E-17 2.1277112E-10
5.9375 1.24998093E-2 7.34923597E-5 4.51395135E-5 3.37476849E-5 2.92458044E-5 4.50188099E-6 0 0 0 0 0 0 0 0 0 1.92452463E-22 2.92456043E-5 1.76163547E-17 1.99952999E-10
5.96249962 1.25000477E-2 -8.3869556E-5 4.45766309E-5 3.34839315E-5 2.90150601E-5 4.46887179E-6 0 0 0 0 0 0 0 0 0 1.5976468E-22 2.90148728E-5 1.55007658E-17 1.87900528E-10
5.98750019 1.25000477E-2 -3.68833548E-6 4.51111482E-5 3.32231684E-5 2.87869625E-5 4.43620411E-6 0 0 0 0 0 0 0 0 0 1.32615306E-22 2.87867861E-5 1.36408204E-17 1.76569537E-10
6.01249981 1.25000477E-2 -1.62412398E-5 4.3621174E-5 3.29653813E-5 2.85615261E-5 4.40385475E-6 0 0 0 0 0 0 0 0 0 1.10071037E-22 2.85613605E-5 1.20056597E-17 1.65920236E-10
6.03999996 1.49998665E-2 3.15297912E-5 3.99261626E-5 3.26852933E-5 2.83167119E-5 4.36858363E-6 0 0 0 0 0 0 0 0 0 8.97245156E-23 2.83165555E-5 1.04375155E-17 1.54959726E-10
6.06750011 1.25000477E-2 2.16200842E-5 4.46636841E-5 3.24090324E-5 2.80751101E-5 4.33392051E-6 0 0 0 0 0 0 0 0 0 7.30463931E-23 2.80749664E-5 9.07094283E-18 1.44709564E-10
6.09249973 1.25000477E-2 -1.68820509E-6 4.49196086E-5 3.2161468E-5 2.78584248E-5 4.30304181E-6 0 0 0 0 0 0 0 0 0 6.06313632E-23 2.78582884E-5 7.98884832E-18 1.36000808E-10
6.11750031 1.25000477E-2 4.29550855E-5 4.53521134E-5 3.19176252E-5 2.76444989E-5 4.27312625E-6 0 0 0 0 0 0 0 0 0 5.03338948E-23 2.76443716E-5 7.03791818E-18 1.27831287E-10
6.14499998 1.49998665E-2 4.39325304E-5 4.01088291E-5 3.16540027E-5 2.74123395E-5 4.2416641E-6 0 0 0 0 0 0 0 0 0 4.10497972E-23 2.74122194E-5 6.12613064E-18 1.19442206E-10
6.17249966 1.25000477E-2 4.66983647E-6 4.37398776E-5 3.13952405E-5 2.71831595E-5 4.21208142E-6 0 0 0 0 0 0 0 0 0 3.34430165E-23 2.71830486E-5 5.33116333E-18 1.1161766E-10
6.19999981 1.50001049E-2 2.61688347E-5 3.93687442E-5 3.11413314E-5 2.69569427E-5 4.18439004E-6 0 0 0 0 0 0 0 0 0 2.72853513E-23 2.69568372E-5 4.64346853E-18 1.04363268E-10
6.23000002 1.49998665E-2 7.84485965E-5 4.00335812E-5 3.08690469E-5 2.67131181E-5 4.15592649E-6 0 0 0 0 0 0 0 0 0 2.18385445E-23 2.67130217E-5 3.99353618E-18 9.70456493E-11
6.26000023 1.50001049E-2 4.34118829E-6 3.95065617E-5 3.06011243E-5 2.64722312E-5 4.12889494E-6 0 0 0 0 0 0 0 0 0 1.74759338E-23 2.64721402E-5 3.43487246E-18 9.03426153E-11
6.28750038 1.25000477E-2 2.43450068E-5 4.423071E-5 3.03584238E-5 2.62539161E-5 4.10450821E-6 0 0 0 0 0 0 0 0 0 1.42341399E-23 2.62538306E-5 2.99089091E-18 8.47166434E-11
6.3125 1.24998093E-2 8.66594783E-5 4.5541201E-5 3.01398886E-5 2.60576653E-5 4.08222286E-6 0 0 0 0 0 0 0 0 0 1.18157677E-23 2.60575853E-5 2.63804772E-18 8.00247854E-11
6.33749962 1.25000477E-2 5.13356536E-5 4.55027366E-5 2.99234762E-5 2.58636192E-5 4.05985838E-6 0 0 0 0 0 0 0 0 0 9.80675195E-24 2.58635428E-5 2.32706048E-18 7.56915433E-11
6.36250019 1.25000477E-2 2.83530517E-5 4.62032913E-5 2.97091719E-5 2.56719031E-5 4.03726881E-6 0 0 0 0 0 0 0 0 0 8.13889411E-24 2.56718322E-5 2.05310343E-18 7.16589774E-11
6.38749981 1.25000477E-2 -6.16662373E-6 4.62870303E-5 2.94974743E-5 2.54826082E-5 4.01486614E-6 0 0 0 0 0 0 0 0 0 6.75523445E-24 2.54825409E-5 1.81187399E-18 6.78525153E-11
6.41250038 1.25000477E-2 -3.53712276E-5 4.55686131E-5 2.92889108E-5 2.52957725E-5 3.9931374E-6 0 0 0 0 0 0 0 0 0 5.60823306E-24 2.52957088E-5 1.5995237E-18 6.41940043E-11
6.4375 1.24998093E-2 -4.19507887E-6 4.68369362E-5 2.9083878E-5 2.51113233E-5 3.97255371E-6 0 0 0 0 0 0 0 0 0 4.65732434E-24 2.51112633E-5 1.41252422E-18 6.06183159E-11
6.46249962 1.25000477E-2 -3.48125504E-5 4.61391173E-5 2.88828942E-5 2.49291297E-5 3.95376355E-6 0 0 0 0 0 0 0 0 0 3.86900854E-24 2.49290733E-5 1.24777021E-18 5.7089642E-11
6.48750019 1.25000477E-2 3.66894201E-5 4.6530753E-5 2.86857776E-5 2.47490025E-5 3.9367751E-6 0 0 0 0 0 0 0 0 0 3.21490993E-24 2.47489479E-5 1.10246591E-18 5.36069106E-11
6.51500034 1.50001049E-2 6.51062146E-5 4.3220065E-5 2.84732832E-5 2.45530373E-5 3.92024594E-6 0 0 0 0 0 0 0 0 0 2.62439863E-24 2.45529882E-5 9.62491334E-19 4.98673255E-11
6.54250002 1.24998093E-2 4.66222482E-5 4.71056555E-5 2.82644451E-5 2.43590548E-5 3.90539117E-6 0 0 0 0 0 0 0 0 0 2.13954934E-24 2.43590075E-5 8.39822621E-19 4.62765798E-11
6.56999969 1.50001049E-2 2.08465985E-6 4.21934747E-5 2.80590484E-5 2.41670932E-5 3.89195611E-6 0 0 0 0 0 0 0 0 0 1.74608741E-24 2.41670496E-5 7.33153286E-19 4.29065672E-11
6.59749985 1.25000477E-2 7.44559293E-5 5.0110044E-5 2.78559964E-5 2.39770379E-5 3.87895943E-6 0 0 0 0 0 0 0 0 0 1.42269871E-24 2.39769979E-5 6.39614255E-19 3.97831421E-11
6.625 1.49998665E-2 3.074907E-6 4.4115146E-5 2.76552255E-5 2.37891727E-5 3.86605325E-6 0 0 0 0 0 0 0 0 0 1.16030168E-24 2.37891345E-5 5.58314292E-19 3.69352743E-11
6.65499973 1.50001049E-2 1.28186211E-5 4.58891918E-5 2.7438904E-5 2.35867865E-5 3.85211752E-6 0 0 0 0 0 0 0 0 0 9.28075133E-25 2.35867519E-5 4.81262159E-19 3.41159705E-11
6.68249989 1.25000477E-2 8.26781106E-5 5.11905637E-5 2.7243259E-5 2.34037143E-5 3.83954421E-6 0 0 0 0 0 0 0 0 0 7.55765972E-25 2.34036816E-5 4.19974021E-19 3.17689867E-11
6.70749998 1.24998093E-2 1.89503262E-5 4.99312373E-5 2.70680284E-5 2.32393777E-5 3.82865028E-6 0 0 0 0 0 0 0 0 0 6.27470762E-25 2.32393486E-5 3.71229715E-19 2.98119376E-11
6.73499966 1.50001049E-2 3.95546413E-5 4.69111219E-5 2.68785825E-5 2.30607566E-5 3.81782593E-6 0 0 0 0 0 0 0 0 0 5.11710305E-25 2.30607293E-5 3.24258083E-19 2.78252508E-11
6.76249981 1.25000477E-2 3.46916822E-5 5.54568578E-5 2.66920633E-5 2.28840836E-5 3.80797928E-6 0 0 0 0 0 0 0 0 0 4.16755808E-25 2.28840581E-5 2.83073019E-19 2.59820412E-11
6.78750038 1.25000477E-2 9.08329966E-5 5.13882005E-5 2.65249164E-5 2.27250839E-5 3.79983135E-6 0 0 0 0 0 0 0 0 0 3.45928745E-25 2.27250603E-5 2.50213424E-19 2.44208126E-11
6.81500006 1.49998665E-2 6.45530672E-5 4.75266243E-5 2.63430993E-5 2.25518615E-5 3.79123912E-6 0 0 0 0 0 0 0 0 0 2.81889313E-25 2.25518379E-5 2.1845018E-19 2.28157094E-11
6.84249973 1.25000477E-2 1.12497284E-4 5.31317601E-5 2.61629521E-5 2.2380289E-5 3.78266304E-6 0 0 0 0 0 0 0 0 0 2.29265856E-25 2.23802672E-5 1.90541649E-19 2.13132723E-11
6.86999989 1.50001049E-2 2.6712878E-5 4.89981539E-5 2.5984149E-5 2.22105828E-5 3.77356696E-6 0 0 0 0 0 0 0 0 0 1.86585375E-25 2.22105627E-5 1.6624464E-19 1.99124051E-11
6.89750004 1.24998093E-2 8.46330877E-5 5.58547144E-5 2.58064956E-5 2.20427191E-5 3.76377534E-6 0 0 0 0 0 0 0 0 0 1.51579278E-25 2.20427009E-5 1.44950555E-19 1.8601308E-11
6.92500019 1.50001049E-2 2.44199109E-5 5.1690382E-5 2.56305448E-5 2.18769001E-5 3.75364561E-6 0 0 0 0 0 0 0 0 0 1.23264373E-25 2.18768819E-5 1.26476122E-19 1.73804061E-11
6.95250034 1.25000477E-2 -4.29449346E-6 5.59331056E-5 2.54562383E-5 2.17129873E-5 3.74325077E-6 0 0 0 0 0 0 0 0 0 1.00101389E-25 2.17129727E-5 1.10334313E-19 1.62392773E-11
6.97749996 1.24998093E-2 5.77190294E-5 5.41561058E-5 2.52995505E-5 2.1565651E-5 3.73389821E-6 0 0 0 0 0 0 0 0 0 8.28939107E-26 2.15656364E-5 9.75235796E-20 1.52700543E-11
6.99249983 2.50005722E-3 3.68200381E-5 1.25053921E-4 2.52065311E-5 2.14778956E-5 3.72863474E-6 0 0 0 0 0 0 0 0 0 7.39173577E-26 2.14778811E-5 9.05253085E-20 1.47151284E-11
