READ SERR 1 2
@0761100101/analysis/pnspec.pco
!
0.332783997 2.61998177E-3 1.69802699E-2 6.57518161E-4 1.81226507E-2 1.74210463E-2 7.01604527E-4 4.37317885E-6 4.32830956E-3 1.07559748E-3 7.66290022E-21 1.28317624E-4 8.04442607E-6 7.00247483E-6 3.12438942E-7 1.9618173E-7 4.48930962E-3 2.34876014E-3 4.25579958E-3 7.7502348E-4
0.338023007 2.61901319E-3 1.62066501E-2 6.35336502E-4 1.799055E-2 1.73089243E-2 6.81625505E-4 4.33091691E-6 4.33931733E-3 1.11016305E-3 7.59007763E-21 1.29225853E-4 8.22654147E-6 6.96342113E-6 3.09429822E-7 1.94282251E-7 4.37866803E-3 2.34793662E-3 4.20292374E-3 7.80664675E-4
0.3432585 2.61649489E-3 1.70623157E-2 6.22466381E-4 1.78188328E-2 1.71564817E-2 6.6235062E-4 4.28853355E-6 4.30897344E-3 1.15052355E-3 7.5140788E-21 1.2972593E-4 8.44799797E-6 6.93325774E-6 3.06433947E-7 1.9237784E-7 4.26941924E-3 2.34643463E-3 4.14555706E-3 7.85679847E-4
0.34849 2.61500478E-3 1.69872828E-2 6.13493263E-4 1.76022891E-2 1.6958518E-2 6.43771782E-4 4.24623113E-6 4.23363317E-3 1.19775301E-3 7.43995404E-21 1.29865221E-4 8.71152588E-6 6.91472087E-6 3.03471211E-7 1.90479668E-7 4.15900955E-3 2.34418828E-3 4.08373168E-3 7.899708E-4
0.353717983 2.61299312E-3 1.81997959E-2 6.08273433E-4 1.73392929E-2 1.67133808E-2 6.25911111E-4 4.20447941E-6 4.11186181E-3 1.25269976E-3 7.36956776E-21 1.29691776E-4 9.01691055E-6 6.91092782E-6 3.00579842E-7 1.88602257E-7 4.04601218E-3 2.34115613E-3 4.01790859E-3 7.93430081E-4
0.358942509 2.61150301E-3 1.63486768E-2 5.83066896E-4 1.70327388E-2 1.64239462E-2 6.08793285E-4 4.16366765E-6 3.94553179E-3 1.31595426E-3 7.30546207E-21 1.29259744E-4 9.36096058E-6 6.92491221E-6 2.97798692E-7 1.86767082E-7 3.9299936E-3 2.33733049E-3 3.94895067E-3 7.95991626E-4
0.364163518 2.60950625E-3 1.68093592E-2 5.72827063E-4 1.66847035E-2 1.60923433E-2 5.92358818E-4 4.12360987E-6 3.73602496E-3 1.38902257E-3 7.24977843E-21 1.28606902E-4 9.74380509E-6 6.96136885E-6 2.9514672E-7 1.84967263E-7 3.80997011E-3 2.33264873E-3 3.87713453E-3 7.97627203E-4
0.369380504 2.60749459E-3 1.56190945E-2 5.52425568E-4 1.63052548E-2 1.57286506E-2 5.76603226E-4 4.08444293E-6 3.49166431E-3 1.47161097E-3 7.20361222E-21 1.27801934E-4 1.01570358E-5 7.02036186E-6 2.9262884E-7 1.83208812E-7 3.68663622E-3 2.32718722E-3 3.80358752E-3 7.98424939E-4
0.374593496 2.60549784E-3 1.54350279E-2 5.39389963E-4 1.58988908E-2 1.53374458E-2 5.61444554E-4 4.04591356E-6 3.21565405E-3 1.56530167E-3 7.16886579E-21 1.26864397E-4 1.06002135E-5 7.10735412E-6 2.90262506E-7 1.81477304E-7 3.55958473E-3 2.3208682E-3 3.72854155E-3 7.98405497E-4
0.379803002 2.60400772E-3 1.54665373E-2 5.32755745E-4 1.5481947E-2 1.49350213E-2 5.46926283E-4 4.00847512E-6 2.92030582E-3 1.66868453E-3 7.14775734E-21 1.25843246E-4 1.10598294E-5 7.22414507E-6 2.88110243E-7 1.79798491E-7 3.43187177E-3 2.31380248E-3 3.65409139E-3 7.97661138E-4
0.385008514 2.60148942E-3 1.45713054E-2 5.13613166E-4 1.50629142E-2 1.45299379E-2 5.32976352E-4 3.97192116E-6 2.61315005E-3 1.78157841E-3 7.1416278E-21 1.24764658E-4 1.15302992E-5 7.37361734E-6 2.8619246E-7 1.7815124E-7 3.30399E-3 2.30598939E-3   3.58080864E-3 7.96316075E-4
0.390209973 2.59999931E-3 1.49831949E-2 5.16068598E-4 1.4651862E-2 1.41323023E-2 5.19560243E-4 3.93606615E-6 2.30321218E-3 1.90262112E-3 7.15216789E-21 1.23656049E-4 1.20031209E-5 7.55782276E-6 2.84552272E-7 1.76539245E-7 3.17718578E-3 2.29747337E-3   3.50968679E-3 7.94508611E-4
0.395408005 2.59801745E-3 1.41945602E-2 5.0049962E-4 1.42573835E-2 1.37507375E-2 5.06645534E-4 3.90087098E-6 1.99902081E-3 2.02960731E-3 7.18108529E-21 1.22540237E-4 1.24694034E-5 7.77811147E-6 2.83243423E-7 1.74957052E-7 3.05266446E-3 2.28827586E-3   3.441646E-3 7.92376755E-4
0.40060252 2.59649754E-3 1.45784756E-2 5.0228351E-4 1.38839446E-2 1.33897699E-2 4.94175125E-4 3.86609781E-6 1.70646165E-3 2.16029258E-3 7.23078559E-21 1.21433375E-4 1.29233176E-5 8.03675721E-6 2.82331996E-7 1.73393033E-7 2.93065258E-3 2.27838149E-3   3.37721128E-3 7.90054677E-4
0.405793011 2.59399414E-3 1.33957146E-2 4.83770593E-4 1.35407653E-2 1.30585749E-2 4.82189818E-4 3.83202678E-6 1.43585703E-3 2.28886725E-3 7.30274304E-21 1.20371915E-4 1.33504909E-5 8.32962814E-6 2.81910388E-7 1.71868649E-7 2.81371712E-3 2.26796791E-3   3.31811048E-3 7.87717232E-4
0.410979509 2.59248912E-3 1.27426544E-2 4.73131367E-4 1.32264495E-2 1.27558177E-2 4.70631785E-4 3.79870426E-6 1.18961837E-3 2.41154549E-3 7.39962818E-21 1.19368538E-4 1.37473035E-5 8.65640959E-6 2.82064718E-7 1.70374221E-7 2.70151999E-3 2.25700648E-3   3.26462905E-3 7.85475189E-4
0.416162014 2.59001553E-3 1.23493113E-2 4.64131299E-4 1.29399709E-2 1.24804825E-2 4.59488132E-4 3.76603202E-6 9.70588648E-4 2.52312794E-3 7.52439432E-21 1.18434516E-4 1.41081973E-5 9.01416752E-6 2.82900174E-7 1.68903199E-7 2.59452988E-3 2.24552653E-3   3.21750226E-3 7.83432857E-4
0.421340495 2.58848071E-3 1.27495863E-2 4.67232865E-4 1.26782395E-2 1.22294817E-2 4.4875755E-4 3.73405669E-6 7.79980794E-4 2.61819293E-3 7.68067087E-21 1.17555421E-4 1.44291771E-5 9.39882375E-6 2.84533684E-7 1.67464535E-7 2.49310373E-3 2.23354716E-3   3.17742745E-3 7.81660376E-4
0.42651549 2.58651376E-3 1.19175827E-2 4.51155764E-4 1.24363527E-2 1.19979493E-2 4.38403891E-4 3.70277553E-6 6.17024896E-4 2.69164518E-3 7.87388378E-21 1.1683163E-4 1.47088504E-5 9.80698405E-6 2.87106133E-7 1.66056765E-7 2.39732047E-3 2.22102506E-3   3.14517366E-3 7.8025664E-4
0.431686521 2.5845021E-3 1.22287227E-2 4.46698774E-4 1.2210669E-2 1.17822168E-2 4.28452535E-4 3.67238886E-6 4.81297087E-4 2.73816194E-3 8.10904299E-21 1.16252872E-4 1.49448351E-5 1.02307085E-5 2.90739479E-7 1.6469015E-7 2.30819569E-3 2.20801798E-3   3.12173436E-3 7.79253547E-4
0.436853528 2.58250535E-3 1.18675493E-2 4.44014528E-4 1.19969081E-2 1.15780067E-2 4.18901065E-4 3.64308926E-6 3.70524824E-4 2.75400351E-3 8.39280633E-21 1.15844065E-4 1.51379454E-5 1.06628022E-5 2.95550848E-7 1.63371809E-7 2.22649099E-3 2.19453033E-3   3.10804299E-3 7.78667454E-4
0.442016482 2.58047879E-3 1.27120065E-2 4.55415488E-4 1.17909657E-2 1.13812182E-2 4.0974727E-4 3.61467869E-6 2.81508575E-4 2.73678824E-3 8.73476554E-21 1.15629598E-4 1.52910325E-5 1.1097608E-5 3.01669047E-7 1.62108932E-7 2.152798E-3 2.18050089E-3   3.10503622E-3 7.7849027E-4
0.44717598 2.57901847E-3 1.19026741E-2 4.35097871E-4 1.15908617E-2 1.11898873E-2 4.00974299E-4 3.58776151E-6 2.11229315E-4 2.68543395E-3 9.14626124E-21 1.1563718E-4 1.5407255E-5 1.15284593E-5 3.09201596E-7 1.60897969E-7 2.08814675E-3 2.16588797E-3   3.11386166E-3 7.78696849E-4
0.452331483 2.57648528E-3 1.1931642E-2 4.37414303E-4 1.1396626E-2 1.10040298E-2 3.92596412E-4 3.56229953E-6 1.56672715E-4 2.60049105E-3 9.64110589E-21 1.15895717E-4 1.54904883E-5 1.19489087E-5 3.182341E-7 1.59748879E-7 2.03378452E-3 2.15064362E-3   3.13581456E-3 7.79247785E-4
0.457482994 2.57501006E-3 1.13316895E-2 4.24590689E-4 1.12098493E-2 1.08252559E-2 3.84593499E-4 3.53824635E-6 1.14917188E-4 2.48382357E-3 1.02374797E-20 1.16437499E-4 1.55451453E-5 1.2353933E-5 3.28852536E-7 1.58667532E-7 1.99095579E-3 2.13467516E-3   3.17242905E-3 7.80092436E-4
0.46263051 2.57250667E-3 1.14351176E-2 4.26459505E-4 1.10347886E-2 1.06578143E-2 3.76974553E-4 3.51576659E-6 8.34808889E-5 2.33906554E-3 1.09552204E-20 1.1729612E-4 1.55755315E-5 1.27378271E-5 3.41078248E-7 1.5765805E-7 1.96120772E-3 2.11793184E-3   3.22533515E-3 7.81169103E-4
0.467774004 2.57098675E-3 1.1638185E-2 4.25711565E-4 1.08778933E-2 1.05081573E-2 3.69735382E-4 3.49501101E-6 6.02216824E-5 2.1719425E-3 1.18131037E-20 1.18501295E-4 1.55861053E-5 1.30947537E-5 3.54831855E-7 1.56727268E-7 1.94602704E-3 2.10043695E-3   3.29593103E-3 7.82409916E-4
0.47291398 2.56900489E-3 1.0705295E-2 4.15108283E-4 1.07453726E-2 1.038252E-2 3.62852705E-4 3.47593345E-6 4.31357112E-5 1.98779535E-3 1.28377349E-20 1.20091339E-4 1.55810612E-5 1.34228148E-5 3.70084592E-7 1.55872968E-7 1.94660621E-3 2.08206056E-3   3.38606909E-3 7.83755968E-4
0.478049994 2.56700814E-3 1.01902187E-2 4.04834485E-4 1.06458934E-2 1.02895834E-2 3.56310047E-4 3.45851618E-6 3.08526651E-5 1.79261458E-3 1.40621738E-20 1.22131067E-4 1.55634789E-5 1.37186707E-5 3.86771802E-7 1.55092749E-7 1.96462218E-3 2.06271885E-3   3.49819614E-3 7.85164884E-4
0.485745013 5.12798131E-3 1.04053132E-2 2.87271483E-4 1.05777923E-2 1.02306623E-2 3.47129971E-4 3.43534612E-6 1.86609013E-5 1.49440707E-3 1.63366378E-20 1.26137224E-4 1.55218204E-5 1.40991215E-5 4.14060622E-7 1.54056863E-7 2.02696421E-3 2.03182036E-3   3.71175492E-3 7.87292782E-4
0.493433982 2.56100297E-3 1.00459792E-2 3.9794753E-4 1.06080528E-2 1.02695497E-2 3.3850316E-4 3.41484292E-6 1.08730155E-5 1.20420405E-3 1.9114362E-20 1.31274966E-4 1.54694026E-5 1.44143869E-5 4.43140976E-7 1.53145322E-7 2.12644506E-3 1.99892558E-3   3.97451641E-3 7.89415266E-4
0.498554498 2.55951285E-3 1.1371633E-2 4.16210823E-4 1.07015725E-2 1.0368498E-2 3.3307515E-4 3.40255406E-6 7.62219861E-6 1.023266E-3 2.13354195E-20 1.35605922E-4 1.54296667E-5 1.45826261E-5 4.63348869E-7 1.52602809E-7 2.2175929E-3 1.97558757E-3   4.18390241E-3 7.90889782E-4
0.50367099 2.55697966E-3 1.09933512E-2 4.11270186E-4 1.08509371E-2 1.05230864E-2 3.27850721E-4 3.39108283E-6 5.33915772E-6 8.57519801E-4 2.38192167E-20 1.40714139E-4 1.53877463E-5 1.47195706E-5 4.83636313E-7 1.52099247E-7 2.32532481E-3 1.95142836E-3   4.41615749E-3 7.9246884E-4
0.50878346 2.55551934E-3 1.20754316E-2 4.20461147E-4 1.10536544E-2 1.0730871E-2 3.22783337E-4 3.38000291E-6 3.72997056E-6 7.08368781E-4 2.65579616E-20 1.46750026E-4 1.53438214E-5 1.48275112E-5 5.03748026E-7 1.51619489E-7 2.44778744E-3 1.92644657E-3   4.66935569E-3 7.94226245E-4
0.513891995 2.55298615E-3 1.09447353E-2 4.05444152E-4 1.1303558E-2 1.09857172E-2 3.17841244E-4 3.36894436E-6 2.59766171E-6 5.76934661E-4 2.95184507E-20 1.53886911E-4 1.52978864E-5 1.4908137E-5 5.23358779E-7 1.51146097E-7 2.58184876E-3 1.90076197E-3   4.93918732E-3 7.96250184E-4
0.518996477 2.55149603E-3 1.09961256E-2 4.06884094E-4 1.15908319E-2 1.12778395E-2 3.1299243E-4 3.35759796E-6 1.80237191E-6 4.63428703E-4 3.26471386E-20 1.62343436E-4 1.52497205E-5 1.49630951E-5 5.4213865E-7 1.50669237E-7 2.72332923E-3 1.8745315E-3   5.21950051E-3 7.98640423E-4
0.524097443 2.54949927E-3 1.11669553E-2 4.07063286E-4 1.19022559E-2 1.15940655E-2 3.08190298E-4 3.3456397E-6 1.24494238E-6 3.67280125E-4 3.58699958E-20 1.7239443E-4 1.51990316E-5 1.49940624E-5 5.59788248E-7 1.50174571E-7 2.86706118E-3 1.84793922E-3   5.50238602E-3 8.01511051E-4
0.529194951 2.54800916E-3 1.22981826E-2 4.20368713E-4 1.22217424E-2 1.19183296E-2 3.03412613E-4 3.33274238E-6 8.55354301E-7 2.8733621E-4 3.90930954E-20 1.8437914E-4 1.51455633E-5 1.50026772E-5 5.76039781E-7 1.49649892E-7 3.00702034E-3 1.82119408E-3   5.77835739E-3 8.049811E-4
0.534288526 2.54550576E-3 1.21688955E-2 4.17872739E-4 1.25311585E-2 1.2232529E-2 2.98629166E-4 3.31862634E-6 5.84075451E-7 2.2204277E-4 4.22058277E-20 1.98707741E-4 1.50891938E-5 1.49905209E-5 5.9066889E-7 1.49087384E-7 3.13658407E-3 1.79452181E-3   6.03676261E-3 8.09187943E-4
0.539377987 2.54398584E-3 1.2977792E-2 4.26103798E-4 1.28116682E-2 1.25178481E-2 2.93819874E-4 3.30314288E-6 3.96014059E-7 1.69613966E-4 4.5087027E-20 2.15868786E-4 1.50301476E-5 1.49592497E-5 6.03510784E-7 1.48479813E-7 3.24893417E-3 1.76815502E-3   6.26652967E-3 8.14305793E-4
0.544463992 2.54201889E-3 1.23080174E-2 4.19237214E-4 1.30449571E-2 1.27559779E-2 2.88979849E-4 3.28587271E-6 2.66454066E-7 1.28169209E-4 4.76123739E-20 2.36432446E-4 1.4968773E-5 1.49103425E-5 6.14454734E-7 1.47824792E-7 3.337492E-3 1.74229289E-3   6.45687617E-3 8.20521323E-4
0.549546003 2.53999233E-3 1.33773396E-2 4.30549262E-4 1.32149067E-2 1.29308263E-2 2.84080015E-4 3.26685904E-6 1.77625438E-7 9.5842428E-5 4.9664987E-20 2.61104171E-4 1.49058433E-5 1.48453109E-5 6.23470953E-7 1.47122265E-7 3.39640514E-3 1.71708304E-3   6.59832498E-3 8.28100485E-4
0.554623961 2.53799558E-3 1.34490533E-2 4.26358281E-4 1.33075183E-2 1.30283702E-2 2.79148022E-4 3.24620714E-6 0 7.11139073E-5 5.1127368E-20 2.90427735E-4 1.4843009E-5 1.47662613E-5 6.30520674E-7 1.46387194E-7 3.42061324E-3 1.69283897E-3 6.68245321E-3   8.37291125E-4
0.559698462 2.53650546E-3 1.37250004E-2 4.25192353E-4 1.33156776E-2 1.30415009E-2 2.74176971E-4 3.22389792E-6 0 5.235973E-5 5.19246377E-20 3.25167552E-4 1.478176E-5 1.46748744E-5 6.35703771E-7 1.45628064E-7 3.40739917E-3 1.66961248E-3 6.70503499E-3   8.48465133E-4
0.564769506 2.53450871E-3 1.37192197E-2 4.26680577E-4 1.32361623E-2 1.2966983E-2 2.69179611E-4 3.20007257E-6 0 3.82954786E-5 5.20036787E-20 3.65998101E-4 1.47241926E-5 1.45730501E-5 6.39132509E-7 1.44864586E-7 3.35547538E-3 1.64749287E-3 6.66441582E-3   8.62024142E-4
0.569836497 2.53251195E-3 1.36494953E-2 4.22416255E-4 1.3071578E-2 1.28074056E-2 2.64172966E-4 3.17499553E-6 0 2.7851589E-5 5.13458891E-20 4.13507281E-4 1.46726279E-5 1.44627647E-5 6.40953147E-7 1.44120165E-7 3.26560927E-3 1.62653066E-3 6.56241272E-3   8.78398132E-4
0.574899554 2.53048539E-3 1.36470972E-2 4.17969917E-4 1.28298318E-2 1.25706485E-2 2.59183347E-4 3.14870044E-6 0 2.0160478E-5 4.9968837E-20 4.68136743E-4 1.46297507E-5 1.43460284E-5 6.4133792E-7 1.43424757E-7 3.14049819E-3 1.60672981E-3 6.4041554E-3   8.9805841E-4
0.579959035 2.52899528E-3 1.3171779E-2 4.11864865E-4 1.25232069E-2 1.22689903E-2 2.54216313E-4 3.12151838E-6 0 1.45347949E-5 4.79244213E-20 5.30107529E-4 1.45983013E-5 1.42248791E-5 6.40474127E-7 1.42809412E-7 2.98452983E-3 1.58805796E-3 6.19761925E-3   9.21413361E-4
0.585014999 2.52699852E-3 1.25459172E-2 4.05084254E-4 1.21673783E-2 1.19180772E-2 2.4930053E-4 3.09379516E-6 0 1.04425953E-5 4.52950145E-20 5.99332037E-4 1.45811528E-5 1.41013043E-5 6.38552365E-7 1.42313766E-7 2.80345371E-3 1.57045037E-3 5.95296454E-3   9.48877132E-4
0.590067506 2.5255084E-3 1.26482788E-2 4.01135243E-4 1.17798243E-2 1.15353679E-2 2.44456605E-4 3.06580205E-6 0 7.47896092E-6 4.21867379E-20 6.75344898E-4 1.45735476E-5 1.39772274E-5 6.35758454E-7 1.41977821E-7 2.60392553E-3 1.55382243E-3 5.68166189E-3   9.80739831E-4
0.595116496 2.52351165E-3 1.25528555E-2 3.96530289E-4 1.13782929E-2 1.11385956E-2 2.39697183E-4 3.03778324E-6 0 5.34003448E-6 3.87215556E-20 7.57242378E-4 1.45728018E-5 1.38545502E-5 6.3226787E-7 1.41846911E-7 2.39301613E-3 1.53807155E-3 5.3955433E-3   1.01714267E-3
0.600161552 2.52148509E-3 1.19599598E-2 3.87737236E-4 1.09794009E-2 1.07443556E-2 2.35045969E-4 3.00997931E-6 0 3.80081542E-6 3.50287402E-20 8.43636459E-4 1.46057846E-5 1.37350398E-5 6.28242105E-7 1.41971213E-7 2.17773789E-3 1.5230889E-3 5.10589639E-3   1.0580736E-3
0.605203032 2.51999497E-3 1.08329402E-2 3.66673456E-4 1.05971238E-2 1.03666261E-2 2.30497681E-4 2.98260102E-6 0 2.69581506E-6 3.1235222E-20 9.32674622E-4 1.46616467E-5 1.36203498E-5 6.2382037E-7 1.4239815E-7 1.96454604E-3 1.50876213E-3 4.82256152E-3   1.10335473E-3
0.610240996 2.51799822E-3 1.11666629E-2 3.7234684E-4 1.0242111E-2 1.00160288E-2 2.26082004E-4 2.95575205E-6 0 1.90448009E-6 2.74593332E-20 1.0220526E-3 1.47426917E-5 1.3512089E-5 6.1912715E-7 1.431832E-7 1.75905239E-3 1.49498635E-3 4.55341581E-3   1.15264452E-3
0.615275502 2.5165081E-3 1.04268659E-2 3.59895756E-4 9.92091931E-3 9.69913229E-3 2.21786715E-4 2.92971049E-6 0 1.33944638E-6 2.38042111E-20 1.10907841E-3 1.48510399E-5 1.34116372E-5 6.14260898E-7 1.44376401E-7 1.56574533E-3 1.48165482E-3 4.30390937E-3   1.205454E-3
0.620307028 2.51501799E-3 9.49886627E-3 3.44652741E-4 9.63614229E-3 9.41852015E-3 2.17622597E-4 2.9045907E-6 0 9.37199559E-7 2.03537031E-20 1.19082176E-3 1.49890766E-5 1.33203912E-5 6.09306596E-7 1.4603026E-7 1.38789567E-3 1.46867812E-3 4.07699589E-3   1.26122194E-3
0.625334501 2.51245499E-3 9.11361258E-3 3.39213555E-4 9.38693061E-3 9.17333364E-3 2.13596897E-4 2.88057595E-6 0 6.55223289E-7 1.71747801E-20 1.26399437E-3 1.51605173E-5 1.323994E-5 6.04324384E-7 1.48217453E-7 1.22777501E-3 1.45598059E-3 3.8734558E-3   1.3194388E-3
0.630358458 2.51153111E-3 8.65292829E-3 3.28885944E-4 9.16834269E-3 8.9586461E-3 2.09695922E-4 2.85774854E-6 0 4.53005754E-7 1.43030918E-20 1.32602907E-3 1.53658984E-5 1.31710322E-5 5.99385487E-7 1.50942412E-7 1.08579558E-3 1.44349562E-3 3.69138364E-3   1.3793445E-3
0.635379493 2.50947475E-3 8.59116018E-3 3.27945658E-4 8.97416752E-3 8.76823906E-3 2.05928314E-4 2.8362449E-6 0 3.11020358E-7 1.17619227E-20 1.37405365E-3 1.56097376E-5 1.311506E-5 5.9451861E-7 1.54266388E-7 9.61981888E-4 1.43116666E-3 3.52780242E-3   1.4406133E-3
0.640396476 2.5075078E-3 8.68927129E-3 3.27156769E-4 8.79673939E-3 8.59445799E-3 2.02281197E-4 2.81608618E-6 0 2.11986531E-7 9.55591275E-21 1.40580407E-3 1.58960793E-5 1.3073186E-5 5.89758429E-7 1.58221852E-7 8.55402555E-4 1.41895132E-3 3.37860081E-3   1.50295417E-3
0.645410478 2.50649452E-3 8.77776742E-3 3.22817272E-4 8.62812251E-3 8.42936151E-3 1.98760958E-4 2.79750657E-6 0 1.43385648E-7 7.67437897E-21 1.41965388E-3 1.62300912E-5 1.30465605E-5 5.85129158E-7 1.62831327E-7 7.64487544E-4 1.40681153E-3 3.2391455E-3   1.56629784E-3
0.6504215 2.50452757E-3 8.42854194E-3 3.17032303E-4 8.46109539E-3 8.26574024E-3 1.95355489E-4 2.78068887E-6 0 9.61908597E-8 6.0962262E-21 1.41471322E-3 1.6618249E-5 1.3036326E-5 5.8065109E-7 1.68105814E-7 6.87330088E-4 1.3947204E-3 3.10492772E-3   1.63076853E-3
0.655428529 2.50250101E-3 8.40818416E-3 3.16991558E-4 8.28982238E-3 8.09776317E-3 1.92059044E-4 2.76582296E-6 0 0 4.79358233E-21 1.39091373E-3 1.70686235E-5 1.30436165E-5 5.76341677E-7 1.74040082E-7 6.2188739E-4 1.38265884E-3 2.97202636E-3 1.69664831E-3
0.660432518 2.50148773E-3 8.34821537E-3 3.12009972E-4 8.11046455E-3 7.92159606E-3 1.88868769E-4 2.75316529E-6 0 0 3.733905E-21 1.34901796E-3 1.75915975E-5 1.30696453E-5 5.72216152E-7 1.80615075E-7 5.66100003E-4 1.37061148E-3 2.83736247E-3 1.76433648E-3
0.667931497 4.99749184E-3 7.79033173E-3 2.14419313E-4 7.82125164E-3 7.63696805E-3 1.84283912E-4 2.73935734E-6 0 0 2.54676673E-21 1.25419023E-3 1.85558529E-5 1.31489805E-5 5.66437791E-7 1.91662394E-7 4.97092493E-4 1.35254581E-3 2.62750685E-3 1.87043054E-3
0.675425529 2.49651074E-3 7.6908241E-3 2.98837724E-4 7.51343602E-3 7.33354967E-3 1.79886236E-4 2.73163096E-6 0 0 1.68195071E-21 1.13341562E-3 1.97462723E-5 1.32382793E-5 5.61109914E-7 2.03747234E-7 4.38846648E-4 1.33447151E-3 2.40873103E-3 1.98160391E-3
0.680416524 2.49451399E-3 7.78667722E-3 2.99659354E-4 7.29989866E-3 7.12283095E-3 1.77067879E-4 2.73139199E-6 0 0 1.27265524E-21 1.04052061E-3 2.07311805E-5 1.33391204E-5 5.57892008E-7 2.12364611E-7 4.05172788E-4 1.32242055E-3 2.25828215E-3 2.05886271E-3
0.687896013 4.98497486E-3 7.08211493E-3 2.01449613E-4 6.97748922E-3 6.80447742E-3 1.73012028E-4 2.74001627E-6 0 0 8.3816605E-22 8.92127515E-4 2.2597198E-5 1.3535675E-5 5.53639325E-7 2.25843849E-7 3.59908008E-4 1.30435522E-3 2.0309994E-3 2.17743497E-3
0.697860003 4.9790144E-3 6.50356244E-3 1.9427207E-4 6.56141574E-3 6.39355881E-3 1.67856648E-4 2.77007643E-6 0 0 4.67801434E-22 6.94054412E-4 2.59769695E-5 1.38787909E-5 5.49059848E-7 2.44197054E-7 3.05972993E-4 1.28031953E-3 1.73651567E-3 2.33327714E-3
0.707811475 4.97248769E-3 6.46193E-3 1.92198975E-4 6.17997535E-3 6.01698691E-3 1.62988537E-4 2.82778933E-6 0 0 2.57847353E-22 5.12712635E-4 3.090666E-5 1.43319403E-5 5.46014633E-7 2.62205816E-7 2.58274202E-4 1.25643588E-3 1.46743213E-3 2.47325748E-3
0.717751026 4.96700406E-3 5.78987878E-3 1.82304953E-4 5.84205985E-3 5.68366982E-3 1.5838987E-4 2.91987294E-6 0 0 1.40506881E-22 3.60552483E-4 3.81634563E-5 1.49176485E-5 5.44788804E-7 2.79012653E-7 2.16382745E-4 1.23282475E-3 1.23613991E-3 2.58094538E-3
0.727679491 4.96149063E-3 5.36189973E-3 1.75607551E-4 5.54552814E-3 5.39148692E-3 1.5404119E-4 3.05282197E-6 0 0 7.55719596E-23 2.4219419E-4 4.88200894E-5 1.56722363E-5 5.45683633E-7 2.93918959E-7 1.80311763E-4 1.2096127E-3 1.04768772E-3 2.6432958E-3
0.737596512 4.95550036E-3 5.36305131E-3 1.75822977E-4 5.28380089E-3 5.13387471E-3 1.49925865E-4 3.23169138E-6 0 0 3.99866556E-23 1.56102833E-4 6.42296945E-5 1.66536811E-5 5.49009314E-7 3.06453273E-7 1.49997431E-4 1.18692068E-3 9.0055546E-4 2.65532802E-3
0.747501969 4.95001674E-3 5.02705248E-3 1.68623345E-4 5.05207945E-3 4.90604993E-3 1.46029197E-4 3.4590289E-6 0 0 2.07296932E-23 9.70703404E-5 8.58977946E-5 1.79538292E-5 5.55086046E-7 3.16405163E-7 1.25094142E-4 1.16483972E-3 7.88832258E-4 2.62203161E-3
0.757396996 4.94498014E-3 4.84500034E-3 1.65758232E-4 4.85013984E-3 4.70780581E-3 1.42334291E-4 3.73378452E-6 0 0 1.04871611E-23 5.8596037E-5 1.15190705E-4 1.97173504E-5 5.64271431E-7 3.23807313E-7 1.05009552E-4 1.14341883E-3 7.04729231E-4 2.55652214E-3
0.767281532 4.93952632E-3 4.98637324E-3 1.67355669E-4 4.6808687E-3 4.54204204E-3 1.38826814E-4 4.05051014E-6 0 0 5.16021252E-24 3.45571352E-5 1.52864464E-4 2.21708433E-5 5.75745617E-7 3.28881839E-7 8.90232332E-5 1.12266559E-3 6.40530256E-4 2.47527543E-3
0.777155519 4.93448973E-3 4.42442577E-3 1.58016381E-4 4.54602391E-3 4.41053323E-3 1.35490656E-4 4.39937548E-6 0 0 2.46360097E-24 2.00262548E-5 1.98498645E-4 2.56671719E-5 5.90052139E-7 3.31968721E-7 7.63771459E-5 1.10254565E-3 5.89651463E-4 2.39244546E-3
0.787019491 4.92948294E-3 4.58834879E-3 1.60176394E-4 4.44238167E-3 4.31006821E-3 1.32313769E-4 4.76705463E-6 0 0 6.80687072E-25 1.1448361E-5 2.50025274E-4 3.0751431E-5 6.08929781E-7 3.3346015E-7 6.64361432E-5 1.08298357E-3 5.47195727E-4 2.31551821E-3
0.796873987 4.92501259E-3 4.29266924E-3 1.55601359E-4 4.35995869E-3 4.23067715E-3 1.29281252E-4 5.13778332E-6 0 0 0 6.46890976E-6 3.03458801E-4 3.82376056E-5 6.32259059E-7 3.33738654E-7 5.86444985E-5 1.06390228E-3 5.09859645E-4 2.24400172E-3
0.806719542 4.92051244E-3 4.21323674E-3 1.5452267E-4 4.28381329E-3 4.15742816E-3 1.26385145E-4 5.4947709E-6 0 0 0 3.61699995E-6 3.53112002E-4 4.92798426E-5 6.61106583E-7 3.33144271E-7 5.26007425E-5 1.04524614E-3 4.7589888E-4 2.1711844E-3
0.8165555 4.91550565E-3 4.30354336E-3 1.5242862E-4 4.19803197E-3 4.07441845E-3 1.23613383E-4 5.82386292E-6 0 0 0 1.99384567E-6 3.92743823E-4 6.53977622E-5 6.97211817E-7 3.3196082E-7 4.79897099E-5 1.02692714E-3 4.44667588E-4 2.0878457E-3
0.826382518 4.91148233E-3 4.06824285E-3 1.51690227E-4 4.09098389E-3 3.97002278E-3 1.20961122E-4 6.11394717E-6 0 0 0 1.07799815E-6 4.16667201E-4 8.84173496E-5 7.43276587E-7 3.30405641E-7 4.46302656E-5 1.00889185E-3 4.16534487E-4 1.98661583E-3
0.836201549 4.90751863E-3 3.9530308E-3 1.47928353E-4 3.9584823E-3 3.8400644E-3 1.18417891E-4 6.3580037E-6 0 0 0 5.70227598E-7 4.21063887E-4 1.20295059E-4 8.03554542E-7 3.28633689E-7 4.2405256E-5 9.91108711E-4 3.92421643E-4 1.86470943E-3
0.846011996 4.90295887E-3 3.99459852E-3 1.46603779E-4 3.80448182E-3 3.68850213E-3 1.15979841E-4 6.55363783E-6 0 0 0 2.94039296E-7 4.04987746E-4 1.62685406E-4 8.84611097E-7 3.26752541E-7 4.12074405E-5 9.73560847E-4 3.73331102E-4 1.72467052E-3
0.855814457 4.8995316E-3 3.88146052E-3 1.46104459E-4 3.6392021E-3 3.52556468E-3 1.13637529E-4 6.7021374E-6 0 0 0 1.4750583E-7 3.7063894E-4 2.16250774E-4 9.96396011E-7 3.24840414E-7 4.08981105E-5 9.56279342E-4 3.59912636E-4 1.57341396E-3
0.868056059 7.34201074E-3 3.43363849E-3 1.13107453E-4 3.43591347E-3 3.32506886E-3 1.10844536E-4 6.82651444E-6 0 0 0 6.14249913E-8 3.09342315E-4 2.97360821E-4 1.20670472E-6 3.22492895E-7 4.14440437E-5 9.35169926E-4 3.50955117E-4 1.38237956E-3
0.882732034 7.33396411E-3 3.19484482E-3 1.09699562E-4 3.21545661E-3 3.10779526E-3 1.07661392E-4 6.90838806E-6 0 0 0 0 2.26158721E-4 4.0439851E-4 1.6218462E-6 3.19822277E-7 4.25855542E-5 9.10611241E-4 3.470917E-4 1.16809946E-3
0.897392511 7.32651353E-3 2.82173301E-3 1.04678555E-4 3.02124862E-3 2.91660312E-3 1.04645485E-4 6.93549055E-6 0 0 0 0 1.49163287E-4 5.01983915E-4 2.35775406E-6 3.17420216E-7 4.31153167E-5 8.87035159E-4 3.43188789E-4 9.82505968E-4
0.912038445 7.31948018E-3 2.84122024E-3 1.02553378E-4 2.831402E-3 2.72961613E-3 1.01785867E-4 6.92767389E-6 0 0 0 0 8.9608744E-5 5.63686772E-4 3.65130791E-6 3.15435216E-7 4.19176649E-5 8.64577247E-4 3.30172392E-4 8.28758872E-4
0.926671505 7.31351972E-3 2.58501503E-3 9.81082921E-5 2.62182229E-3 2.52275681E-3 9.90655608E-5 6.89970921E-6 0 0 0 0 4.96315988E-5 5.70261152E-4 5.83948849E-6 3.14064835E-7 3.84882187E-5 8.43198388E-4 3.02813656E-4 7.05310493E-4
0.94372654 9.74151492E-3 2.32983916E-3 8.21316644E-5 2.34761997E-3 2.25156359E-3 9.60564066E-5 6.85388568E-6 0 0 0 0 2.32664315E-5 5.04154537E-4 1.00683192E-5 3.13643312E-7 3.21037005E-5 8.19468638E-4 2.54340586E-4 6.00993808E-4
0.963199973 9.73197818E-3 2.06245296E-3 7.8094301E-5 2.03889585E-3 1.94609247E-3 9.28033842E-5 6.79493269E-6 0 0 0 0 8.98346025E-6 3.69659596E-4 1.72616237E-5 3.15271336E-7 2.37308777E-5 7.9368148E-4 1.91355066E-4 5.3431018E-4
0.985085487 1.21535063E-2 1.82319898E-3 6.72832175E-5 1.76718389E-3 1.67782302E-3 8.93608885E-5 6.72780288E-6 0 0 0 0 2.95978612E-6 2.12083178E-4 2.70812852E-5 3.20903411E-7 1.56805909E-5 7.66006589E-4 1.31039618E-4 5.15923253E-4
1.00937951 1.21405125E-2 1.52897905E-3 6.35774413E-5 1.56790763E-3 1.4821454E-3 8.57622435E-5 6.65995321E-6 0 0 0 0 7.81997983E-7 9.09619994E-5 3.5152334E-5 3.32799516E-7 9.95221217E-6 7.36552756E-4 8.83438988E-5 5.1340746E-4
1.03365505 1.21350288E-2 1.43526762E-3 6.09496674E-5 1.41409272E-3 1.33172388E-3 8.23688533E-5 6.61000513E-6 0 0 0 0 1.84544106E-7 3.23753629E-5 3.47786226E-5 3.51674856E-7 7.01119552E-6 7.0826977E-4 6.6454144E-5 4.75688546E-4
1.05791497 1.21249557E-2 1.24258571E-3 5.83927722E-5 1.26171438E-3 1.18255964E-3 7.91546554E-5 6.5968502E-6 0 0 0 0 3.74773776E-8 1.02497597E-5 2.60972338E-5 3.78708449E-7 5.47253421E-6 6.81121601E-4 5.48459902E-5 3.97759548E-4
1.08216 1.21200085E-2 1.14650826E-3 5.60018962E-5 1.12233486E-3 1.04621891E-3 7.61159536E-5 6.64833715E-6 0 0 0 0 2.35598097E-9 3.01024625E-6 1.50043206E-5 4.13336551E-7 4.43805175E-6 6.55183685E-4 4.67905629E-5 3.14728008E-4
1.10640001 1.21200085E-2 1.05187355E-3 5.4346885E-5 1.01275928E-3 9.39496385E-4 7.32628832E-5 6.79431469E-6 0 0 0 0 0 8.12116923E-7 6.79878895E-6 4.6963649E-7 3.57053227E-6 6.30540948E-4 3.96713986E-5 2.50838697E-4
1.13063502 1.21150017E-2 8.90834781E-4 5.2079944E-5 9.29331174E-4 8.58730695E-4 7.06004794E-5 7.05650928E-6 0 0 0 0 0 1.93829052E-7 2.55204759E-6 5.74938326E-7 2.81119128E-6 6.07200258E-4 3.2996064E-5 2.05345816E-4
1.15486503 1.21150017E-2 8.92858021E-4 5.18380948E-5 8.62281304E-4 7.94158084E-4 6.81232123E-5 7.44778345E-6 0 0 0 0 0 3.97309066E-8 8.47039644E-7 8.07590482E-7 2.17748357E-6 5.85122383E-4 2.69924312E-5 1.70723637E-4
1.17910004 1.21199489E-2 8.28611432E-4 5.04326163E-5 8.0592162E-4 7.40104588E-4 6.58170393E-5 7.99406098E-6 0 0 0 0 0 0 2.60643674E-7 1.37442271E-6 1.6797328E-6 5.64223621E-4 2.19264439E-5 1.42645673E-4
1.20333993 1.21200085E-2 7.65946752E-4 5.05783246E-5 7.57843547E-4 6.94176764E-4 6.36667974E-5 8.69912037E-6 0 0 0 0 0 0 7.44354978E-8 2.80647123E-6 1.30927003E-6 5.44441515E-4 1.79460494E-5 1.18899923E-4
1.22758496 1.21250153E-2 7.23469595E-4 4.93104053E-5 7.18957046E-4 6.57298428E-4 6.16586258E-5 9.67083997E-6 0 0 0 0 0 0 1.90820248E-8 6.30713657E-6 1.04735943E-6 5.25690964E-4 1.50927381E-5 9.94703369E-5
1.25183499 1.21250153E-2 6.37186167E-4 4.80800554E-5 6.94567745E-4 6.34786265E-4 5.97814396E-5 1.14182703E-5 0 0 0 0 0 0 4.25416857E-9 1.38307505E-5 8.77036825E-7 5.07891236E-4 1.33686617E-5 8.73960744E-5
1.27609992 1.2139976E-2 6.45578257E-4 4.79557348E-5 6.90174114E-4 6.32145675E-4 5.80284286E-5 1.50842807E-5 0 0 0 0 0 0 4.93489638E-10 2.6726706E-5 7.82938457E-7 4.90949838E-4 1.27063886E-5 8.5895037E-5
1.30037999 1.21400356E-2 6.35065255E-4 4.41922348E-5 7.04490871E-4 6.48099813E-4 5.63910653E-5 2.37300319E-5 0 0 0 0 0 0 0 4.26039333E-5 7.39827158E-7 4.74819943E-4 1.27725061E-5 9.34335621E-5
1.32467496 1.21549368E-2 7.80788367E-4 4.38851457E-5 7.28834071E-4 6.73983071E-4 5.48510325E-5 4.51335945E-5 0 0 0 0 0 0 0 5.41118607E-5 7.04049683E-7 4.59478411E-4 1.28157844E-5 1.01739352E-4
1.34898996 1.21600628E-2 8.05419986E-4 4.40516997E-5 7.64041848E-4 7.10653258E-4 5.33885723E-5 9.84637591E-5 0 0 0 0 0 0 0 5.39259745E-5 6.31973194E-7 4.44919657E-4 1.20098421E-5 1.00702062E-4
1.37331998 1.21699572E-2 8.53911799E-4 4.45411461E-5 8.47232703E-4 7.95240514E-4 5.19921741E-5 2.2437716E-4 0 0 0 0 0 0 0 4.20662727E-5 5.13917882E-7 4.3113163E-4 1.01365495E-5 8.70150179E-5
1.39767504 1.21850371E-2 9.1338699E-4 4.52383319E-5 1.05249439E-3 1.00183464E-3 5.06597353E-5 4.82771924E-4 0 0 0 0 0 0 0 2.59436456E-5 3.79699514E-7 4.18058655E-4 7.7697805E-6 6.69109431E-5
1.42205 1.21899843E-2 1.30502111E-3 5.01616414E-5 1.42740074E-3 1.37800374E-3 4.93970074E-5 9.04164684E-4 0 0 0 0 0 0 0 1.2964103E-5 2.66253636E-7 4.05623636E-4 5.67872939E-6 4.93062762E-5
1.44400501 9.76502895E-3 1.72953925E-3 6.16677571E-5 1.84603757E-3 1.79770961E-3 4.83279291E-5 1.35335175E-3 0 0 0 0 0 0 0 5.94695621E-6 1.94556748E-7 3.94921139E-4 4.33413743E-6 3.89610796E-5
1.46109509 7.32499361E-3 2.09684321E-3 7.60266921E-5 2.1200995E-3 2.07255152E-3 4.75478628E-5 1.64474617E-3 0 0 0 0 0 0 0 3.01911086E-6 1.57100175E-7 3.86894768E-4 3.62968194E-6 3.41047999E-5
1.47574997 7.3299408E-3 2.29816441E-3 7.88338803E-5 2.23767385E-3 2.19075056E-3 4.69232982E-5 1.77420874E-3 0 0 0 0 0 0 0 1.650836E-6 1.34521514E-7 3.80222016E-4 3.20634035E-6 3.13280907E-5
1.49041498 7.3350668E-3 2.28324393E-3 7.86150486E-5 2.21099076E-3 2.16464815E-3 4.63426441E-5 1.75781269E-3 0 0 0 0 0 0 0 8.83158748E-7 1.17770334E-7 3.7371018E-4 2.89373861E-6 2.92307195E-5
1.50509 7.34001398E-3 2.10537435E-3 7.60792536E-5 2.04323838E-3 1.99742801E-3 4.58103932E-5 1.59927749E-3 0 0 0 0 0 0 0 4.63021593E-7 1.04951042E-7 3.67359375E-4 2.65591189E-6 2.75672737E-5
1.51977503 7.34496117E-3 1.8148449E-3 7.19815289E-5 1.77350594E-3 1.72817917E-3 4.53267749E-5 1.33796153E-3 0 0 0 0 0 0 0 2.36642094E-7 9.46313534E-8 3.61150305E-4 2.46558602E-6 2.62704252E-5
1.53937006 1.22500062E-2 1.34233816E-3 5.01779869E-5 1.35715911E-3 1.31241791E-3 4.47411803E-5 9.31828574E-4 0 0 0 0 0 0 0 9.51108277E-8 8.3107274E-8 3.53063748E-4 2.25278268E-6 2.50946341E-5
1.56387997 1.22600198E-2 9.66716616E-4 4.51944325E-5 9.0857927E-4 8.6453784E-4 4.40414551E-5 4.95096669E-4 0 0 0 0 0 0 0 2.63853437E-8 7.02493921E-8 3.43229913E-4 2.00735735E-6 2.41072648E-5
1.58841491 1.22749209E-2 5.37073996E-4 3.86634747E-5 6.23689382E-4 5.80395455E-4 4.32938905E-5 2.21910683E-4 0 0 0 0 0 0 0 6.39036113E-9 5.82863677E-8 3.33715085E-4 1.75837249E-6 2.29466586E-5
1.61297488 1.22850537E-2 4.16186376E-4 3.63606632E-5 4.77972819E-4 4.35524998E-4 4.24478094E-5 8.82745735E-5 0 0 0 0 0 0 0 7.9993262E-10 4.72877417E-8 3.2458044E-4 1.50302242E-6 2.11188835E-5
1.63756001 1.23000145E-2 3.94688541E-4 3.56721976E-5 4.10155335E-4 3.68630368E-4 4.15249597E-5 3.26074733E-5 0 0 0 0 0 0 0 0 3.76346883E-8 3.15854355E-4 1.25735937E-6 1.88735357E-5
1.66216993 1.23099685E-2 3.81075923E-4 3.71402639E-5 3.77316377E-4 3.36738885E-4 4.05774881E-5 1.13394872E-5 0 0 0 0 0 0 0 0 2.95858129E-8 3.07512761E-4 1.04084347E-6 1.68162132E-5
1.6868 1.23200417E-2 3.42638639E-4 3.71629903E-5 3.59040307E-4 3.19395447E-4 3.96448559E-5 3.64547259E-6 0 0 0 0 0 0 0 0 2.31980248E-8 2.99520092E-4 8.64880974E-7 1.53417914E-5
1.7114501 1.23299956E-2 3.72043811E-4 3.71472597E-5 3.46952293E-4 3.0820418E-4 3.87481086E-5 1.05291747E-6 0 0 0 0 0 0 0 0 1.83353333E-8 2.91849603E-4 7.3121214E-7 1.45520971E-5
1.73612499 1.23449564E-2 3.50884598E-4 3.64098123E-5 3.37896607E-4 2.99969804E-4 3.79268095E-5 2.68447735E-7 0 0 0 0 0 0 0 0 1.47479158E-8 2.845134E-4 6.37710571E-7 1.45354916E-5
1.76081991 1.23500228E-2 4.2299612E-4 3.68294786E-5 3.30983574E-4 2.93711608E-4 3.72719405E-5 4.62733887E-8 0 0 0 0 0 0 0 0 1.21571855E-8 2.77529238E-4 5.82085818E-7 1.55418675E-5
1.7855351 1.23650432E-2 4.0455829E-4 3.73996554E-5 3.2612923E-4 2.89205578E-4 3.69236259E-5 0 0 0 0 0 0 0 0 0 1.03001589E-8 2.70868535E-4 5.59241641E-7 1.77675083E-5
1.81027007 1.23699903E-2 3.74225143E-4 3.69473491E-5 3.22791137E-4 2.85796152E-4 3.69949703E-5 0 0 0 0 0 0 0 0 0 8.91077079E-9 2.64423055E-4 5.54563201E-7 2.08096189E-5
1.83502507 1.23850107E-2 3.23479238E-4 3.74296505E-5 3.19378218E-4 2.81926128E-4 3.74521078E-5 0 0 0 0 0 0 0 0 0 7.71901654E-9 2.58042681E-4 5.4266161E-7 2.33330575E-5
1.8598001 1.23899579E-2 3.5156784E-4 3.83302104E-5 3.13848694E-4 2.75787723E-4 3.80609818E-5 0 0 0 0 0 0 0 0 0 6.5269159E-9 2.51651858E-4 4.9936807E-7 2.36299475E-5
1.8845849 1.23949647E-2 3.13260505E-4 3.89426714E-5 3.05246824E-4 2.66750052E-4 3.84967607E-5 0 0 0 0 0 0 0 0 0 5.30105471E-9 2.45343195E-4 4.20392382E-7 2.09811715E-5
1.90938997 1.24100447E-2 3.55495053E-4 3.97329895E-5 2.94623402E-4 2.56060768E-4 3.85626445E-5 0 0 0 0 0 0 0 0 0 4.15285184E-9 2.39291228E-4 3.25651257E-7 1.64397316E-5
1.93421006 1.24099851E-2 3.43622261E-4 3.98750162E-5 2.84047506E-4 2.45759555E-4 3.82879589E-5 0 0 0 0 0 0 0 0 0 3.20642846E-9 2.33606421E-4 2.41205242E-7 1.19087217E-5
1.95904493 1.24250054E-2 3.70161113E-4 3.9874405E-5 2.74872669E-4 2.37049127E-4 3.78235454E-5 0 0 0 0 0 0 0 0 0 2.49490695E-9 2.28264398E-4 1.79752277E-7 8.60249293E-6
1.98389494 1.24249458E-2 3.33803589E-4 4.00571225E-5 2.67254538E-4 2.29954239E-4 3.73003095E-5 0 0 0 0 0 0 0 0 0 1.97641725E-9 2.23187555E-4 1.39474452E-7 6.62523189E-6
2.00875497 1.2435019E-2 2.74533668E-4 3.81914797E-5 2.60753557E-4 2.23969517E-4 3.6784033E-5 0 0 0 0 0 0 0 0 0 1.59270064E-9 2.18315516E-4 1.13307898E-7 5.53910422E-6
2.03362989 1.24399662E-2 3.01718828E-4 3.90616333E-5 2.54948769E-4 2.1864532E-4 3.63034451E-5 0 0 0 0 0 0 0 0 0 1.30037991E-9 2.1361791E-4 9.5497164E-8 4.93061771E-6
2.05851507 1.24450922E-2 2.63152295E-4 3.88628323E-5 2.49632023E-4 2.13751235E-4 3.5880792E-5 0 0 0 0 0 0 0 0 0 1.07316467E-9 2.09085425E-4 8.28251174E-8 4.58190925E-6
2.08341002 1.24499798E-2 2.53670296E-4 3.90774294E-5 2.44744937E-4 2.09192527E-4 3.55524135E-5 0 0 0 0 0 0 0 0 0 8.94259111E-10 2.04715048E-4 7.35021501E-8 4.40308077E-6
2.10831499 1.24549866E-2 3.02992587E-4 3.95023417E-5 2.4027891E-4 2.04906653E-4 3.53722644E-5 0 0 0 0 0 0 0 0 0 7.50833451E-10 2.00504903E-4 6.61415882E-8 4.33486048E-6
2.13322496 1.24549866E-2 3.02961969E-4 4.09374006E-5 2.3622658E-4 2.00813301E-4 3.5413279E-5 0 0 0 0 0 0 0 0 0 6.32315367E-10 1.96450463E-4 5.95078475E-8 4.30268938E-6
2.15814495 1.24651194E-2 2.15540262E-4 4.05908031E-5 2.32590828E-4 1.96819776E-4 3.57710487E-5 0 0 0 0 0 0 0 0 0 5.3135929E-10 1.92539897E-4 5.28532631E-8 4.22649646E-6
2.18307495 1.24648809E-2 1.90816325E-4 4.09442473E-5 2.29401165E-4 1.92846448E-4 3.65547203E-5 0 0 0 0 0 0 0 0 0 4.44411702E-10 1.88743637E-4 4.6155801E-8 4.05619949E-6
2.20800996 1.24700069E-2 2.53291189E-4 4.45836122E-5 2.26684555E-4 1.88838967E-4 3.78455807E-5 0 0 0 0 0 0 0 0 0 3.70093234E-10 1.85004625E-4 3.98097448E-8 3.79416997E-6
2.23295498 1.24750137E-2 1.89634608E-4 4.53292523E-5 2.24395946E-4 1.84766133E-4 3.96298019E-5 0 0 0 0 0 0 0 0 0 3.0692815E-10 1.81246229E-4 3.40949668E-8 3.48550884E-6
2.25790501 1.24748945E-2 2.17859924E-4 4.81933857E-5 2.22358445E-4 1.80630828E-4 4.17276278E-5 0 0 0 0 0 0 0 0 0 2.52784543E-10 1.77414622E-4 2.89806064E-8 3.18696971E-6
2.28285503 1.24751329E-2 2.31408063E-4 5.10744103E-5 2.20290865E-4 1.76491274E-4 4.37995805E-5 0 0 0 0 0 0 0 0 0 2.05932923E-10 1.73524051E-4 2.43344545E-8 2.94267966E-6
2.30781007 1.24800205E-2 1.57081857E-4 5.16723703E-5 2.17931942E-4 1.72461805E-4 4.54701403E-5 0 0 0 0 0 0 0 0 0 1.65803551E-10 1.69656516E-4 2.01569854E-8 2.784966E-6
2.33277512 1.24849081E-2 1.99795992E-4 5.52030215E-5 2.1516085E-4 1.68679311E-4 4.64815457E-5 0 0 0 0 0 0 0 0 0 1.32492961E-10 1.65914389E-4 1.65693166E-8 2.74822492E-6
2.35774493 1.24850273E-2 1.36048693E-4 5.40461297E-5 2.12016064E-4 1.6524391E-4 4.67721584E-5 0 0 0 0 0 0 0 0 0 1.05790092E-10 1.62367942E-4 1.36527234E-8 2.86221666E-6
2.38271499 1.24850273E-2 2.00982147E-4 5.60882436E-5 2.08603218E-4 1.62164521E-4 4.64386976E-5 0 0 0 0 0 0 0 0 0 8.48724563E-11 1.59042625E-4 1.13647003E-8 3.11043846E-6
2.4076848 1.24849081E-2 1.79390438E-4 5.50953446E-5 2.05004369E-4 1.59330171E-4 4.56742018E-5 0 0 0 0 0 0 0 0 0 6.86093682E-11 1.55930451E-4 9.57618251E-9 3.39007465E-6
2.43265986 1.24900341E-2 2.39452798E-4 5.61500601E-5 2.0123685E-4 1.56542694E-4 4.46941594E-5 0 0 0 0 0 0 0 0 0 5.59024979E-11 1.52999579E-4 8.14369638E-9 3.53490395E-6
2.45763993 1.24900341E-2 2.0604016E-4 5.22282171E-5 1.97300818E-4 1.53625951E-4 4.36748633E-5 0 0 0 0 0 0 0 0 0 4.58468784E-11 1.50207285E-4 6.95593538E-9 3.41166037E-6
2.48262501 1.24950409E-2 2.33497631E-4 5.35148938E-5 1.93250569E-4 1.50535183E-4 4.27153864E-5 0 0 0 0 0 0 0 0 0 3.77655025E-11 1.47514642E-4 5.94644733E-9 3.01456043E-6
2.50761008 1.24900341E-2 1.99692906E-4 5.18058114E-5 1.89220751E-4 1.47370098E-4 4.1850657E-5 0 0 0 0 0 0 0 0 0 3.11811237E-11 1.44897276E-4 5.08179676E-9 2.46771583E-6
2.53259516 1.24950409E-2 2.23094015E-4 5.15564716E-5 1.85353259E-4 1.4428189E-4 4.10713656E-5 0 0 0 0 0 0 0 0 0 2.57688298E-11 1.42343866E-4 4.34446079E-9 1.93366691E-6
2.55758524 1.24949217E-2 1.92594787E-4 5.12482329E-5 1.81728887E-4 1.41371682E-4 4.03572049E-5 0 0 0 0 0 0 0 0 0 2.12988151E-11 1.39851167E-4 3.718998E-9 1.51676761E-6
2.58257508 1.24950409E-2 1.80324132E-4 5.10017235E-5 1.78350208E-4 1.38661126E-4 3.96890864E-5 0 0 0 0 0 0 0 0 0 1.76046226E-11 1.37421608E-4 3.18944027E-9 1.23631173E-6
2.60756493 1.24949217E-2 1.66471887E-4 4.99641465E-5 1.75186346E-4 1.36120536E-4 3.90658133E-5 0 0 0 0 0 0 0 0 0 1.45544514E-11 1.35057751E-4 2.74004686E-9 1.06003552E-6
2.63255501 1.24950409E-2 1.9724328E-4 5.17681947E-5 1.72211629E-4 1.33710375E-4 3.85012536E-5 0 0 0 0 0 0 0 0 0 1.20402559E-11 1.3276079E-4 2.3575546E-9 9.4721338E-7
2.65754509 1.24950409E-2 2.13793814E-4 5.09228157E-5 1.69417704E-4 1.31398338E-4 3.80193669E-5 0 0 0 0 0 0 0 0 0 9.96874371E-12 1.30526867E-4 2.03094097E-9 8.69418841E-7
2.68253994 1.24999285E-2 1.59000978E-4 5.08308294E-5 1.66798447E-4 1.29159831E-4 3.76386197E-5 0 0 0 0 0 0 0 0 0 8.25845642E-12 1.28346321E-4 1.750874E-9 8.11751363E-7
2.70753503 1.24950409E-2 2.37629167E-4 4.94710293E-5 1.643297E-4 1.26976898E-4 3.73528019E-5 0 0 0 0 0 0 0 0 0 6.84102427E-12 1.26207844E-4 1.50960122E-9 7.67531674E-7
2.73253012 1.24999285E-2 1.57104572E-4 5.14888306E-5 1.61962234E-4 1.24836224E-4 3.71260103E-5 0 0 0 0 0 0 0 0 0 5.66088496E-12 1.24101454E-4 1.30078115E-9 7.33474337E-7
2.75752497 1.24950409E-2 8.70991717E-5 5.13488412E-5 1.5963371E-4 1.22733065E-4 3.69006375E-5 0 0 0 0 0 0 0 0 0 4.67579361E-12 1.22025172E-4 1.1196325E-9 7.06775893E-7
2.78252006 1.25000477E-2 1.59883697E-4 5.0833587E-5 1.57288101E-4 1.20670717E-4 3.66173772E-5 0 0 0 0 0 0 0 0 0 3.85491639E-12 1.19986078E-4 9.62690705E-10 6.83669498E-7
2.80751991 1.24999285E-2 2.28826088E-4 4.94529377E-5 1.5489856E-4 1.18655502E-4 3.62430656E-5 0 0 0 0 0 0 0 0 0 3.17429221E-12 1.17995151E-4 8.27162061E-10 6.59522925E-7
2.832515 1.24950409E-2 2.08189958E-4 5.02963921E-5 1.52473935E-4 1.1669386E-4 3.57800782E-5 0 0 0 0 0 0 0 0 0 2.61369637E-12 1.16062656E-4 7.10570713E-10 6.3049049E-7
2.85751009 1.24999285E-2 1.45147715E-4 4.84929406E-5 1.50038773E-4 1.14786802E-4 3.52519746E-5 0 0 0 0 0 0 0 0 0 2.15373813E-12 1.14190785E-4 6.10454409E-10 5.95408437E-7
2.88250995 1.25000477E-2 1.65753081E-4 4.99587695E-5 1.47624422E-4 1.12933187E-4 3.4691242E-5 0 0 0 0 0 0 0 0 0 1.77672644E-12 1.12376343E-4 5.24609578E-10 5.56317104E-7
2.90751004 1.25000477E-2 1.52573746E-4 5.15046377E-5 1.45255544E-4 1.11131747E-4 3.41237974E-5 0 0 0 0 0 0 0 0 0 1.46734285E-12 1.10614317E-4 4.51122278E-10 5.16973785E-7
2.9325099 1.24999285E-2 8.49633852E-6 4.83209406E-5 1.42949211E-4 1.09380824E-4 3.35683799E-5 0 0 0 0 0 0 0 0 0 1.21298826E-12 1.08899658E-4 3.88272053E-10 4.80776919E-7
2.95750999 1.25000477E-2 8.89134317E-5 4.88787227E-5 1.40716322E-4 1.07678185E-4 3.30381336E-5 0 0 0 0 0 0 0 0 0 1.00344418E-12 1.07228181E-4 3.34454547E-10 4.49668846E-7
2.98251009 1.24999285E-2 -3.19947844E-6 4.85137025E-5 1.38560426E-4 1.06021442E-4 3.25389883E-5 0 0 0 0 0 0 0 0 0 8.30515723E-13 1.05596817E-4 2.88235269E-10 4.24336662E-7
3.00750494 1.24950409E-2 5.66418312E-5 4.73997752E-5 1.35753231E-4 1.04408842E-4 3.13443925E-5 0 0 0 0 0 0 0 0 0 6.87657179E-13 1.04003746E-4 2.48429333E-10 4.04843888E-7
3.03250003 1.25000477E-2 9.47237277E-5 4.83084405E-5 1.31645516E-4 1.02837868E-4 2.88076481E-5 0 0 0 0 0 0 0 0 0 5.6950988E-13 1.02446982E-4 2.14081364E-10 3.90670152E-7
3.05749989 1.24999285E-2 9.14418924E-5 4.57959359E-5 1.27786785E-4 1.01305028E-4 2.64817481E-5 0 0 0 0 0 0 0 0 0 4.71756965E-13 1.00924786E-4 1.84444307E-10 3.80063398E-7
3.08249998 1.25000477E-2 1.64634548E-4 4.82046416E-5 1.24193699E-4 9.98051109E-5 2.43885843E-5 0 0 0 0 0 0 0 0 0 3.90857567E-13 9.94353832E-5 1.58900393E-10 3.69569989E-7
3.10750008 1.24999285E-2 1.36082075E-4 4.81338175E-5 1.20832075E-4 9.83311984E-5 2.25008735E-5 0 0 0 0 0 0 0 0 0 3.23852951E-13 9.79761899E-5 1.36898576E-10 3.54874345E-7
3.13249993 1.25000477E-2 1.47916027E-4 4.8980688E-5 1.17670417E-4 9.68775421E-5 2.07928788E-5 0 0 0 0 0 0 0 0 0 2.68285828E-13 9.65444706E-5 1.1794242E-10 3.32951203E-7
3.15750003 1.25000477E-2 5.82454377E-5 4.6782181E-5 1.14679649E-4 9.54423085E-5 1.92373391E-5 0 0 0 0 0 0 0 0 0 2.22149908E-13 9.51382171E-5 1.01596308E-10 3.03988656E-7
3.18249989 1.24999285E-2 1.30159024E-4 4.70936684E-5 1.11838141E-4 9.40283498E-5 1.78097853E-5 0 0 0 0 0 0 0 0 0 1.83829297E-13 9.37568911E-5 8.74918887E-11 2.71374716E-7
3.20749998 1.25000477E-2 2.9572122E-5 4.75619345E-5 1.09132394E-4 9.26415305E-5 1.64908652E-5 0 0 0 0 0 0 0 0 0 1.52019266E-13 9.24017804E-5 7.53238097E-11 2.3967695E-7
3.23500013 1.49999857E-2 2.85504211E-5 4.28277708E-5 1.06303916E-4 9.11539755E-5 1.51499416E-5 0 0 0 0 0 0 0 0 0 1.23362095E-13 9.09439914E-5 6.38983796E-11 2.09921865E-7
3.26250005 1.25000477E-2 1.38977979E-4 4.65414523E-5 1.03618331E-4 8.97081627E-5 1.39101676E-5 0 0 0 0 0 0 0 0 0 9.99620579E-14 8.95216217E-5 5.4167882E-11 1.86484726E-7
3.2874999 1.24999285E-2 1.3016774E-4 4.66420352E-5 1.01303216E-4 8.8431967E-5 1.28712509E-5 0 0 0 0 0 0 0 0 0 8.26389535E-14 8.82618187E-5 4.66497535E-11 1.70104983E-7
3.3125 1.25000477E-2 1.1882434E-4 4.73829714E-5 9.91035558E-5 8.71895681E-5 1.19139831E-5 0 0 0 0 0 0 0 0 0 6.83535937E-14 8.7032553E-5 4.01960756E-11 1.56976853E-7
3.3375001 1.24999285E-2 1.05013693E-4 4.62987919E-5 9.70138717E-5 8.59780994E-5 1.10357769E-5 0 0 0 0 0 0 0 0 0 5.6571728E-14 8.58320782E-5 3.46539776E-11 1.45984401E-7
3.36249995 1.25000477E-2 1.46204256E-4 4.69861989E-5 9.5026815E-5 8.47940537E-5 1.02327567E-5 0 0 0 0 0 0 0 0 0 4.68397768E-14 8.46576368E-5 2.98871032E-11 1.36388081E-7
3.38750005 1.25000477E-2 1.36924151E-4 4.69549777E-5 9.31324612E-5 8.36345498E-5 9.49791047E-6 0 0 0 0 0 0 0 0 0 3.87890844E-14 8.35067694E-5 2.57804438E-11 1.27756493E-7
3.4124999 1.24999285E-2 8.46443654E-5 4.69575134E-5 9.13207332E-5 8.24974195E-5 8.82331551E-6 0 0 0 0 0 0 0 0 0 3.21193979E-14 8.23775481E-5 2.22374098E-11 1.19848593E-7
3.4375 1.25000477E-2 3.81419959E-5 4.6231431E-5 8.95828343E-5 8.1381535E-5 8.20129571E-6 0 0 0 0 0 0 0 0 0 2.65895263E-14 8.12689905E-5 1.91782996E-11 1.12528014E-7
3.4625001 1.24999285E-2 8.03247749E-5 4.58090326E-5 8.79113941E-5 8.02867144E-5 7.62468426E-6 0 0 0 0 0 0 0 0 0 2.20048707E-14 8.01809729E-5 1.65370755E-11 1.0571955E-7
3.48749995 1.25000477E-2 4.95715576E-5 4.71961066E-5 8.63018213E-5 7.92132196E-5 7.08860171E-6 0 0 0 0 0 0 0 0 0 1.82055993E-14 7.91138154E-5 1.4257746E-11 9.93927074E-8
3.51250005 1.25000477E-2 7.4931595E-5 4.84952034E-5 8.47510528E-5 7.81617491E-5 6.58930594E-6 0 0 0 0 0 0 0 0 0 1.50606608E-14 7.80681876E-5 1.22927588E-11 9.35487847E-8
3.5374999 1.24999285E-2 4.57287424E-5 4.60754272E-5 8.32572478E-5 7.71326377E-5 6.12461463E-6 0 0 0 0 0 0 0 0 0 1.24598758E-14 7.70444385E-5 1.06003296E-11 8.81871856E-8
3.5625 1.25000477E-2 4.320683E-5 4.61295458E-5 8.18190674E-5 7.61257979E-5 5.69326994E-6 0 0 0 0 0 0 0 0 0 1.03106254E-14 7.60425246E-5 9.14357826E-12 8.32610141E-8
3.59000015 1.49999857E-2 5.51593803E-5 4.05629617E-5 8.02997965E-5 7.50436084E-5 5.25618771E-6 0 0 0 0 0 0 0 0 0 8.38087686E-15 7.49653918E-5 7.77771424E-12 7.82094105E-8
3.61750007 1.25000477E-2 6.34610187E-5 4.59505391E-5 7.88404504E-5 7.39854877E-5 4.85495912E-6 0 0 0 0 0 0 0 0 0 6.80621763E-15 7.3912146E-5 6.61351139E-12 7.33402672E-8
3.64249992 1.24999285E-2 4.3756223E-5 4.60075316E-5 7.75649387E-5 7.30441316E-5 4.52080667E-6 0 0 0 0 0 0 0 0 0 5.63811599E-15 7.29751628E-5 5.71111084E-12 6.89669335E-8
3.66750002 1.25000477E-2 2.3442654E-8 4.45546975E-5 7.63344069E-5 7.21210527E-5 4.21335517E-6 0 0 0 0 0 0 0 0 0 4.6715163E-15 7.20563912E-5 4.9331034E-12 6.46556728E-8
3.69250011 1.24999285E-2 1.04450824E-4 4.59903276E-5 7.51455445E-5 7.12153851E-5 3.93016398E-6 0 0 0 0 0 0 0 0 0 3.87107355E-15 7.11548564E-5 4.26180185E-12 6.05186798E-8
3.71749997 1.25000477E-2 7.76042871E-5 4.4308923E-5 7.39956231E-5 7.03265687E-5 3.66905351E-6 0 0 0 0 0 0 0 0 0 3.20780652E-15 7.02698744E-5 3.68217349E-12 5.66921337E-8
3.74250007 1.25000477E-2 7.23622943E-5 4.4913515E-5 7.28819068E-5 6.94541886E-5 3.42771364E-6 0 0 0 0 0 0 0 0 0 2.65808849E-15 6.94009286E-5 3.18154032E-12 5.32596012E-8
3.76749992 1.24999285E-2 7.42913398E-5 4.46875019E-5 7.18022202E-5 6.85979685E-5 3.20425033E-6 0 0 0 0 0 0 0 0 0 2.20246672E-15 6.85477571E-5 2.74909782E-12 5.02152062E-8
3.79250002 1.25000477E-2 1.29337004E-5 4.37331873E-5 7.07546642E-5 6.77575081E-5 2.99715407E-6 0 0 0 0 0 0 0 0 0 1.82490136E-15 6.77100325E-5 2.37559538E-12 4.74737618E-8
3.81750011 1.24999285E-2 1.35263195E-4 4.6144276E-5 6.97373762E-5 6.69324218E-5 2.80495715E-6 0 0 0 0 0 0 0 0 0 1.51204508E-15 6.68875073E-5 2.05302116E-12 4.49083402E-8
3.84249997 1.25000477E-2 8.95053381E-5 4.56750786E-5 6.87486536E-5 6.61221056E-5 2.62654657E-6 0 0 0 0 0 0 0 0 0 1.25277952E-15 6.60797086E-5 1.7743991E-12 4.23931432E-8
3.86750007 1.25000477E-2 9.96042727E-5 4.40475233E-5 6.77867429E-5 6.53260649E-5 2.46067771E-6 0 0 0 0 0 0 0 0 0 1.03791585E-15 6.52862218E-5 1.53371608E-12 3.98419218E-8
3.89249992 1.24999285E-2 5.58350039E-5 4.43395984E-5 6.68501962E-5 6.4543965E-5 2.30623391E-6 0 0 0 0 0 0 0 0 0 8.59836115E-16 6.45067266E-5 1.32577564E-12 3.72331748E-8
3.91750002 1.25000477E-2 8.94918339E-5 4.36948685E-5 6.5937842E-5 6.3775602E-5 2.1622343E-6 0 0 0 0 0 0 0 0 0 7.12266088E-16 6.37409903E-5 1.14612876E-12 3.46127358E-8
3.94250011 1.24999285E-2 7.95324377E-5 4.37934323E-5 6.504872E-5 6.30209979E-5 2.02772299E-6 0 0 0 0 0 0 0 0 0 5.90012076E-16 6.29889328E-5 9.90951353E-13 3.20683569E-8
3.96749997 1.25000477E-2 8.6083739E-5 4.51545748E-5 6.41822262E-5 6.22801163E-5 1.90210426E-6 0 0 0 0 0 0 0 0 0 4.88759186E-16 6.22504303E-5 8.56933827E-13 2.96876497E-8
3.99500012 1.50001049E-2 2.42184105E-5 3.79759404E-5 6.32549127E-5 6.14812379E-5 1.7736719E-6 0 0 0 0 0 0 0 0 0 3.97646155E-16 6.14539167E-5 7.30838079E-13 2.73242104E-8
4.02250004 1.24998093E-2 1.05772931E-4 4.30562686E-5 6.23524975E-5 6.06980502E-5 1.65444317E-6 0 0 0 0 0 0 0 0 0 3.23165992E-16 6.06728281E-5 6.23018022E-13 2.52232137E-8
4.04749966 1.25000477E-2 8.54286918E-5 4.40378644E-5 6.15537356E-5 5.99997074E-5 1.55403109E-6 0 0 0 0 0 0 0 0 0 2.67836053E-16 5.99761843E-5 5.39200249E-13 2.35234463E-8
4.07499981 1.50001049E-2 1.28069396E-5 3.98202537E-5 6.06973008E-5 5.92457181E-5 1.45158208E-6 0 0 0 0 0 0 0 0 0 2.1800975E-16 5.92238794E-5 4.60241979E-13 2.18398011E-8
4.10500002 1.49998665E-2 2.29420448E-6 3.95841598E-5 5.97872095E-5 5.84389563E-5 1.34825382E-6 0 0 0 0 0 0 0 0 0 1.74034354E-16 5.84187801E-5 3.87133712E-13 2.01749977E-8
4.13249969 1.25000477E-2 1.02536273E-4 4.51963351E-5 5.89741467E-5 5.77135688E-5 1.26057864E-6 0 0 0 0 0 0 0 0 0 1.41459823E-16 5.76947896E-5 3.3028376E-13 1.87788451E-8
4.15999985 1.50001049E-2 7.66523863E-6 4.04231068E-5 5.81814857E-5 5.70022348E-5 1.17924969E-6 0 0 0 0 0 0 0 0 0 1.15123146E-16 5.69847398E-5 2.82041697E-13 1.74936741E-8
4.1875 1.24998093E-2 6.14107776E-5 4.42735982E-5 5.74074184E-5 5.63039939E-5 1.10342421E-6 0 0 0 0 0 0 0 0 0 9.3567746E-17 5.62876958E-5 2.40714756E-13 1.63008842E-8
4.21249962 1.25000477E-2 4.71460517E-5 4.42818564E-5 5.67200659E-5 5.56808445E-5 1.03922162E-6 0 0 0 0 0 0 0 0 0 7.75409297E-17 5.56655505E-5 2.08542656E-13 1.5292331E-8
4.23750019 1.25000477E-2 1.8339173E-5 4.45463811E-5 5.60473673E-5 5.50682707E-5 9.79096512E-7 0 0 0 0 0 0 0 0 0 6.42550326E-17 5.50539226E-5 1.80706985E-13 1.43485028E-8
4.26249981 1.25000477E-2 9.07112189E-5 4.4026041E-5 5.53888676E-5 5.44660579E-5 9.22809079E-7 0 0 0 0 0 0 0 0 0 5.32398026E-17 5.44525938E-5 1.56620254E-13 1.34645122E-8
4.28999996 1.49998665E-2 6.69586916E-6 3.82069848E-5 5.4680575E-5 5.38154745E-5 8.65098229E-7 0 0 0 0 0 0 0 0 0 4.33117228E-17 5.38029199E-5 1.33901232E-13 1.25572273E-8
4.31750011 1.25000477E-2 4.5918765E-5 4.30264372E-5 5.39878383E-5 5.31764708E-5 8.11365283E-7 0 0 0 0 0 0 0 0 0 3.51830983E-17 5.31647602E-5 1.14423675E-13 1.17105508E-8
4.34249973 1.25000477E-2 1.99895094E-5 4.24280552E-5 5.33715975E-5 5.26057229E-5 7.65871107E-7 0 0 0 0 0 0 0 0 0 2.91386481E-17 5.25947326E-5 9.92436046E-14 1.09924736E-8
4.37249994 1.74999237E-2 -2.1527454E-5 3.64673906E-5 5.26485564E-5 5.19333298E-5 7.15225326E-7 0 0 0 0 0 0 0 0 0 2.32715288E-17 5.19231362E-5 8.37513584E-14 1.01927862E-8
4.40250015 1.25000477E-2 5.83410729E-5 4.42166092E-5 5.19411951E-5 5.12729894E-5 6.68206667E-7 0 0 0 0 0 0 0 0 0 1.85338667E-17 5.12635379E-5 7.05785324E-14 9.45174872E-9
4.42749977 1.25000477E-2 1.18843E-5 4.43542776E-5 5.13642517E-5 5.07324949E-5 6.31757132E-7 0 0 0 0 0 0 0 0 0 1.53518733E-17 5.07236145E-5 6.12496436E-14 8.87981066E-9
4.45250034 1.25000477E-2 1.51800676E-4 4.54119727E-5 5.07979603E-5 5.0200455E-5 5.97506244E-7 0 0 0 0 0 0 0 0 0 1.27183056E-17 5.01921095E-5 5.31613294E-14 8.34420533E-9
4.48000002 1.49998665E-2 4.50932966E-5 4.14919377E-5 5.01872528E-5 4.96250541E-5 5.6219875E-7 0 0 0 0 0 0 0 0 0 1.0349276E-17 4.96172615E-5 4.55181886E-14 7.79251952E-9
4.51000023 1.50001049E-2 8.12096187E-6 4.05763749E-5 4.95347922E-5 4.9008544E-5 5.26250517E-7 0 0 0 0 0 0 0 0 0 8.26149118E-18 4.90013153E-5 3.84226105E-14 7.22823934E-9
4.53750038 1.25000477E-2 1.0335246E-4 4.57809183E-5 4.89488302E-5 4.8453363E-5 4.95467759E-7 0 0 0 0 0 0 0 0 0 6.7166069E-18 4.84466218E-5 3.28902317E-14 6.74175604E-9
4.5625 1.24998093E-2 8.00961134E-5 4.60441443E-5 4.84262164E-5 4.79570008E-5 4.69217071E-7 0 0 0 0 0 0 0 0 0 5.56810963E-18 4.79506743E-5 2.85705467E-14 6.32473451E-9
4.58749962 1.25000477E-2 2.28776662E-5 4.44924626E-5 4.79128248E-5 4.74683111E-5 4.44511272E-7 0 0 0 0 0 0 0 0 0 4.61628779E-18 4.74623812E-5 2.48232204E-14 5.93164406E-9
4.61250019 1.25000477E-2 5.67862771E-5 4.34724971E-5 4.74084591E-5 4.69872284E-5 4.2123088E-7 0 0 0 0 0 0 0 0 0 3.82736221E-18 4.69816659E-5 2.15720369E-14 5.56293456E-9
4.63749981 1.25000477E-2 1.07208916E-6 4.3507036E-5 4.69129336E-5 4.65136327E-5 3.99300603E-7 0 0 0 0 0 0 0 0 0 3.17348959E-18 4.65084158E-5 1.8751202E-14 5.21846388E-9
4.66250038 1.25000477E-2 7.52850683E-5 4.39512478E-5 4.64260011E-5 4.60473639E-5 3.78639896E-7 0 0 0 0 0 0 0 0 0 2.63148218E-18 4.60424635E-5 1.63031667E-14 4.89719243E-9
4.6875 1.24998093E-2 4.58019931E-5 4.14937567E-5 4.59473376E-5 4.55881818E-5 3.59157696E-7 0 0 0 0 0 0 0 0 0 2.18214257E-18 4.55835834E-5 1.41780059E-14 4.59736738E-9
4.71249962 1.25000477E-2 2.55875261E-6 4.43337376E-5 4.5476685E-5 4.51358974E-5 3.40788517E-7 0 0 0 0 0 0 0 0 0 1.8095856E-18 4.51315791E-5 1.23325431E-14 4.31691438E-9
4.73750019 1.25000477E-2 7.89451078E-5 4.36957453E-5 4.5013785E-5 4.46903541E-5 3.23430527E-7 0 0 0 0 0 0 0 0 0 1.50062836E-18 4.46863014E-5 1.07294163E-14 4.0538084E-9
4.76249981 1.25000477E-2 9.27898145E-6 4.2491869E-5 4.45585247E-5 4.42515047E-5 3.07021907E-7 0 0 0 0 0 0 0 0 0 1.24440917E-18 4.42476958E-5 9.33659769E-15 3.80636811E-9
4.78750038 1.25000477E-2 5.9619706E-5 4.29396132E-5 4.41108277E-5 4.38193165E-5 2.91508485E-7 0 0 0 0 0 0 0 0 0 1.03199229E-18 4.3815744E-5 8.12660011E-15 3.5733505E-9
4.8125 1.24998093E-2 4.62591161E-5 4.24832506E-5 4.36705341E-5 4.33936912E-5 2.76843082E-7 0 0 0 0 0 0 0 0 0 8.55884348E-19 4.33903369E-5 7.07526748E-15 3.35387007E-9
4.83749962 1.25000477E-2 1.0292657E-4 4.25140024E-5 4.32375018E-5 4.29744978E-5 2.63003983E-7 0 0 0 0 0 0 0 0 0 7.09892657E-19 4.29713509E-5 6.16167468E-15 3.1473153E-9
4.86750031 1.75001621E-2 2.91467568E-5 3.53377109E-5 4.27274172E-5 4.24799691E-5 2.47445712E-7 0 0 0 0 0 0 0 0 0 5.68044314E-19 4.24770551E-5 5.22564314E-15 2.91629498E-9
4.9000001 1.49998665E-2 4.66399724E-5 4.01884135E-5 4.21854711E-5 4.19537464E-5 2.31724883E-7 0 0 0 0 0 0 0 0 0 4.45221124E-19 4.19510616E-5 4.36786642E-15 2.68448375E-9
4.92749977 1.25000477E-2 5.83507135E-5 4.34456269E-5 4.17356714E-5 4.1516334E-5 2.19336101E-7 0 0 0 0 0 0 0 0 0 3.62322169E-19 4.15138311E-5 3.754399E-15 2.50311905E-9
4.95250034 1.25000477E-2 2.63318107E-5 4.36752271E-5 4.13336384E-5 4.11248802E-5 2.0875909E-7 0 0 0 0 0 0 0 0 0 3.00641146E-19 4.11225301E-5 3.27384163E-15 2.34942243E-9
4.97749996 1.24998093E-2 1.084908E-4 4.23180099E-5 4.09378699E-5 4.07390835E-5 1.98787546E-7 0 0 0 0 0 0 0 0 0 2.49479818E-19 4.07368752E-5 2.85558206E-15 2.20549712E-9
5.00249958 1.25000477E-2 6.93836701E-5 4.32814486E-5 4.05481551E-5 4.03587546E-5 1.89397596E-7 0 0 0 0 0 0 0 0 0 2.07039482E-19 4.03566846E-5 2.49141591E-15 2.07068029E-9
5.02999973 1.50001049E-2 7.13974805E-5 3.85624589E-5 4.01262914E-5 3.99465971E-5 1.79693771E-7 0 0 0 0 0 0 0 0 0 1.68757408E-19 3.99446653E-5 2.14555182E-15 1.93229011E-9
5.05999994 1.49998665E-2 3.36885641E-5 3.99849559E-5 3.96737014E-5 3.95039242E-5 1.69777294E-7 0 0 0 0 0 0 0 0 0 1.34925902E-19 3.95021343E-5 1.82260209E-15 1.79192383E-9
5.09000015 1.50001049E-2 -2.28414465E-5 3.92078873E-5 3.92288857E-5 3.90683708E-5 1.60515626E-7 0 0 0 0 0 0 0 0 0 1.0786863E-19 3.90667083E-5 1.54865649E-15 1.66187508E-9
5.12249994 1.74999237E-2 -2.48471479E-5 3.62516548E-5 3.87555701E-5 3.86044267E-5 1.5114459E-7 0 0 0 0 0 0 0 0 0 8.46965157E-20 3.86028951E-5 1.29900369E-15 1.53177293E-9
5.15499973 1.50001049E-2 2.13075941E-6 3.85807834E-5 3.82905637E-5 3.81481877E-5 1.42375129E-7 0 0 0 0 0 0 0 0 0 6.63919135E-20 3.81467762E-5 1.08900157E-15 1.41157874E-9
5.18249989 1.25000477E-2 5.08318917E-5 4.23875899E-5 3.79035664E-5 3.77681827E-5 1.35385918E-7 0 0 0 0 0 0 0 0 0 5.40214921E-20 3.77668657E-5 9.38227797E-16 1.31723843E-9
5.2125001 1.74999237E-2 3.912783E-5 3.62592364E-5 3.74883311E-5 3.73601433E-5 1.28188333E-7 0 0 0 0 0 0 0 0 0 4.32241097E-20 3.7358921E-5 7.98492824E-16 1.22177557E-9
5.24499989 1.50001049E-2 8.02123323E-5 4.00977915E-5 3.7045942E-5 3.69251211E-5 1.20819408E-7 0 0 0 0 0 0 0 0 0 3.3865511E-20 3.6923997E-5 6.69859013E-16 1.12586263E-9
5.27750015 1.74999237E-2 2.98359555E-5 3.65777305E-5 3.66118475E-5 3.64979605E-5 1.13889421E-7 0 0 0 0 0 0 0 0 0 2.65707522E-20 3.64969201E-5 5.62564079E-16 1.03768449E-9
5.30749989 1.25000477E-2 7.24172496E-5 4.34701215E-5 3.62180544E-5 3.61102138E-5 1.07842581E-7 0 0 0 0 0 0 0 0 0 2.11957584E-20 3.61092498E-5 4.78473559E-16 9.62254498E-10
5.33249998 1.24998093E-2 3.35623699E-5 4.50745356E-5 3.58953184E-5 3.57922545E-5 1.03064984E-7 0 0 0 0 0 0 0 0 0 1.75786898E-20 3.57913523E-5 4.18447167E-16 9.03785935E-10
5.35750008 1.25000477E-2 7.58964015E-5 4.76078967E-5 3.557733E-5 3.54788099E-5 9.85179227E-8 0 0 0 0 0 0 0 0 0 1.45806448E-20 3.54779622E-5 3.66045341E-16 8.48946524E-10
5.38249969 1.25000477E-2 1.38739837E-4 4.78735055E-5 3.526402E-5 3.51698291E-5 9.41908169E-8 0 0 0 0 0 0 0 0 0 1.20957959E-20 3.51690287E-5 3.20289468E-16 7.97513333E-10
5.40750027 1.25000477E-2 1.3856063E-4 5.04752752E-5 3.49552902E-5 3.48652065E-5 9.00810306E-8 0 0 0 0 0 0 0 0 0 1.00365006E-20 3.48644608E-5 2.80330133E-16 7.49263152E-10
5.43249989 1.25000477E-2 6.02461041E-5 4.88353835E-5 3.46510133E-5 3.45648295E-5 8.618332E-8 0 0 0 0 0 0 0 0 0 8.32948986E-21 3.45641274E-5 2.454229E-16 7.03975045E-10
5.45749998 1.24998093E-2 7.00764358E-5 5.00498718E-5 3.43510255E-5 3.42685344E-5 8.24893363E-8 0 0 0 0 0 0 0 0 0 6.91398269E-21 3.42678759E-5 2.14920396E-16 6.61442956E-10
5.48250008 1.25000477E-2 -6.90548268E-6 4.75057714E-5 3.40551924E-5 3.39761973E-5 7.89950576E-8 0 0 0 0 0 0 0 0 0 5.74006032E-21 3.39755752E-5 1.88265103E-16 6.2148714E-10
5.50749969 1.25000477E-2 5.71289384E-5 4.89391205E-5 3.37633464E-5 3.36876583E-5 7.56859251E-8 0 0 0 0 0 0 0 0 0 4.76574738E-21 3.36870762E-5 1.64962287E-16 5.83941506E-10
5.53250027 1.25000477E-2 4.52496024E-5 4.61863347E-5 3.34753749E-5 3.34028227E-5 7.25521971E-8 0 0 0 0 0 0 0 0 0 3.95708584E-21 3.34022734E-5 1.44589689E-16 5.48663004E-10
5.55999994 1.49998665E-2 6.29893912E-5 4.20106226E-5 3.31629817E-5 3.30936855E-5 6.92956448E-8 0 0 0 0 0 0 0 0 0 3.22722739E-21 3.30931725E-5 1.25159349E-16 5.12346887E-10
5.58749962 1.25000477E-2 1.25059174E-4 4.57934802E-5 3.28548012E-5 3.27885828E-5 6.62169839E-8 0 0 0 0 0 0 0 0 0 2.62859258E-21 3.27881025E-5 1.08308912E-16 4.7835863E-10
5.61750031 1.75001621E-2 3.28870046E-5 3.70485104E-5 3.25235778E-5 3.24605244E-5 6.30540598E-8 0 0 0 0 0 0 0 0 0 2.10559814E-21 3.24600769E-5 9.26318341E-17 4.43937581E-10
5.65750027 2.24997997E-2 -9.07069261E-6 3.25341207E-5 3.20894869E-5 3.20303807E-5 5.91069771E-8 0 0 0 0 0 0 0 0 0 1.56613401E-21 3.20299769E-5 7.52356435E-17 4.01851302E-10
5.69499969 1.50001049E-2 1.12145117E-5 4.11253895E-5 3.16898841E-5 3.16342339E-5 5.56495472E-8 0 0 0 0 0 0 0 0 0 1.181233E-21 3.16338665E-5 6.17998547E-17 3.65848934E-10
5.7249999 1.49998665E-2 4.9164988E-5 4.09658533E-5 3.13758828E-5 3.13228302E-5 5.30519983E-8 0 0 0 0 0 0 0 0 0 9.44501521E-22 3.13224919E-5 5.28727329E-17 3.39476669E-10
5.75249958 1.25000477E-2 1.40629982E-5 4.61101372E-5 3.10922806E-5 3.10414871E-5 5.0792444E-8 0 0 0 0 0 0 0 0 0 7.68934506E-22 3.10411706E-5 4.58265206E-17 3.16967841E-10
5.77999973 1.50001049E-2 1.4388309E-5 4.05865576E-5 3.08128874E-5 3.07642404E-5 4.86485519E-8 0 0 0 0 0 0 0 0 0 6.26853866E-22 3.07639457E-5 3.97571722E-17 2.96011604E-10
5.80749989 1.25000477E-2 5.28435157E-5 4.43816207E-5 3.0537336E-5 3.04907244E-5 4.66098946E-8 0 0 0 0 0 0 0 0 0 5.10422743E-22 3.04904479E-5 3.44812389E-17 2.76416889E-10
5.83249998 1.24998093E-2 8.14141749E-5 4.65288067E-5 3.02902135E-5 3.02453645E-5 4.48478339E-8 0 0 0 0 0 0 0 0 0 4.23738061E-22 3.02451062E-5 3.03117788E-17 2.5976038E-10
5.85750008 1.25000477E-2 8.66938717E-5 4.62069802E-5 3.00461215E-5 3.00029533E-5 4.31686615E-8 0 0 0 0 0 0 0 0 0 3.51786424E-22 3.00027095E-5 2.6652211E-17 2.44113674E-10
5.88500023 1.50001049E-2 -4.25363905E-5 4.22895646E-5 2.9781082E-5 2.97396728E-5 4.14095318E-8 0 0 0 0 0 0 0 0 0 2.86863475E-22 2.97394454E-5 2.3147364E-17 2.28007543E-10
5.91499996 1.49998665E-2 6.39893642E-7 4.45604383E-5 2.94958299E-5 2.94562451E-5 3.95849362E-8 0 0 0 0 0 0 0 0 0 2.29449976E-22 2.94560341E-5 1.98450472E-17 2.11626383E-10
5.94750023 1.75001621E-2 -9.7064767E-5 4.09065724E-5 2.91914293E-5 2.91537144E-5 3.77156724E-8 0 0 0 0 0 0 0 0 0 1.80267389E-22 2.91535198E-5 1.68073042E-17 1.9521576E-10
5.98000002 1.49998665E-2 -5.78526524E-5 4.3760454E-5 2.88915926E-5 2.88556494E-5 3.59427368E-8 0 0 0 0 0 0 0 0 0 1.41404567E-22 2.88554693E-5 1.42280508E-17 1.80042731E-10
6.01000023 1.50001049E-2 6.45085966E-5 4.46945851E-5 2.86189788E-5 2.85845872E-5 3.43910997E-8 0 0 0 0 0 0 0 0 0 1.13082958E-22 2.85844199E-5 1.22068755E-17 1.67097433E-10
6.03999996 1.49998665E-2 -1.97537756E-5 4.35168513E-5 2.83503014E-5 2.83173904E-5 3.29125953E-8 0 0 0 0 0 0 0 0 0 9.04303694E-23 2.8317234E-5 1.04753441E-17 1.5508532E-10
6.07250023 1.75001621E-2 -2.2522654E-5 4.05543615E-5 2.80637851E-5 2.80323911E-5 3.13927693E-8 0 0 0 0 0 0 0 0 0 7.10357633E-23 2.80322492E-5 8.88158134E-18 1.43065573E-10
6.10750008 1.74999237E-2 -3.071221E-5 4.05017163E-5 2.77604249E-5 2.77305808E-5 2.98440241E-8 0 0 0 0 0 0 0 0 0 5.47375057E-23 2.77304498E-5 7.43591282E-18 1.31169284E-10
6.14000034 1.50001049E-2 4.71001513E-5 4.28555759E-5 2.74835311E-5 2.74550421E-5 2.84887296E-8 0 0 0 0 0 0 0 0 0 4.29499737E-23 2.74549202E-5 6.30607592E-18 1.21030477E-10
6.17000008 1.49998665E-2 9.94093625E-6 4.39688192E-5 2.72319649E-5 2.72046564E-5 2.73082197E-8 0 0 0 0 0 0 0 0 0 3.43695021E-23 2.72045436E-5 5.42039875E-18 1.12415487E-10
6.19750023 1.25000477E-2 1.00693731E-4 4.96914545E-5 2.70044202E-5 2.69781358E-5 2.62832121E-8 0 0 0 0 0 0 0 0 0 2.8006367E-23 2.69780321E-5 4.71837263E-18 1.05093739E-10
6.22249985 1.25000477E-2 9.34226482E-5 4.86435747E-5 2.67999749E-5 2.67745781E-5 2.53960923E-8 0 0 0 0 0 0 0 0 0 2.32649296E-23 2.67744799E-5 4.16127683E-18 9.8909346E-11
6.25500011 1.99999809E-2 6.46209674E-6 3.67663379E-5 2.65374802E-5 2.65131785E-5 2.43013627E-8 0 0 0 0 0 0 0 0 0 1.83187244E-23 2.65130875E-5 3.53827293E-18 9.15371182E-11
6.29500008 1.99999809E-2 1.33683589E-5 3.84921441E-5 2.62189897E-5 2.61959631E-5 2.3026443E-8 0 0 0 0 0 0 0 0 0 1.36063486E-23 2.61958794E-5 2.89450969E-18 8.33876371E-11
6.32999992 1.49998665E-2 8.88866125E-5 4.51178021E-5 2.59447024E-5 2.59227327E-5 2.19684555E-8 0 0 0 0 0 0 0 0 0 1.04675855E-23 2.59226563E-5 2.42653329E-18 7.70420464E-11
6.35999966 1.50001049E-2 -4.25138751E-5 4.47464809E-5 2.57132779E-5 2.56921739E-5 2.11040341E-8 0 0 0 0 0 0 0 0 0 8.37043662E-24 2.5692103E-5 2.08790561E-18 7.21153415E-11
6.38749981 1.25000477E-2 -2.18036894E-6 5.02935291E-5 2.55041559E-5 2.54838124E-5 2.03442134E-8 0 0 0 0 0 0 0 0 0 6.81553734E-24 2.54837432E-5 1.81921625E-18 6.78937739E-11
6.41250038 1.25000477E-2 -7.84732474E-5 5.07944678E-5 2.531666E-5 2.52969767E-5 1.96829948E-8 0 0 0 0 0 0 0 0 0 5.65854779E-24 2.5296913E-5 1.60602131E-18 6.42204623E-11
6.44500017 1.99999809E-2 -7.1247282E-6 4.00442404E-5 2.50766207E-5 2.50577523E-5 1.8868155E-8 0 0 0 0 0 0 0 0 0 4.4549831E-24 2.50576923E-5 1.36782348E-18 5.95753863E-11
6.48250008 1.74999237E-2 -7.26296348E-5 4.14935785E-5 2.48040105E-5 2.47860244E-5 1.79855331E-8 0 0 0 0 0 0 0 0 0 3.37084919E-24 2.47859698E-5 1.13533972E-18 5.43220989E-11
6.51249981 1.25000477E-2 9.50693066E-5 5.27436423E-5 2.45890496E-5 2.45717256E-5 1.73234316E-8 0 0 0 0 0 0 0 0 0 2.69568385E-24 2.45716765E-5 9.78072522E-19 5.02313087E-11
6.54500008 1.99999809E-2 2.41700636E-5 3.95181014E-5 2.43592276E-5 2.43425802E-5 1.66479932E-8 0 0 0 0 0 0 0 0 0 2.12383602E-24 2.43425347E-5 8.33618352E-19 4.60167217E-11
6.58500004 1.99999809E-2 -4.15996365E-5 3.98645752E-5 2.40800873E-5 2.40642257E-5 1.58624989E-8 0 0 0 0 0 0 0 0 0 1.57868708E-24 2.40641839E-5 6.83858285E-19 4.12363199E-11
6.62750006 2.25000381E-2 -3.08906419E-5 3.79914964E-5 2.37884506E-5 2.3773373E-5 1.50766137E-8 0 0 0 0 0 0 0 0 0 1.15227236E-24 2.37733366E-5 5.54309497E-19 3.6758329E-11
6.66750002 1.74999237E-2 1.23978589E-5 4.54741603E-5 2.35188254E-5 2.35044481E-5 1.43768899E-8 0 0 0 0 0 0 0 0 0 8.54082249E-25 2.35044154E-5 4.5442263E-19 3.30749005E-11
6.70499992 1.99999809E-2 -6.91316245E-6 4.21975274E-5 2.32707534E-5 2.32569946E-5 1.37588501E-8 0 0 0 0 0 0 0 0 0 6.46709304E-25 2.32569655E-5 3.7777031E-19 3.0050018E-11
6.73750019 1.25000477E-2 7.27259539E-5 5.71661258E-5 2.30589631E-5 2.30457117E-5 1.32508617E-8 0 0 0 0 0 0 0 0 0 5.06704588E-25 2.30456844E-5 3.21525182E-19 2.76836418E-11
6.76999998 1.99999809E-2 1.18462349E-5 4.51259766E-5 2.28502158E-5 2.28374465E-5 1.27704105E-8 0 0 0 0 0 0 0 0 0 3.98747642E-25 2.28374211E-5 2.74191219E-19 2.55391246E-11
6.80749989 1.74999237E-2 3.89030247E-5 4.78816037E-5 2.26123393E-5 2.26000957E-5 1.22426567E-8 0 0 0 0 0 0 0 0 0 3.01213077E-25 2.2600072E-5 2.27733292E-19 2.32706979E-11
6.84499979 1.99999809E-2 7.0031856E-6 4.39212345E-5 2.23777915E-5 2.236605E-5 1.17403802E-8 0 0 0 0 0 0 0 0 0 2.27689786E-25 2.236603E-5 1.89173595E-19 2.12104431E-11
6.88249969 1.75001621E-2 1.91577074E-5 4.9988339E-5 2.21465434E-5 2.21352857E-5 1.12583605E-8 0 0 0 0 0 0 0 0 0 1.71619574E-25 2.21352657E-5 1.56948758E-19 1.93290176E-11
6.91750002 1.74999237E-2 -7.90858903E-5 5.06744109E-5 2.19339781E-5 2.19231533E-5 1.08255183E-8 0 0 0 0 0 0 0 0 0 1.31830429E-25 2.19231351E-5 1.3189086E-19 1.77266847E-11
6.95249987 1.74999237E-2 1.03229095E-5 5.02808361E-5 2.17245815E-5 2.17141715E-5 1.04096118E-8 0 0 0 0 0 0 0 0 0 1.0123468E-25 2.17141551E-5 1.10883393E-19 1.6259839E-11
6.98250008 1.25000477E-2 7.41890108E-5 6.06971771E-5 2.15474847E-5 2.15374184E-5 1.00668478E-8 0 0 0 0 0 0 0 0 0 8.06117977E-26 2.15374039E-5 9.55597559E-20 1.50999734E-11
